erzi       fn  Erzinican Meteorological Station, 13 Mar 92 E,   0.000    0.000  
   4156    5.00000E-03  0  0  0.  0.  0.  0.  0.
  0.28372E+02  0.41781E+01  0.17984E+02  0.14897E+02  0.11212E+02  0.10934E+02
  0.97964E+01  0.95724E+01  0.92669E+01  0.95273E+01  0.10097E+02  0.97621E+01
  0.72314E+01  0.58519E+01  0.26326E+01  0.49612E+00 -0.67720E+00 -0.17404E+01
  0.35935E+00  0.13005E+01  0.35663E+01  0.52412E+01  0.59047E+01  0.64465E+01
  0.21418E+01  0.11044E+01  0.23369E+01  0.97218E+00  0.12583E+01  0.13315E+01
  0.81584E+00  0.93702E+00  0.99865E+00  0.83895E+00  0.53290E+00  0.98193E-01
 -0.82916E+00 -0.16389E+01 -0.27150E+01 -0.37060E+01 -0.45757E+01 -0.53417E+01
 -0.57414E+01 -0.59575E+01 -0.55372E+01 -0.51733E+01 -0.42744E+01 -0.36341E+01
 -0.33251E+01 -0.29211E+01 -0.32522E+01 -0.34569E+01 -0.39793E+01 -0.45910E+01
 -0.49598E+01 -0.60830E+01 -0.61892E+01 -0.82884E+01 -0.14516E+02 -0.17531E+02
 -0.22495E+02 -0.25014E+02 -0.20852E+02 -0.19781E+02 -0.14451E+02 -0.10219E+02
 -0.90996E+01 -0.52416E+01 -0.48309E+01 -0.25364E+01  0.27724E+01  0.54680E+01
  0.71226E+01  0.10674E+02  0.17704E+02  0.20402E+02  0.19013E+02  0.20366E+02
  0.19233E+02  0.17741E+02  0.17010E+02  0.15382E+02  0.14213E+02  0.11613E+02
  0.14092E+02  0.98571E+01 -0.11679E+02 -0.18270E+02 -0.14678E+02 -0.21954E+02
 -0.27329E+02 -0.26515E+02 -0.26711E+02 -0.22510E+02  0.11101E+00  0.82436E+01
  0.22312E+01  0.95559E+01  0.13236E+02  0.12874E+02  0.13258E+02  0.11646E+02
  0.85114E+01  0.51925E+01  0.46501E-01 -0.42641E+01 -0.53133E+01 -0.94443E+01
 -0.15360E+02 -0.18779E+02 -0.22698E+02 -0.25188E+02 -0.28124E+02 -0.26199E+02
 -0.15742E+02 -0.83952E+01  0.83221E+01  0.19016E+02  0.20105E+02  0.26884E+02
  0.25903E+02  0.24780E+02  0.23752E+02  0.19265E+02  0.11928E+02  0.67073E+01
  0.42385E+01 -0.31523E-01 -0.25176E+01 -0.36819E+01 -0.15952E+01 -0.10528E+01
  0.72007E+00  0.13266E+01 -0.24219E+01 -0.42576E+01 -0.10153E+02 -0.13118E+02
 -0.16930E+02 -0.16538E+02 -0.26198E+01  0.34097E+01  0.14371E+02  0.23368E+02
  0.19965E+02  0.23990E+02  0.25423E+02  0.24179E+02  0.23756E+02  0.22144E+02
  0.21908E+02  0.20041E+02  0.17621E+02  0.15485E+02  0.12153E+02  0.93044E+01
  0.77883E+01  0.43703E+01  0.63598E-01 -0.34600E+01 -0.11271E+02 -0.14083E+02
 -0.11575E+02 -0.11176E+02 -0.41206E+01  0.91418E+00  0.42572E+01  0.10484E+02
  0.13649E+02  0.18909E+02  0.26090E+02  0.30994E+02  0.37976E+02  0.41921E+02
  0.41545E+02  0.41646E+02  0.36679E+02  0.33243E+02  0.24967E+02  0.21502E+02
  0.32522E+02  0.32056E+02  0.30246E+02  0.31748E+02  0.26775E+02  0.23028E+02
  0.16937E+02  0.99793E+01 -0.84519E-01 -0.67327E+01 -0.11021E+02 -0.13716E+02
 -0.61288E+01 -0.23013E+01  0.49248E+01  0.12510E+02  0.16077E+02  0.21790E+02
  0.23520E+02  0.25784E+02  0.27198E+02  0.27618E+02  0.27902E+02  0.27015E+02
  0.28167E+02  0.27386E+02  0.16515E+02  0.16270E+02  0.34087E+02  0.35214E+02
  0.28604E+02  0.32584E+02  0.30031E+02  0.30630E+02  0.38842E+02  0.41704E+02
  0.50854E+02  0.55345E+02  0.48528E+02  0.50134E+02  0.50709E+02  0.49142E+02
  0.51858E+02  0.52124E+02  0.53807E+02  0.54505E+02  0.53273E+02  0.52356E+02
  0.48226E+02  0.45333E+02  0.41892E+02  0.38635E+02  0.37708E+02  0.35697E+02
  0.36018E+02  0.35426E+02  0.32267E+02  0.31917E+02  0.33464E+02  0.32950E+02
  0.32094E+02  0.31654E+02  0.31422E+02  0.29845E+02  0.23545E+02  0.21435E+02
  0.23103E+02  0.20680E+02  0.22276E+02  0.20045E+02  0.97375E+01  0.52417E+01
 -0.42264E+01 -0.97026E+01 -0.44915E+01 -0.58050E+01 -0.17644E+01  0.59938E+00
 -0.26384E+01 -0.26793E+01 -0.82705E+01 -0.11697E+02 -0.14602E+02 -0.17757E+02
 -0.16759E+02 -0.17475E+02 -0.14373E+02 -0.13133E+02 -0.18622E+02 -0.16470E+02
 -0.11925E+02 -0.79564E+01  0.42352E+01  0.12962E+02  0.23542E+02  0.32031E+02
  0.37832E+02  0.39803E+02  0.24756E+02  0.19505E+02  0.10894E+02  0.35329E+01
  0.13779E+02  0.13620E+02  0.16587E+02  0.21440E+02  0.22714E+02  0.23891E+02
  0.18716E+02  0.14316E+02  0.72696E+01 -0.19763E+01 -0.16625E+02 -0.26339E+02
 -0.33523E+02 -0.39875E+02 -0.32040E+02 -0.30951E+02 -0.33862E+02 -0.27602E+02
 -0.19562E+02 -0.12445E+02 -0.98965E+00  0.72988E+01  0.16858E+02  0.21124E+02
  0.99622E+01  0.75521E+01 -0.97253E+00 -0.77124E+01  0.38210E+00 -0.22650E+01
 -0.61468E+01 -0.41322E+01 -0.53774E+01 -0.31340E+01  0.46139E+01  0.97096E+01
  0.18602E+02  0.24537E+02  0.30781E+02  0.31533E+02  0.15594E+02  0.95417E+01
 -0.55782E+01 -0.14245E+02 -0.48198E-01 -0.44729E-01  0.19374E+01  0.10928E+02
  0.23324E+02  0.29906E+02  0.30775E+02  0.32310E+02  0.20116E+02  0.13505E+02
  0.66796E+01 -0.26821E+01 -0.59439E+01 -0.11213E+02 -0.13642E+02 -0.14367E+02
 -0.12483E+02 -0.10129E+02 -0.64345E+01 -0.19868E+01  0.18139E+01  0.60441E+01
  0.12314E+02  0.14583E+02  0.97886E+01  0.86022E+01  0.69683E+01  0.94875E+00
 -0.64928E+01 -0.13752E+02 -0.29130E+02 -0.36097E+02 -0.29516E+02 -0.32827E+02
 -0.31220E+02 -0.29605E+02 -0.36900E+02 -0.37329E+02 -0.37795E+02 -0.39940E+02
 -0.39156E+02 -0.38996E+02 -0.41104E+02 -0.38634E+02 -0.29785E+02 -0.24624E+02
 -0.17260E+02 -0.10833E+02 -0.36947E+01 -0.13174E+01 -0.14037E+02 -0.17219E+02
 -0.20386E+02 -0.27097E+02 -0.24999E+02 -0.28371E+02 -0.33934E+02 -0.35036E+02
 -0.40326E+02 -0.39306E+02 -0.29236E+02 -0.24026E+02 -0.61275E+01  0.19404E+01
 -0.92013E+01 -0.61405E+01 -0.43514E+01 -0.92713E+01 -0.13346E+02 -0.17637E+02
 -0.24918E+02 -0.28136E+02 -0.24448E+02 -0.25307E+02 -0.17311E+02 -0.16907E+02
 -0.33562E+02 -0.35005E+02 -0.42574E+02 -0.43722E+02 -0.17101E+02 -0.89944E+01
  0.24931E+01  0.14767E+02  0.77739E+01  0.10288E+02  0.55431E+01  0.10087E+01
  0.13285E+01 -0.99483E+00  0.35745E+01  0.57331E+01  0.12854E+02  0.15115E+02
  0.13548E+02  0.10088E+02 -0.11274E+02 -0.22053E+02 -0.33645E+02 -0.45635E+02
 -0.40412E+02 -0.44408E+02 -0.46638E+02 -0.44990E+02 -0.47157E+02 -0.46400E+02
 -0.47501E+02 -0.46694E+02 -0.43434E+02 -0.41392E+02 -0.34945E+02 -0.32855E+02
 -0.32785E+02 -0.34403E+02 -0.48364E+02 -0.54777E+02 -0.64429E+02 -0.71109E+02
 -0.60318E+02 -0.60364E+02 -0.59581E+02 -0.54664E+02 -0.54667E+02 -0.52439E+02
 -0.51195E+02 -0.51235E+02 -0.51769E+02 -0.53630E+02 -0.57279E+02 -0.61447E+02
 -0.67439E+02 -0.73151E+02 -0.80937E+02 -0.86700E+02 -0.85874E+02 -0.90816E+02
 -0.96281E+02 -0.10127E+03 -0.11190E+03 -0.12073E+03 -0.12907E+03 -0.14135E+03
 -0.15708E+03 -0.17009E+03 -0.18867E+03 -0.20035E+03 -0.19710E+03 -0.20308E+03
 -0.20697E+03 -0.20671E+03 -0.20986E+03 -0.20992E+03 -0.20934E+03 -0.20908E+03
 -0.20804E+03 -0.20723E+03 -0.20578E+03 -0.20553E+03 -0.20727E+03 -0.20864E+03
 -0.21189E+03 -0.21499E+03 -0.22006E+03 -0.22327E+03 -0.22287E+03 -0.22472E+03
 -0.22401E+03 -0.22428E+03 -0.22621E+03 -0.22721E+03 -0.23057E+03 -0.23315E+03
 -0.23608E+03 -0.23913E+03 -0.24147E+03 -0.24391E+03 -0.24432E+03 -0.24620E+03
 -0.24893E+03 -0.25081E+03 -0.25510E+03 -0.25726E+03 -0.25786E+03 -0.25923E+03
 -0.25688E+03 -0.25668E+03 -0.25990E+03 -0.25910E+03 -0.25767E+03 -0.25695E+03
 -0.25256E+03 -0.25064E+03 -0.25116E+03 -0.24953E+03 -0.24914E+03 -0.24917E+03
 -0.24784E+03 -0.24907E+03 -0.25198E+03 -0.25515E+03 -0.26268E+03 -0.26801E+03
 -0.27293E+03 -0.27868E+03 -0.27988E+03 -0.28389E+03 -0.29085E+03 -0.29341E+03
 -0.29442E+03 -0.29597E+03 -0.29448E+03 -0.29338E+03 -0.29147E+03 -0.28921E+03
 -0.28801E+03 -0.28589E+03 -0.28452E+03 -0.28276E+03 -0.28040E+03 -0.27915E+03
 -0.27720E+03 -0.27571E+03 -0.28056E+03 -0.27925E+03 -0.26612E+03 -0.26370E+03
 -0.27168E+03 -0.26558E+03 -0.25749E+03 -0.24804E+03 -0.22642E+03 -0.20530E+03
 -0.17541E+03 -0.14524E+03 -0.11320E+03 -0.80387E+02 -0.52664E+02 -0.22934E+02
  0.40457E+01  0.27375E+02  0.47836E+02  0.64317E+02  0.69886E+02  0.79367E+02
  0.87835E+02  0.94683E+02  0.10250E+03  0.11435E+03  0.13726E+03  0.15661E+03
  0.18379E+03  0.20870E+03  0.23239E+03  0.25527E+03  0.26527E+03  0.28062E+03
  0.29866E+03  0.30584E+03  0.30491E+03  0.30708E+03  0.30126E+03  0.29852E+03
  0.30288E+03  0.30222E+03  0.30690E+03  0.31148E+03  0.31581E+03  0.32232E+03
  0.33174E+03  0.33861E+03  0.34054E+03  0.34648E+03  0.35504E+03  0.35838E+03
  0.35809E+03  0.35962E+03  0.35856E+03  0.35702E+03  0.35439E+03  0.35246E+03
  0.35358E+03  0.35227E+03  0.35300E+03  0.35209E+03  0.34732E+03  0.34513E+03
  0.33987E+03  0.33761E+03  0.33786E+03  0.33944E+03  0.34961E+03  0.35728E+03
  0.36715E+03  0.37859E+03  0.39024E+03  0.40088E+03  0.40658E+03  0.41396E+03
  0.42167E+03  0.42390E+03  0.42095E+03  0.41861E+03  0.40886E+03  0.40221E+03
  0.40058E+03  0.39342E+03  0.39073E+03  0.38423E+03  0.37411E+03  0.36398E+03
  0.34611E+03  0.33095E+03  0.31357E+03  0.29729E+03  0.28545E+03  0.27192E+03
  0.26870E+03  0.25869E+03  0.23690E+03  0.22754E+03  0.22320E+03  0.21287E+03
  0.20453E+03  0.19853E+03  0.19084E+03  0.18746E+03  0.18586E+03  0.18846E+03
  0.19863E+03  0.21010E+03  0.23257E+03  0.25045E+03  0.27152E+03  0.28792E+03
  0.28748E+03  0.29328E+03  0.29208E+03  0.28536E+03  0.27502E+03  0.26173E+03
  0.24541E+03  0.22797E+03  0.21046E+03  0.19168E+03  0.17877E+03  0.15887E+03
  0.13764E+03  0.11367E+03  0.76605E+02  0.45883E+02  0.10150E+02 -0.22913E+02
 -0.43553E+02 -0.71691E+02 -0.92329E+02 -0.11561E+03 -0.14799E+03 -0.17203E+03
 -0.20044E+03 -0.22311E+03 -0.24109E+03 -0.25357E+03 -0.24539E+03 -0.24518E+03
 -0.23827E+03 -0.22850E+03 -0.23600E+03 -0.22620E+03 -0.20026E+03 -0.18824E+03
 -0.18830E+03 -0.16628E+03 -0.13424E+03 -0.10336E+03 -0.50741E+02 -0.36830E+01
  0.49642E+02  0.10117E+03  0.14222E+03  0.18380E+03  0.21017E+03  0.23604E+03
  0.24862E+03  0.26256E+03  0.28039E+03  0.28800E+03  0.30318E+03  0.30678E+03
  0.29480E+03  0.28864E+03  0.27723E+03  0.25902E+03  0.23687E+03  0.21347E+03
  0.18656E+03  0.16003E+03  0.13820E+03  0.11333E+03  0.86541E+02  0.66617E+02
  0.55966E+02  0.40508E+02  0.31625E+02  0.21132E+02 -0.27344E+01 -0.11953E+02
 -0.15037E+02 -0.20681E+02 -0.14156E+02 -0.10185E+02 -0.38772E+01  0.40222E+01
  0.91473E+01  0.15363E+02  0.15218E+02  0.19250E+02  0.21424E+02  0.26220E+02
  0.40419E+02  0.49120E+02  0.62747E+02  0.74617E+02  0.76825E+02  0.85558E+02
  0.10055E+03  0.10454E+03  0.95494E+02  0.96865E+02  0.99886E+02  0.97026E+02
  0.10030E+03  0.99327E+02  0.92812E+02  0.90245E+02  0.88919E+02  0.84585E+02
  0.73287E+02  0.70754E+02  0.78835E+02  0.79680E+02  0.84001E+02  0.90729E+02
  0.95670E+02  0.10258E+03  0.11083E+03  0.11676E+03  0.12020E+03  0.12398E+03
  0.12422E+03  0.12463E+03  0.12397E+03  0.12251E+03  0.12125E+03  0.11908E+03
  0.12014E+03  0.11625E+03  0.10984E+03  0.10210E+03  0.84356E+02  0.71251E+02
  0.57293E+02  0.42631E+02  0.33529E+02  0.23179E+02  0.17190E+02  0.11763E+02
  0.88631E+01  0.63946E+01  0.35678E+01  0.18989E+01 -0.75456E+00 -0.32134E+01
 -0.63515E+01 -0.10382E+02 -0.14163E+02 -0.20954E+02 -0.31158E+02 -0.41858E+02
 -0.58880E+02 -0.72788E+02 -0.87345E+02 -0.10073E+03 -0.10360E+03 -0.11383E+03
 -0.12255E+03 -0.13135E+03 -0.15295E+03 -0.16406E+03 -0.17083E+03 -0.18118E+03
 -0.18162E+03 -0.18644E+03 -0.19461E+03 -0.19621E+03 -0.20307E+03 -0.20350E+03
 -0.18617E+03 -0.18310E+03 -0.18929E+03 -0.18440E+03 -0.18496E+03 -0.18407E+03
 -0.17895E+03 -0.17510E+03 -0.16755E+03 -0.15952E+03 -0.14853E+03 -0.13799E+03
 -0.12724E+03 -0.11655E+03 -0.10787E+03 -0.99701E+02 -0.94628E+02 -0.89479E+02
 -0.88641E+02 -0.85669E+02 -0.77431E+02 -0.75089E+02 -0.73617E+02 -0.71713E+02
 -0.73177E+02 -0.74717E+02 -0.78330E+02 -0.82014E+02 -0.87488E+02 -0.91766E+02
 -0.91040E+02 -0.94454E+02 -0.99641E+02 -0.10237E+03 -0.10443E+03 -0.10849E+03
 -0.11619E+03 -0.11976E+03 -0.12373E+03 -0.12530E+03 -0.11928E+03 -0.11496E+03
 -0.10810E+03 -0.97840E+02 -0.82759E+02 -0.70248E+02 -0.58007E+02 -0.46164E+02
 -0.41710E+02 -0.34102E+02 -0.28868E+02 -0.25091E+02 -0.18654E+02 -0.16112E+02
 -0.16837E+02 -0.15509E+02 -0.14293E+02 -0.14962E+02 -0.14262E+02 -0.15434E+02
 -0.20603E+02 -0.22861E+02 -0.23180E+02 -0.25554E+02 -0.29966E+02 -0.29510E+02
 -0.23920E+02 -0.20522E+02 -0.10142E+02 -0.34743E+01 -0.33001E+01  0.25555E+01
  0.68880E+01  0.95630E+01  0.14527E+02  0.15602E+02  0.14516E+02  0.11753E+02
  0.30190E+01 -0.53684E+01 -0.17773E+02 -0.30100E+02 -0.42590E+02 -0.54621E+02
 -0.64614E+02 -0.72206E+02 -0.74151E+02 -0.74811E+02 -0.67687E+02 -0.61921E+02
 -0.53461E+02 -0.45192E+02 -0.43632E+02 -0.36682E+02 -0.33396E+02 -0.27040E+02
 -0.13955E+02 -0.46576E+01  0.10587E+02  0.22405E+02  0.28193E+02  0.37666E+02
  0.43851E+02  0.48881E+02  0.51968E+02  0.55112E+02  0.58977E+02  0.61440E+02
  0.65373E+02  0.67258E+02  0.70677E+02  0.70234E+02  0.61658E+02  0.57153E+02
  0.52208E+02  0.42510E+02  0.35976E+02  0.23047E+02 -0.18169E+01 -0.19527E+02
 -0.35856E+02 -0.58199E+02 -0.75128E+02 -0.98203E+02 -0.13012E+03 -0.15612E+03
 -0.18723E+03 -0.21433E+03 -0.23375E+03 -0.25453E+03 -0.26496E+03 -0.27703E+03
 -0.28788E+03 -0.29435E+03 -0.30384E+03 -0.30728E+03 -0.30661E+03 -0.30480E+03
 -0.29966E+03 -0.29009E+03 -0.27239E+03 -0.25677E+03 -0.23663E+03 -0.21836E+03
 -0.20729E+03 -0.19257E+03 -0.18262E+03 -0.17364E+03 -0.16758E+03 -0.16053E+03
 -0.15518E+03 -0.14636E+03 -0.12883E+03 -0.11491E+03 -0.93618E+02 -0.76080E+02
 -0.60440E+02 -0.45964E+02 -0.45471E+02 -0.38794E+02 -0.30215E+02 -0.29742E+02
 -0.33964E+02 -0.34817E+02 -0.33658E+02 -0.36614E+02 -0.37585E+02 -0.40009E+02
 -0.46857E+02 -0.49968E+02 -0.50976E+02 -0.54073E+02 -0.54598E+02 -0.55819E+02
 -0.59154E+02 -0.59591E+02 -0.58678E+02 -0.58141E+02 -0.56406E+02 -0.53258E+02
 -0.49553E+02 -0.43780E+02 -0.33348E+02 -0.25169E+02 -0.16835E+02 -0.69001E+01
 -0.26993E+01  0.84943E+01  0.24899E+02  0.39035E+02  0.65586E+02  0.82673E+02
  0.90682E+02  0.10415E+03  0.10632E+03  0.11097E+03  0.11868E+03  0.11904E+03
  0.11842E+03  0.11665E+03  0.11097E+03  0.10541E+03  0.98161E+02  0.90697E+02
  0.83465E+02  0.76772E+02  0.72855E+02  0.68595E+02  0.67412E+02  0.65853E+02
  0.64221E+02  0.64126E+02  0.63467E+02  0.64068E+02  0.65058E+02  0.66756E+02
  0.70768E+02  0.73850E+02  0.76468E+02  0.80068E+02  0.85224E+02  0.87632E+02
  0.86041E+02  0.87139E+02  0.84359E+02  0.84731E+02  0.91179E+02  0.93917E+02
  0.10159E+03  0.10644E+03  0.10888E+03  0.11058E+03  0.10517E+03  0.10107E+03
  0.90293E+02  0.82517E+02  0.79452E+02  0.72261E+02  0.71269E+02  0.66554E+02
  0.58217E+02  0.52621E+02  0.43383E+02  0.35309E+02  0.27512E+02  0.19344E+02
  0.13823E+02  0.67506E+01  0.68938E+00 -0.59371E+01 -0.14863E+02 -0.22432E+02
 -0.31433E+02 -0.39107E+02 -0.45835E+02 -0.53286E+02 -0.52340E+02 -0.58974E+02
 -0.83007E+02 -0.89882E+02 -0.84246E+02 -0.91209E+02 -0.94577E+02 -0.95423E+02
 -0.10135E+03 -0.10272E+03 -0.10396E+03 -0.10299E+03 -0.10002E+03 -0.92957E+02
 -0.73476E+02 -0.60689E+02 -0.44369E+02 -0.29718E+02 -0.30376E+02 -0.20529E+02
 -0.11592E+02 -0.50342E+01  0.94647E+01  0.18646E+02  0.28971E+02  0.38173E+02
  0.40914E+02  0.46649E+02  0.49300E+02  0.51879E+02  0.59342E+02  0.60152E+02
  0.60628E+02  0.57835E+02  0.42527E+02  0.33922E+02  0.21209E+02  0.11109E+02
  0.11705E+02  0.88088E+01  0.14659E+02  0.19107E+02  0.28306E+02  0.34456E+02
  0.25218E+02  0.28453E+02  0.37918E+02  0.37801E+02  0.37387E+02  0.39553E+02
  0.36345E+02  0.37855E+02  0.47984E+02  0.51003E+02  0.55023E+02  0.59464E+02
  0.56241E+02  0.57971E+02  0.60359E+02  0.61174E+02  0.65590E+02  0.68002E+02
  0.72861E+02  0.75031E+02  0.71697E+02  0.70757E+02  0.69032E+02  0.63497E+02
  0.54017E+02  0.45829E+02  0.33948E+02  0.24712E+02  0.19526E+02  0.13490E+02
  0.13951E+02  0.13422E+02  0.14170E+02  0.16997E+02  0.21189E+02  0.24667E+02
  0.25382E+02  0.28074E+02  0.31277E+02  0.31884E+02  0.29837E+02  0.28886E+02
  0.25433E+02  0.23281E+02  0.22079E+02  0.21503E+02  0.26059E+02  0.27979E+02
  0.33126E+02  0.35548E+02  0.32292E+02  0.30696E+02  0.25542E+02  0.18528E+02
  0.40713E+01 -0.48035E+01 -0.87875E+01 -0.15951E+02 -0.14008E+02 -0.16134E+02
 -0.20843E+02 -0.21453E+02 -0.25028E+02 -0.26820E+02 -0.26826E+02 -0.27858E+02
 -0.27458E+02 -0.27862E+02 -0.26698E+02 -0.27996E+02 -0.36977E+02 -0.39399E+02
 -0.40736E+02 -0.43000E+02 -0.36545E+02 -0.35016E+02 -0.35861E+02 -0.32823E+02
 -0.31736E+02 -0.30157E+02 -0.27743E+02 -0.26163E+02 -0.25384E+02 -0.23049E+02
 -0.20747E+02 -0.17816E+02 -0.81662E+01 -0.49585E+01 -0.79995E+01 -0.66850E+01
 -0.97510E+01 -0.12508E+02 -0.14353E+02 -0.17584E+02 -0.17735E+02 -0.20365E+02
 -0.24727E+02 -0.27622E+02 -0.30310E+02 -0.35226E+02 -0.40556E+02 -0.47363E+02
 -0.60666E+02 -0.69579E+02 -0.76551E+02 -0.85349E+02 -0.90472E+02 -0.95592E+02
 -0.98949E+02 -0.10121E+03 -0.10157E+03 -0.10202E+03 -0.10285E+03 -0.10254E+03
 -0.10288E+03 -0.10276E+03 -0.10287E+03 -0.10265E+03 -0.10223E+03 -0.10153E+03
 -0.10041E+03 -0.98768E+02 -0.96238E+02 -0.93460E+02 -0.89327E+02 -0.85913E+02
 -0.82387E+02 -0.78657E+02 -0.78888E+02 -0.75658E+02 -0.65835E+02 -0.62650E+02
 -0.64689E+02 -0.61377E+02 -0.57896E+02 -0.56230E+02 -0.56316E+02 -0.52281E+02
 -0.43741E+02 -0.36682E+02 -0.23638E+02 -0.12642E+02 -0.44966E+01  0.70956E+01
  0.18705E+02  0.27869E+02  0.36881E+02  0.42966E+02  0.42507E+02  0.43882E+02
  0.41017E+02  0.38583E+02  0.38802E+02  0.37103E+02  0.34574E+02  0.36769E+02
  0.46009E+02  0.52699E+02  0.65631E+02  0.76378E+02  0.83039E+02  0.92869E+02
  0.98249E+02  0.10458E+03  0.11229E+03  0.11594E+03  0.11905E+03  0.11986E+03
  0.11355E+03  0.11030E+03  0.10694E+03  0.10114E+03  0.97439E+02  0.92426E+02
  0.86521E+02  0.82408E+02  0.79956E+02  0.76830E+02  0.75841E+02  0.74175E+02
  0.70748E+02  0.69395E+02  0.68902E+02  0.67559E+02  0.66002E+02  0.64716E+02
  0.67176E+02  0.63411E+02  0.55232E+02  0.46102E+02  0.24451E+02  0.90481E+01
 -0.98491E+01 -0.25699E+02 -0.24277E+02 -0.33252E+02 -0.40646E+02 -0.43542E+02
 -0.50195E+02 -0.53892E+02 -0.58691E+02 -0.61560E+02 -0.62782E+02 -0.63346E+02
 -0.57724E+02 -0.55919E+02 -0.56857E+02 -0.54583E+02 -0.55796E+02 -0.55127E+02
 -0.51979E+02 -0.51571E+02 -0.48561E+02 -0.48431E+02 -0.54993E+02 -0.57343E+02
 -0.58399E+02 -0.63756E+02 -0.70603E+02 -0.75819E+02 -0.86058E+02 -0.89880E+02
 -0.85591E+02 -0.83249E+02 -0.72874E+02 -0.62509E+02 -0.46461E+02 -0.32778E+02
 -0.28480E+02 -0.16017E+02 -0.14319E+01  0.77007E+01  0.16359E+02  0.24100E+02
  0.28316E+02  0.32370E+02  0.32891E+02  0.32105E+02  0.37849E+02  0.33389E+02
  0.62962E+01 -0.67835E+00  0.71476E+01  0.47407E+00  0.48062E+00  0.36275E+01
  0.60213E+01  0.10461E+02  0.17286E+02  0.22505E+02  0.22160E+02  0.26329E+02
  0.36833E+02  0.38007E+02  0.29185E+02  0.30362E+02  0.21638E+02  0.24666E+02
  0.58497E+02  0.69787E+02  0.85978E+02  0.10435E+03  0.89217E+02  0.99245E+02
  0.13638E+03  0.14180E+03  0.13227E+03  0.14072E+03  0.14229E+03  0.14396E+03
  0.15580E+03  0.16193E+03  0.17437E+03  0.18304E+03  0.18668E+03  0.19178E+03
  0.19038E+03  0.18705E+03  0.18309E+03  0.17254E+03  0.14496E+03  0.12949E+03
  0.12404E+03  0.10830E+03  0.97604E+02  0.89345E+02  0.83679E+02  0.77599E+02
  0.74889E+02  0.68044E+02  0.53130E+02  0.45606E+02  0.23381E+02  0.15053E+02
  0.49339E+02  0.46049E+02  0.11521E+02  0.11923E+02  0.12348E+02  0.38648E+01
  0.69284E+01  0.69380E+01  0.65817E+01  0.98487E+01  0.16575E+02  0.19507E+02
  0.20507E+02  0.21181E+02  0.12253E+02  0.89073E+01  0.47381E+01  0.12115E+01
  0.58624E+01  0.75810E+01  0.14988E+02  0.20784E+02  0.25567E+02  0.30879E+02
  0.28049E+02  0.30925E+02  0.35317E+02  0.36814E+02  0.45190E+02  0.48291E+02
  0.46313E+02  0.43772E+02  0.49840E+02  0.36726E+02 -0.23136E+02 -0.46172E+02
 -0.48925E+02 -0.76312E+02 -0.87123E+02 -0.98311E+02 -0.11653E+03 -0.12264E+03
 -0.12272E+03 -0.12284E+03 -0.11702E+03 -0.10787E+03 -0.91193E+02 -0.76996E+02
 -0.61602E+02 -0.48612E+02 -0.42488E+02 -0.36991E+02 -0.49986E+02 -0.51959E+02
 -0.45914E+02 -0.49407E+02 -0.42602E+02 -0.41824E+02 -0.45760E+02 -0.47146E+02
 -0.58674E+02 -0.63673E+02 -0.68531E+02 -0.71114E+02 -0.59999E+02 -0.55260E+02
 -0.42859E+02 -0.33318E+02 -0.36165E+02 -0.29030E+02 -0.21052E+02 -0.18819E+02
 -0.13284E+02 -0.11734E+02 -0.24654E+02 -0.24680E+02 -0.14836E+02 -0.13456E+02
 -0.22688E+01  0.42303E+01  0.74627E+01  0.11196E+02  0.39843E+00 -0.21668E+01
  0.38260E+00 -0.53424E+01 -0.10472E+02 -0.14457E+02 -0.20015E+02 -0.24104E+02
 -0.27645E+02 -0.30528E+02 -0.25944E+02 -0.27787E+02 -0.36138E+02 -0.38861E+02
 -0.45187E+02 -0.50851E+02 -0.54192E+02 -0.57888E+02 -0.60027E+02 -0.60505E+02
 -0.53283E+02 -0.51355E+02 -0.54284E+02 -0.52021E+02 -0.51933E+02 -0.52100E+02
 -0.51674E+02 -0.51404E+02 -0.50445E+02 -0.49283E+02 -0.46556E+02 -0.44494E+02
 -0.41903E+02 -0.39875E+02 -0.38692E+02 -0.37870E+02 -0.40343E+02 -0.41154E+02
 -0.40911E+02 -0.42567E+02 -0.44489E+02 -0.45640E+02 -0.46453E+02 -0.47358E+02
 -0.47225E+02 -0.47455E+02 -0.47773E+02 -0.47517E+02 -0.48137E+02 -0.47210E+02
 -0.45394E+02 -0.42859E+02 -0.37321E+02 -0.32501E+02 -0.26139E+02 -0.20262E+02
 -0.15212E+02 -0.99514E+01 -0.95254E+01 -0.54651E+01  0.30863E+01  0.62847E+01
  0.10492E+02  0.12960E+02  0.83583E+01  0.71033E+01  0.36186E+01  0.15934E+00
 -0.71871E+00 -0.26612E+01 -0.40797E+00  0.21502E+00 -0.11913E+01  0.81112E+00
  0.59255E+01  0.78224E+01  0.84914E+01  0.99166E+01  0.91995E+01  0.77905E+01
  0.41212E+01  0.43044E+00 -0.47948E+01 -0.96083E+01 -0.13950E+02 -0.17874E+02
 -0.19712E+02 -0.20789E+02 -0.20174E+02 -0.17469E+02 -0.99205E+01 -0.41058E+01
  0.31277E+01  0.10825E+02  0.12964E+02  0.20097E+02  0.31697E+02  0.38160E+02
  0.44356E+02  0.50816E+02  0.53037E+02  0.56499E+02  0.59935E+02  0.60879E+02
  0.60806E+02  0.60310E+02  0.57081E+02  0.55536E+02  0.55052E+02  0.54170E+02
  0.57102E+02  0.58170E+02  0.59574E+02  0.61341E+02  0.61379E+02  0.61925E+02
  0.61123E+02  0.60383E+02  0.59097E+02  0.57806E+02  0.56830E+02  0.55875E+02
  0.56315E+02  0.55299E+02  0.56424E+02  0.54511E+02  0.44458E+02  0.40213E+02
  0.39166E+02  0.32654E+02  0.26299E+02  0.20169E+02  0.11671E+02  0.37360E+01
 -0.39096E+01 -0.12924E+02 -0.23001E+02 -0.32083E+02 -0.42142E+02 -0.50259E+02
 -0.55825E+02 -0.60859E+02 -0.61503E+02 -0.62671E+02 -0.61616E+02 -0.60314E+02
 -0.61261E+02 -0.59881E+02 -0.57664E+02 -0.56986E+02 -0.58452E+02 -0.58227E+02
 -0.56314E+02 -0.57248E+02 -0.60512E+02 -0.61803E+02 -0.65415E+02 -0.66466E+02
 -0.65233E+02 -0.62548E+02 -0.53690E+02 -0.44982E+02 -0.32085E+02 -0.18611E+02
 -0.24361E+01  0.11502E+02  0.21295E+02  0.32279E+02  0.34958E+02  0.41041E+02
  0.51452E+02  0.54618E+02  0.55871E+02  0.57457E+02  0.56208E+02  0.53471E+02
  0.47819E+02  0.42360E+02  0.35012E+02  0.28654E+02  0.25513E+02  0.20733E+02
  0.18210E+02  0.16177E+02  0.14170E+02  0.13914E+02  0.15453E+02  0.16628E+02
  0.18536E+02  0.20525E+02  0.23258E+02  0.23902E+02  0.21916E+02  0.19918E+02
  0.12180E+02  0.67239E+01  0.49333E+01 -0.26846E+01 -0.12801E+02 -0.20855E+02
 -0.32923E+02 -0.42153E+02 -0.45847E+02 -0.52971E+02 -0.60076E+02 -0.63208E+02
 -0.64132E+02 -0.64574E+02 -0.59987E+02 -0.57546E+02 -0.56283E+02 -0.53525E+02
 -0.54403E+02 -0.53622E+02 -0.53072E+02 -0.53343E+02 -0.52917E+02 -0.53182E+02
 -0.52845E+02 -0.53212E+02 -0.55653E+02 -0.56440E+02 -0.55398E+02 -0.56513E+02
 -0.58449E+02 -0.59550E+02 -0.60944E+02 -0.62575E+02 -0.66549E+02 -0.67310E+02
 -0.64673E+02 -0.63333E+02 -0.57957E+02 -0.53654E+02 -0.49955E+02 -0.45018E+02
 -0.42307E+02 -0.38130E+02 -0.34157E+02 -0.30205E+02 -0.24642E+02 -0.19861E+02
 -0.15791E+02 -0.10665E+02 -0.23924E+01  0.19675E+01  0.20034E+01  0.47502E+01
  0.51425E+01  0.51656E+01  0.60565E+01  0.57363E+01  0.60067E+01  0.58433E+01
  0.56118E+01  0.53362E+01  0.46561E+01  0.42030E+01  0.35873E+01  0.31818E+01
  0.31180E+01  0.31202E+01  0.39881E+01  0.43485E+01  0.50405E+01  0.51492E+01
  0.42011E+01  0.31620E+01  0.76434E+00 -0.18451E+01 -0.53278E+01 -0.90293E+01
 -0.13569E+02 -0.17377E+02 -0.20268E+02 -0.23172E+02 -0.23610E+02 -0.25052E+02
 -0.26662E+02 -0.27195E+02 -0.28654E+02 -0.28994E+02 -0.28362E+02 -0.27998E+02
 -0.26711E+02 -0.25406E+02 -0.23904E+02 -0.22339E+02 -0.21185E+02 -0.19411E+02
 -0.19546E+02 -0.17050E+02 -0.10237E+02 -0.64864E+01 -0.94734E+00  0.37938E+01
  0.45356E+01  0.73067E+01  0.93012E+01  0.98748E+01  0.84178E+01  0.86831E+01
  0.96291E+01  0.11029E+02  0.15569E+02  0.19806E+02  0.28358E+02  0.34251E+02
  0.38531E+02  0.43299E+02  0.42157E+02  0.43561E+02  0.44769E+02  0.44115E+02
  0.45168E+02  0.44428E+02  0.43000E+02  0.41616E+02  0.38737E+02  0.36189E+02
  0.34045E+02  0.30715E+02  0.27059E+02  0.23379E+02  0.18102E+02  0.14432E+02
  0.11241E+02  0.90442E+01  0.10155E+02  0.10974E+02  0.14371E+02  0.17982E+02
  0.21925E+02  0.26634E+02  0.30905E+02  0.35316E+02  0.38922E+02  0.42357E+02
  0.44902E+02  0.47025E+02  0.48353E+02  0.49092E+02  0.49337E+02  0.48674E+02
  0.46998E+02  0.45029E+02  0.41903E+02  0.38960E+02  0.36009E+02  0.33017E+02
  0.30654E+02  0.28607E+02  0.27480E+02  0.26961E+02  0.27625E+02  0.28888E+02
  0.31617E+02  0.34280E+02  0.38075E+02  0.41080E+02  0.42433E+02  0.44376E+02
  0.44655E+02  0.44714E+02  0.44213E+02  0.42871E+02  0.41120E+02  0.38553E+02
  0.35713E+02  0.31754E+02  0.26125E+02  0.20734E+02  0.14258E+02  0.78411E+01
  0.18552E+01 -0.43640E+01 -0.99693E+01 -0.15037E+02 -0.19425E+02 -0.22748E+02
 -0.24539E+02 -0.25444E+02 -0.24659E+02 -0.22734E+02 -0.19079E+02 -0.14530E+02
 -0.83561E+01 -0.18501E+01  0.53720E+01  0.12506E+02  0.19087E+02  0.25585E+02
  0.29297E+02  0.34636E+02  0.40941E+02  0.45209E+02  0.50650E+02  0.54508E+02
  0.53521E+02  0.56500E+02  0.60890E+02  0.64047E+02  0.71465E+02  0.76724E+02
  0.82570E+02  0.87622E+02  0.89721E+02  0.92024E+02  0.89903E+02  0.89225E+02
  0.88657E+02  0.86928E+02  0.86719E+02  0.86207E+02  0.86714E+02  0.87632E+02
  0.90035E+02  0.92016E+02  0.94362E+02  0.96562E+02  0.97432E+02  0.98833E+02
  0.99353E+02  0.99475E+02  0.10072E+03  0.99059E+02  0.95949E+02  0.91183E+02
  0.80877E+02  0.71881E+02  0.59803E+02  0.48653E+02  0.38942E+02  0.29800E+02
  0.26639E+02  0.21647E+02  0.20204E+02  0.18120E+02  0.14712E+02  0.11723E+02
  0.49020E+01 -0.40726E+00 -0.10245E+02 -0.16293E+02 -0.16462E+02 -0.20027E+02
 -0.20274E+02 -0.19546E+02 -0.18760E+02 -0.16260E+02 -0.12908E+02 -0.93357E+01
 -0.58417E+01 -0.14449E+01  0.27911E+01  0.76232E+01  0.13751E+02  0.18789E+02
  0.24181E+02  0.28610E+02  0.30146E+02  0.33027E+02  0.34103E+02  0.35884E+02
  0.39748E+02  0.42163E+02  0.46138E+02  0.49362E+02  0.52486E+02  0.54970E+02
  0.54931E+02  0.55722E+02  0.55379E+02  0.54418E+02  0.54085E+02  0.52272E+02
  0.49183E+02  0.46472E+02  0.44063E+02  0.40112E+02  0.34826E+02  0.30180E+02
  0.24132E+02  0.19092E+02  0.15956E+02  0.11958E+02  0.90967E+01  0.69471E+01
  0.54551E+01  0.46055E+01  0.49927E+01  0.50787E+01  0.54283E+01  0.56853E+01
  0.45267E+01  0.41764E+01  0.30421E+01  0.21068E+01  0.21264E+01  0.11415E+01
  0.48762E+00 -0.72172E+00 -0.33174E+01 -0.53110E+01 -0.81879E+01 -0.10868E+02
 -0.12256E+02 -0.14998E+02 -0.18207E+02 -0.20858E+02 -0.24422E+02 -0.27335E+02
 -0.28927E+02 -0.31564E+02 -0.34222E+02 -0.36430E+02 -0.39147E+02 -0.41350E+02
 -0.43335E+02 -0.45111E+02 -0.46212E+02 -0.47198E+02 -0.47609E+02 -0.47827E+02
 -0.47791E+02 -0.47444E+02 -0.46928E+02 -0.46411E+02 -0.45883E+02 -0.44858E+02
 -0.45822E+02 -0.44132E+02 -0.36673E+02 -0.33843E+02 -0.33265E+02 -0.29982E+02
 -0.26705E+02 -0.25927E+02 -0.29087E+02 -0.29704E+02 -0.31233E+02 -0.32944E+02
 -0.30941E+02 -0.31608E+02 -0.32394E+02 -0.32723E+02 -0.34324E+02 -0.35983E+02
 -0.39734E+02 -0.42142E+02 -0.44319E+02 -0.46387E+02 -0.45943E+02 -0.46096E+02
 -0.45842E+02 -0.44364E+02 -0.40230E+02 -0.38127E+02 -0.39450E+02 -0.36797E+02
 -0.34722E+02 -0.31491E+02 -0.22501E+02 -0.17067E+02 -0.99543E+01 -0.39628E+01
 -0.45685E+01 -0.12939E+01  0.14002E+01  0.21925E+01  0.39119E+01  0.47740E+01
  0.56869E+01  0.63539E+01  0.66495E+01  0.70877E+01  0.73531E+01  0.77046E+01
  0.84953E+01  0.89465E+01  0.95867E+01  0.10341E+02  0.99516E+01  0.11014E+02
  0.14714E+02  0.15856E+02  0.17757E+02  0.18230E+02  0.13892E+02  0.11651E+02
  0.77551E+01  0.31758E+01 -0.84543E+00 -0.52722E+01 -0.83352E+01 -0.12296E+02
 -0.14033E+02 -0.18151E+02 -0.27021E+02 -0.31848E+02 -0.38343E+02 -0.43248E+02
 -0.41552E+02 -0.43428E+02 -0.44174E+02 -0.43428E+02 -0.44082E+02 -0.43525E+02
 -0.43177E+02 -0.42817E+02 -0.42441E+02 -0.42087E+02 -0.41751E+02 -0.41462E+02
 -0.41224E+02 -0.41066E+02 -0.40910E+02 -0.40921E+02 -0.41418E+02 -0.41490E+02
 -0.41799E+02 -0.41537E+02 -0.40387E+02 -0.39103E+02 -0.36738E+02 -0.34100E+02
 -0.30526E+02 -0.26920E+02 -0.22957E+02 -0.19055E+02 -0.15647E+02 -0.12373E+02
 -0.99104E+01 -0.73934E+01 -0.73018E+01 -0.52925E+01  0.10219E+01  0.27799E+01
  0.37051E+01  0.45103E+01  0.12838E+01 -0.15426E+01 -0.77654E+01 -0.12876E+02
 -0.17590E+02 -0.22375E+02 -0.22806E+02 -0.25395E+02 -0.26846E+02 -0.27804E+02
 -0.30662E+02 -0.31727E+02 -0.32466E+02 -0.33658E+02 -0.33924E+02 -0.34734E+02
 -0.36325E+02 -0.37215E+02 -0.38539E+02 -0.39388E+02 -0.40104E+02 -0.40155E+02
 -0.37982E+02 -0.36937E+02 -0.35509E+02 -0.33934E+02 -0.33443E+02 -0.32502E+02
 -0.33021E+02 -0.32491E+02 -0.31114E+02 -0.30408E+02 -0.27357E+02 -0.26255E+02
 -0.27528E+02 -0.26975E+02 -0.27812E+02 -0.28329E+02 -0.27346E+02 -0.27677E+02
 -0.27472E+02 -0.27605E+02 -0.28886E+02 -0.29622E+02 -0.30869E+02 -0.32172E+02
 -0.33385E+02 -0.34635E+02 -0.35626E+02 -0.36430E+02 -0.36991E+02 -0.37029E+02
 -0.36121E+02 -0.35295E+02 -0.33296E+02 -0.31969E+02 -0.31374E+02 -0.30233E+02
 -0.31000E+02 -0.30391E+02 -0.27905E+02 -0.27591E+02 -0.26164E+02 -0.26222E+02
 -0.30812E+02 -0.32477E+02 -0.34196E+02 -0.37102E+02 -0.37271E+02 -0.39569E+02
 -0.43461E+02 -0.45784E+02 -0.49383E+02 -0.51807E+02 -0.53378E+02 -0.54127E+02
 -0.50685E+02 -0.49312E+02 -0.46975E+02 -0.44660E+02 -0.46103E+02 -0.44953E+02
 -0.44079E+02 -0.43721E+02 -0.42083E+02 -0.40839E+02 -0.39056E+02 -0.36987E+02
 -0.34583E+02 -0.31972E+02 -0.28967E+02 -0.26059E+02 -0.23194E+02 -0.20370E+02
 -0.18108E+02 -0.15715E+02 -0.13712E+02 -0.11747E+02 -0.99708E+01 -0.81454E+01
 -0.60948E+01 -0.42214E+01 -0.17086E+01  0.60748E-01  0.15316E+01  0.26031E+01
  0.22537E+01  0.21624E+01  0.55633E+00 -0.29512E+00  0.38575E+00 -0.56375E+00
 -0.48402E+00 -0.13153E+01 -0.48668E+01 -0.65015E+01 -0.72938E+01 -0.99018E+01
 -0.11863E+02 -0.14610E+02 -0.20595E+02 -0.23943E+02 -0.25624E+02 -0.29021E+02
 -0.29979E+02 -0.32437E+02 -0.37260E+02 -0.40030E+02 -0.44118E+02 -0.47179E+02
 -0.48425E+02 -0.49908E+02 -0.49302E+02 -0.48521E+02 -0.46902E+02 -0.44488E+02
 -0.41551E+02 -0.38315E+02 -0.34784E+02 -0.31402E+02 -0.28347E+02 -0.25571E+02
 -0.24209E+02 -0.22441E+02 -0.21525E+02 -0.20545E+02 -0.18945E+02 -0.17981E+02
 -0.16902E+02 -0.15613E+02 -0.14342E+02 -0.12710E+02 -0.11016E+02 -0.85555E+01
 -0.51849E+01 -0.15203E+01  0.41512E+01  0.87517E+01  0.13637E+02  0.17888E+02
  0.19342E+02  0.21878E+02  0.22443E+02  0.23423E+02  0.25478E+02  0.26628E+02
  0.27881E+02  0.30189E+02  0.34984E+02  0.37978E+02  0.41629E+02  0.44616E+02
  0.43833E+02  0.45231E+02  0.46269E+02  0.46466E+02  0.47756E+02  0.48230E+02
  0.49393E+02  0.49924E+02  0.49210E+02  0.48766E+02  0.49335E+02  0.47652E+02
  0.40504E+02  0.37947E+02  0.39389E+02  0.36395E+02  0.34429E+02  0.32731E+02
  0.28737E+02  0.26113E+02  0.23062E+02  0.20194E+02  0.18306E+02  0.16468E+02
  0.15885E+02  0.15264E+02  0.16362E+02  0.16076E+02  0.14547E+02  0.13500E+02
  0.87182E+01  0.64119E+01  0.59594E+01  0.36671E+01  0.38682E+01  0.27575E+01
 -0.97832E-01 -0.12905E+01 -0.33965E+01 -0.49412E+01 -0.56231E+01 -0.61926E+01
 -0.53705E+01 -0.44955E+01 -0.24405E+01 -0.56218E+00  0.15306E+01  0.34429E+01
  0.41597E+01  0.52107E+01  0.50912E+01  0.51406E+01  0.48920E+01  0.46630E+01
  0.48567E+01  0.50826E+01  0.63048E+01  0.72734E+01  0.88014E+01  0.10222E+02
  0.11489E+02  0.12735E+02  0.13083E+02  0.13837E+02  0.14143E+02  0.14612E+02
  0.15612E+02  0.16310E+02  0.17456E+02  0.18476E+02  0.19878E+02  0.20643E+02
  0.21030E+02  0.20811E+02  0.19051E+02  0.17081E+02  0.13749E+02  0.99397E+01
  0.52843E+01  0.28236E+00 -0.51546E+01 -0.10518E+02 -0.15651E+02 -0.20395E+02
 -0.24210E+02 -0.27307E+02 -0.29115E+02 -0.29963E+02 -0.28033E+02 -0.26796E+02
 -0.24986E+02 -0.22613E+02 -0.21993E+02 -0.19582E+02 -0.17525E+02 -0.14800E+02
 -0.90000E+01 -0.54933E+01 -0.21549E+01  0.13840E+01  0.11072E+01  0.34132E+01
  0.67257E+01  0.88630E+01  0.12864E+02  0.16324E+02  0.20304E+02  0.24120E+02
  0.27514E+02  0.30645E+02  0.32630E+02  0.34361E+02  0.34945E+02  0.35062E+02
  0.34307E+02  0.33097E+02  0.31151E+02  0.29219E+02  0.27109E+02  0.25146E+02
  0.24741E+02  0.23122E+02  0.21964E+02  0.20312E+02  0.16606E+02  0.14170E+02
  0.10847E+02  0.81724E+01  0.71691E+01  0.56586E+01  0.58527E+01  0.58345E+01
  0.58922E+01  0.65294E+01  0.69082E+01  0.75155E+01  0.80045E+01  0.84461E+01
  0.86302E+01  0.88655E+01  0.89022E+01  0.89475E+01  0.90255E+01  0.91334E+01
  0.88360E+01  0.94639E+01  0.10964E+02  0.12475E+02  0.16205E+02  0.18467E+02
  0.20476E+02  0.22079E+02  0.20787E+02  0.20323E+02  0.17705E+02  0.15600E+02
  0.15379E+02  0.12825E+02  0.10767E+02  0.81590E+01  0.22546E+01 -0.95450E+00
 -0.27302E+01 -0.58150E+01 -0.58669E+01 -0.76066E+01 -0.11881E+02 -0.13198E+02
 -0.14587E+02 -0.15870E+02 -0.14006E+02 -0.13908E+02 -0.15177E+02 -0.14252E+02
 -0.13248E+02 -0.12301E+02 -0.10410E+02 -0.85751E+01 -0.65708E+01 -0.41730E+01
 -0.15866E+01  0.12706E+01  0.35716E+01  0.70950E+01  0.12350E+02  0.16553E+02
  0.21825E+02  0.26370E+02  0.29192E+02  0.32629E+02  0.34339E+02  0.36648E+02
  0.37727E+02  0.40361E+02  0.47200E+02  0.50946E+02  0.56742E+02  0.61011E+02
  0.59603E+02  0.61819E+02  0.63566E+02  0.63909E+02  0.65372E+02  0.66389E+02
  0.68056E+02  0.69339E+02  0.71856E+02  0.72814E+02  0.70992E+02  0.70924E+02
  0.70092E+02  0.68625E+02  0.68735E+02  0.66980E+02  0.63219E+02  0.60975E+02
  0.58769E+02  0.55730E+02  0.53361E+02  0.50619E+02  0.46558E+02  0.44172E+02
  0.43274E+02  0.41739E+02  0.41680E+02  0.41655E+02  0.41587E+02  0.42187E+02
  0.43306E+02  0.43787E+02  0.44070E+02  0.43787E+02  0.41512E+02  0.39839E+02
  0.36964E+02  0.34269E+02  0.32232E+02  0.29778E+02  0.28179E+02  0.26571E+02
  0.25438E+02  0.24965E+02  0.23695E+02  0.24750E+02  0.29382E+02  0.32319E+02
  0.37049E+02  0.41486E+02  0.44068E+02  0.47462E+02  0.49921E+02  0.51146E+02
  0.50127E+02  0.49511E+02  0.47037E+02  0.45063E+02  0.45413E+02  0.43460E+02
  0.40977E+02  0.39588E+02  0.37926E+02  0.36351E+02  0.36168E+02  0.34653E+02
  0.32680E+02  0.30702E+02  0.26500E+02  0.23201E+02  0.20508E+02  0.16698E+02
  0.10573E+02  0.78723E+01  0.98641E+01  0.76364E+01  0.10328E+02  0.86267E+01
 -0.87104E+01 -0.12475E+02 -0.86787E+01 -0.12808E+02 -0.10852E+02 -0.92840E+01
 -0.95659E+01 -0.73014E+01 -0.54856E+01 -0.37401E+01 -0.20183E+01 -0.43552E+00
 -0.14067E+00  0.13919E+01  0.31374E+01  0.52169E+01  0.10026E+02  0.13152E+02
  0.16900E+02  0.20006E+02  0.20225E+02  0.21664E+02  0.21163E+02  0.21037E+02
  0.22085E+02  0.21849E+02  0.22344E+02  0.22489E+02  0.22167E+02  0.22104E+02
  0.21653E+02  0.21294E+02  0.20662E+02  0.20475E+02  0.20843E+02  0.21103E+02
  0.22930E+02  0.23569E+02  0.23108E+02  0.23482E+02  0.22413E+02  0.22047E+02
  0.22595E+02  0.22125E+02  0.22454E+02  0.22042E+02  0.20129E+02  0.19127E+02
  0.17762E+02  0.16102E+02  0.14808E+02  0.13329E+02  0.11494E+02  0.10350E+02
  0.10906E+02  0.99210E+01  0.88173E+01  0.74878E+01  0.41407E+01  0.13134E+01
 -0.26817E+01 -0.66531E+01 -0.10649E+02 -0.14506E+02 -0.17557E+02 -0.20542E+02
 -0.20981E+02 -0.23427E+02 -0.26622E+02 -0.29507E+02 -0.36910E+02 -0.40916E+02
 -0.43376E+02 -0.46801E+02 -0.46069E+02 -0.46982E+02 -0.47972E+02 -0.47786E+02
 -0.48763E+02 -0.48853E+02 -0.49852E+02 -0.49461E+02 -0.47618E+02 -0.45957E+02
 -0.40825E+02 -0.37992E+02 -0.36452E+02 -0.34171E+02 -0.35350E+02 -0.35274E+02
 -0.35463E+02 -0.36523E+02 -0.36943E+02 -0.37860E+02 -0.38445E+02 -0.38801E+02
 -0.40000E+02 -0.39715E+02 -0.35762E+02 -0.34594E+02 -0.35671E+02 -0.33843E+02
 -0.31202E+02 -0.30291E+02 -0.28808E+02 -0.28385E+02 -0.30521E+02 -0.31677E+02
 -0.35330E+02 -0.37386E+02 -0.37304E+02 -0.38269E+02 -0.36032E+02 -0.35025E+02
 -0.34362E+02 -0.32811E+02 -0.32946E+02 -0.31767E+02 -0.31250E+02 -0.29442E+02
 -0.25219E+02 -0.21537E+02 -0.15050E+02 -0.96970E+01 -0.44081E+01  0.74982E+00
  0.21066E+01  0.57124E+01  0.94160E+01  0.11438E+02  0.16127E+02  0.17316E+02
  0.13328E+02  0.12461E+02  0.10597E+02  0.76530E+01  0.52217E+01  0.31195E+01
  0.34848E+01  0.24966E+01  0.26209E+01  0.22028E+01  0.51925E+00 -0.11010E+01
 -0.50016E+01 -0.83398E+01 -0.12828E+02 -0.16904E+02 -0.20303E+02 -0.23548E+02
 -0.24301E+02 -0.25962E+02 -0.26532E+02 -0.27102E+02 -0.29182E+02 -0.29682E+02
 -0.30436E+02 -0.30734E+02 -0.29662E+02 -0.28871E+02 -0.27110E+02 -0.25330E+02
 -0.23463E+02 -0.21457E+02 -0.19757E+02 -0.18180E+02 -0.17163E+02 -0.16277E+02
 -0.16570E+02 -0.16190E+02 -0.15604E+02 -0.15186E+02 -0.13119E+02 -0.12321E+02
 -0.11421E+02 -0.10965E+02 -0.13023E+02 -0.13656E+02 -0.15314E+02 -0.16226E+02
 -0.14769E+02 -0.14687E+02 -0.12135E+02 -0.11034E+02 -0.13875E+02 -0.12982E+02
 -0.10592E+02 -0.10087E+02 -0.80915E+01 -0.66794E+01 -0.60991E+01 -0.52310E+01
 -0.57190E+01 -0.57326E+01 -0.61424E+01 -0.64654E+01 -0.59196E+01 -0.57994E+01
 -0.51470E+01 -0.44501E+01 -0.36322E+01 -0.26514E+01 -0.19490E+01 -0.70143E+00
  0.72390E+00  0.23906E+01  0.50331E+01  0.72275E+01  0.97694E+01  0.12011E+02
  0.13596E+02  0.15075E+02  0.15257E+02  0.15688E+02  0.15718E+02  0.15364E+02
  0.15301E+02  0.14634E+02  0.13519E+02  0.12662E+02  0.11528E+02  0.10633E+02
  0.10281E+02  0.97925E+01  0.98977E+01  0.99529E+01  0.10096E+02  0.10329E+02
  0.10940E+02  0.10915E+02  0.96340E+01  0.91984E+01  0.80361E+01  0.72941E+01
  0.80706E+01  0.78025E+01  0.77531E+01  0.80309E+01  0.77136E+01  0.80157E+01
  0.85559E+01  0.91274E+01  0.10482E+02  0.11488E+02  0.12698E+02  0.13719E+02
  0.14164E+02  0.14611E+02  0.14357E+02  0.13988E+02  0.13238E+02  0.12204E+02
  0.10934E+02  0.94799E+01  0.78938E+01  0.61820E+01  0.46571E+01  0.27825E+01
  0.82899E+00 -0.12233E+01 -0.38566E+01 -0.59834E+01 -0.85425E+01 -0.10076E+02
 -0.10217E+02 -0.10369E+02 -0.78943E+01 -0.64543E+01 -0.61521E+01 -0.38208E+01
 -0.20295E+01  0.43232E+00  0.57836E+01  0.87111E+01  0.10194E+02  0.12890E+02
  0.12792E+02  0.14354E+02  0.17271E+02  0.19107E+02  0.23031E+02  0.25859E+02
  0.28437E+02  0.30967E+02  0.31645E+02  0.32861E+02  0.33073E+02  0.33199E+02
  0.33606E+02  0.33473E+02  0.33631E+02  0.33627E+02  0.33665E+02  0.33745E+02
  0.33873E+02  0.34023E+02  0.34220E+02  0.34436E+02  0.34686E+02  0.34953E+02
  0.35255E+02  0.35430E+02  0.36062E+02  0.35746E+02  0.34492E+02  0.33340E+02
  0.30046E+02  0.27991E+02  0.27308E+02  0.25015E+02  0.24327E+02  0.21987E+02
  0.17417E+02  0.13635E+02  0.75856E+01  0.20715E+01 -0.36663E+01 -0.91858E+01
 -0.13281E+02 -0.17336E+02 -0.18896E+02 -0.21221E+02 -0.23039E+02 -0.24417E+02
 -0.27431E+02 -0.28670E+02 -0.30036E+02 -0.30451E+02 -0.28743E+02 -0.27059E+02
 -0.22964E+02 -0.19343E+02 -0.15078E+02 -0.11102E+02 -0.88253E+01 -0.60251E+01
 -0.57128E+01 -0.43718E+01 -0.23322E+01 -0.15340E+01  0.21361E+00  0.12522E+01
  0.14807E+01  0.21484E+01  0.28476E+01  0.27836E+01  0.22154E+01  0.15609E+01
 -0.42544E+00 -0.15243E+01 -0.24324E+01 -0.31222E+01 -0.17632E+01 -0.11130E+01
 -0.30180E+00  0.16077E+01  0.43682E+01  0.66775E+01  0.97701E+01  0.11961E+02
  0.11997E+02  0.13072E+02  0.13132E+02  0.12878E+02  0.12871E+02  0.12253E+02
  0.11654E+02  0.10901E+02  0.10064E+02  0.91713E+01  0.82442E+01  0.73206E+01
  0.64285E+01  0.56109E+01  0.47671E+01  0.42768E+01  0.41320E+01  0.41561E+01
  0.51265E+01  0.56133E+01  0.62931E+01  0.67368E+01  0.60901E+01  0.58538E+01
  0.48189E+01  0.39237E+01  0.33513E+01  0.23930E+01  0.16650E+01  0.96926E+00
  0.27770E+00 -0.16158E+00 -0.19047E+00 -0.34265E+00 -0.20573E+00 -0.18246E+00
 -0.31295E+00 -0.45220E+00 -0.12327E+01 -0.16090E+01 -0.20309E+01 -0.24563E+01
 -0.22825E+01 -0.24353E+01 -0.25193E+01 -0.24586E+01 -0.25301E+01 -0.24963E+01
 -0.24849E+01 -0.25020E+01 -0.24306E+01 -0.25479E+01 -0.27600E+01 -0.31036E+01
 -0.38258E+01 -0.45516E+01 -0.55475E+01 -0.64398E+01 -0.78934E+01 -0.84897E+01
 -0.75524E+01 -0.74543E+01 -0.65401E+01 -0.55852E+01 -0.56632E+01 -0.46391E+01
 -0.27454E+01 -0.17687E+01 -0.11898E+01 -0.79824E-02  0.52522E+00  0.16382E+01
  0.38625E+01  0.52700E+01  0.72040E+01  0.87509E+01  0.92800E+01  0.10136E+02
  0.10315E+02  0.10160E+02  0.97316E+01  0.88665E+01  0.73380E+01  0.59134E+01
  0.44338E+01  0.27056E+01  0.11330E+01 -0.45456E+00 -0.21286E+01 -0.33849E+01
 -0.40722E+01 -0.48278E+01 -0.48828E+01 -0.51156E+01 -0.55185E+01 -0.56131E+01
 -0.59553E+01 -0.61976E+01 -0.64897E+01 -0.67970E+01 -0.71029E+01 -0.74051E+01
 -0.76623E+01 -0.79096E+01 -0.80818E+01 -0.83239E+01 -0.81412E+01 -0.86584E+01
 -0.96707E+01 -0.10868E+02 -0.13635E+02 -0.15678E+02 -0.18159E+02 -0.20291E+02
 -0.21037E+02 -0.22195E+02 -0.22062E+02 -0.22054E+02 -0.22025E+02 -0.21513E+02
 -0.21160E+02 -0.20667E+02 -0.20275E+02 -0.19867E+02 -0.19823E+02 -0.19487E+02
 -0.18920E+02 -0.18612E+02 -0.17748E+02 -0.17544E+02 -0.18032E+02 -0.18348E+02
 -0.19560E+02 -0.20612E+02 -0.21733E+02 -0.23059E+02 -0.24183E+02 -0.25312E+02
 -0.26184E+02 -0.26960E+02 -0.27252E+02 -0.27669E+02 -0.27889E+02 -0.28123E+02
 -0.28699E+02 -0.28993E+02 -0.29482E+02 -0.29792E+02 -0.29951E+02 -0.29938E+02
 -0.29742E+02 -0.29055E+02 -0.27645E+02 -0.26109E+02 -0.23383E+02 -0.21000E+02
 -0.18960E+02 -0.16485E+02 -0.13265E+02 -0.11553E+02 -0.12355E+02 -0.11757E+02
 -0.11779E+02 -0.12488E+02 -0.12785E+02 -0.13606E+02 -0.14435E+02 -0.15308E+02
 -0.16219E+02 -0.17130E+02 -0.18016E+02 -0.18848E+02 -0.19594E+02 -0.20260E+02
 -0.20775E+02 -0.21202E+02 -0.21358E+02 -0.21628E+02 -0.21843E+02 -0.21966E+02
 -0.22801E+02 -0.22746E+02 -0.21606E+02 -0.21244E+02 -0.20109E+02 -0.19373E+02
 -0.20059E+02 -0.19631E+02 -0.19238E+02 -0.19082E+02 -0.18239E+02 -0.17771E+02
 -0.17182E+02 -0.16639E+02 -0.16465E+02 -0.16166E+02 -0.16167E+02 -0.16123E+02
 -0.16025E+02 -0.16066E+02 -0.16029E+02 -0.16070E+02 -0.15998E+02 -0.16150E+02
 -0.16377E+02 -0.16845E+02 -0.17799E+02 -0.18810E+02 -0.20333E+02 -0.21796E+02
 -0.23658E+02 -0.25354E+02 -0.25562E+02 -0.27407E+02 -0.30707E+02 -0.32693E+02
 -0.36002E+02 -0.38327E+02 -0.37948E+02 -0.39504E+02 -0.41095E+02 -0.41825E+02
 -0.43476E+02 -0.44374E+02 -0.44749E+02 -0.45352E+02 -0.45360E+02 -0.45430E+02
 -0.45740E+02 -0.45332E+02 -0.45296E+02 -0.44199E+02 -0.40924E+02 -0.38836E+02
 -0.36143E+02 -0.33216E+02 -0.32167E+02 -0.29448E+02 -0.25478E+02 -0.22890E+02
 -0.20030E+02 -0.17269E+02 -0.15823E+02 -0.13715E+02 -0.11862E+02 -0.10226E+02
 -0.78607E+01 -0.63490E+01 -0.50149E+01 -0.39032E+01 -0.41414E+01 -0.38035E+01
 -0.34962E+01 -0.36798E+01 -0.33902E+01 -0.36762E+01 -0.40339E+01 -0.47454E+01
 -0.63208E+01 -0.77443E+01 -0.99118E+01 -0.11832E+02 -0.13486E+02 -0.15269E+02
 -0.16435E+02 -0.17572E+02 -0.18369E+02 -0.18821E+02 -0.18708E+02 -0.18634E+02
 -0.18268E+02 -0.17910E+02 -0.17908E+02 -0.17653E+02 -0.17698E+02 -0.17702E+02
 -0.17780E+02 -0.17623E+02 -0.18201E+02 -0.17494E+02 -0.14069E+02 -0.12437E+02
 -0.11003E+02 -0.86163E+01 -0.64054E+01 -0.47788E+01 -0.37238E+01 -0.30819E+01
 -0.39865E+01 -0.46193E+01 -0.63022E+01 -0.76430E+01 -0.80454E+01 -0.91146E+01
 -0.90743E+01 -0.94653E+01 -0.10123E+02 -0.10365E+02 -0.10954E+02 -0.11399E+02
 -0.11879E+02 -0.12330E+02 -0.12694E+02 -0.13024E+02 -0.13163E+02 -0.13319E+02
 -0.13358E+02 -0.13388E+02 -0.13458E+02 -0.13449E+02 -0.13478E+02 -0.13488E+02
 -0.13503E+02 -0.13517E+02 -0.13532E+02 -0.13538E+02 -0.13561E+02 -0.13567E+02
 -0.13591E+02 -0.13553E+02 -0.13732E+02 -0.13444E+02 -0.12705E+02 -0.12015E+02
 -0.10254E+02 -0.92033E+01 -0.86254E+01 -0.77517E+01 -0.79409E+01 -0.77390E+01
 -0.75485E+01 -0.75534E+01 -0.77482E+01 -0.72537E+01 -0.58597E+01 -0.46900E+01
 -0.14441E+01  0.18255E+00 -0.13785E+00  0.10926E+01  0.44123E+00  0.73286E+00
  0.31688E+01  0.36778E+01  0.43687E+01  0.52574E+01  0.48879E+01  0.51464E+01
  0.53836E+01  0.52802E+01  0.53669E+01  0.53233E+01  0.53224E+01  0.53027E+01
  0.52780E+01  0.52597E+01  0.52264E+01  0.53158E+01  0.50067E+01  0.54337E+01
  0.71164E+01  0.79591E+01  0.95209E+01  0.10615E+02  0.10124E+02  0.10629E+02
  0.10778E+02  0.10651E+02  0.10879E+02  0.10733E+02  0.10904E+02  0.10566E+02
  0.97260E+01  0.88923E+01  0.68722E+01  0.55353E+01  0.45064E+01  0.32227E+01
  0.28989E+01  0.22364E+01  0.16589E+01  0.14058E+01  0.11699E+01  0.99492E+00
  0.86523E+00  0.69193E+00  0.34233E+00  0.77639E-01 -0.31202E+00 -0.69034E+00
 -0.10700E+01 -0.14297E+01 -0.17243E+01 -0.20027E+01 -0.20972E+01 -0.22619E+01
 -0.23652E+01 -0.24949E+01 -0.27682E+01 -0.29779E+01 -0.33026E+01 -0.36360E+01
 -0.39955E+01 -0.43752E+01 -0.47498E+01 -0.51492E+01 -0.53886E+01 -0.58838E+01
 -0.65319E+01 -0.72175E+01 -0.85749E+01 -0.94079E+01 -0.10239E+02 -0.10792E+02
 -0.10288E+02 -0.10072E+02 -0.90721E+01 -0.82133E+01 -0.76158E+01 -0.66933E+01
 -0.64113E+01 -0.56663E+01 -0.48290E+01 -0.38848E+01 -0.23106E+01 -0.11967E+01
  0.96156E-01  0.26297E+01  0.34546E+00  0.47361E+01  0.25463E+02  0.32158E+02
  0.30772E+02  0.38191E+02  0.39379E+02  0.40804E+02  0.44512E+02  0.44589E+02
  0.45363E+02  0.44531E+02  0.39186E+02  0.36423E+02  0.34975E+02  0.30988E+02
  0.27214E+02  0.23944E+02  0.19990E+02  0.17120E+02  0.16034E+02  0.14286E+02
  0.13814E+02  0.13333E+02  0.12161E+02  0.12099E+02  0.12123E+02  0.12212E+02
  0.12898E+02  0.13365E+02  0.13782E+02  0.14351E+02  0.14692E+02  0.15056E+02
  0.15183E+02  0.15333E+02  0.15345E+02  0.15349E+02  0.15356E+02  0.15370E+02
  0.15478E+02  0.15610E+02  0.15930E+02  0.16182E+02  0.16674E+02  0.16916E+02
  0.16935E+02  0.16854E+02  0.16057E+02  0.15698E+02  0.14267E+02  0.14403E+02
  0.16456E+02  0.18007E+02  0.23202E+02  0.26182E+02  0.27492E+02  0.30024E+02
  0.29478E+02  0.30071E+02  0.30671E+02  0.30556E+02  0.31214E+02  0.31569E+02
  0.32693E+02  0.33374E+02  0.34104E+02  0.34646E+02  0.34245E+02  0.34217E+02
  0.33579E+02  0.33092E+02  0.33081E+02  0.32612E+02  0.32522E+02  0.32179E+02
  0.31624E+02  0.31088E+02  0.30219E+02  0.29288E+02  0.28006E+02  0.26768E+02
  0.25385E+02  0.24047E+02  0.22854E+02  0.21669E+02  0.21126E+02  0.20074E+02
  0.19116E+02  0.17793E+02  0.15309E+02  0.13354E+02  0.10565E+02  0.80885E+01
  0.69439E+01  0.45618E+01  0.15173E+01 -0.49181E+00 -0.28158E+01 -0.47103E+01
 -0.46850E+01 -0.59287E+01 -0.77892E+01 -0.85673E+01 -0.99850E+01 -0.10829E+02
 -0.10669E+02 -0.10993E+02 -0.10712E+02 -0.10531E+02 -0.10825E+02 -0.10660E+02
 -0.10734E+02 -0.10686E+02 -0.10491E+02 -0.10256E+02 -0.97076E+01 -0.92027E+01
 -0.84776E+01 -0.77736E+01 -0.70521E+01 -0.63567E+01 -0.57998E+01 -0.53036E+01
 -0.51105E+01 -0.48914E+01 -0.48802E+01 -0.48689E+01 -0.48143E+01 -0.48724E+01
 -0.48698E+01 -0.48672E+01 -0.49945E+01 -0.48273E+01 -0.44573E+01 -0.39785E+01
 -0.28377E+01 -0.19477E+01 -0.96993E+00  0.10697E+00  0.74140E+00  0.17485E+01
  0.27502E+01  0.37821E+01  0.52295E+01  0.64506E+01  0.78164E+01  0.90409E+01
  0.10032E+02  0.10919E+02  0.11241E+02  0.11659E+02  0.11776E+02  0.11901E+02
  0.12243E+02  0.12375E+02  0.12686E+02  0.12953E+02  0.13250E+02  0.13541E+02
  0.13818E+02  0.14085E+02  0.14296E+02  0.14323E+02  0.14698E+02  0.14436E+02
  0.12130E+02  0.11682E+02  0.12691E+02  0.12239E+02  0.13702E+02  0.13365E+02
  0.11194E+02  0.94080E+01  0.32453E+01 -0.20832E+00 -0.22727E+01 -0.53975E+01
 -0.47090E+01 -0.55398E+01 -0.62856E+01 -0.59866E+01 -0.64623E+01 -0.63744E+01
 -0.63892E+01 -0.64363E+01 -0.64024E+01 -0.65008E+01 -0.66605E+01 -0.69226E+01
 -0.74259E+01 -0.79107E+01 -0.85891E+01 -0.93135E+01 -0.10102E+02 -0.10587E+02
 -0.11919E+02 -0.11875E+02 -0.81516E+01 -0.73169E+01 -0.82742E+01 -0.68861E+01
 -0.63432E+01 -0.56697E+01 -0.39565E+01 -0.28008E+01 -0.13117E+01  0.21573E+00
  0.16795E+01  0.30722E+01  0.41874E+01  0.51784E+01  0.57801E+01  0.61423E+01
  0.62159E+01  0.58012E+01  0.48657E+01  0.36155E+01  0.15381E+01 -0.49865E+00
 -0.29251E+01 -0.52363E+01 -0.72586E+01 -0.92606E+01 -0.98573E+01 -0.11515E+02
 -0.13334E+02 -0.15056E+02 -0.19045E+02 -0.21177E+02 -0.22492E+02 -0.24184E+02
 -0.23597E+02 -0.23816E+02 -0.23919E+02 -0.23360E+02 -0.23242E+02 -0.22794E+02
 -0.22429E+02 -0.22101E+02 -0.21841E+02 -0.21599E+02 -0.21590E+02 -0.21358E+02
 -0.21066E+02 -0.20665E+02 -0.19753E+02 -0.19020E+02 -0.18003E+02 -0.17076E+02
 -0.16270E+02 -0.15528E+02 -0.15272E+02 -0.14916E+02 -0.14894E+02 -0.14872E+02
 -0.14769E+02 -0.14820E+02 -0.14842E+02 -0.14797E+02 -0.14686E+02 -0.14514E+02
 -0.14022E+02 -0.13715E+02 -0.13376E+02 -0.13070E+02 -0.13118E+02 -0.12986E+02
 -0.12997E+02 -0.13007E+02 -0.12643E+02 -0.12722E+02 -0.12968E+02 -0.13206E+02
 -0.14171E+02 -0.14602E+02 -0.15006E+02 -0.15231E+02 -0.14194E+02 -0.13856E+02
 -0.13214E+02 -0.12602E+02 -0.12966E+02 -0.12719E+02 -0.12602E+02 -0.12691E+02
 -0.12610E+02 -0.12663E+02 -0.12662E+02 -0.12715E+02 -0.12783E+02 -0.12892E+02
 -0.13085E+02 -0.13288E+02 -0.13563E+02 -0.13871E+02 -0.14224E+02 -0.14604E+02
 -0.15057E+02 -0.15439E+02 -0.15806E+02 -0.16111E+02 -0.16254E+02 -0.16374E+02
 -0.16350E+02 -0.16266E+02 -0.16092E+02 -0.15880E+02 -0.15608E+02 -0.15304E+02
 -0.14993E+02 -0.14848E+02 -0.14179E+02 -0.14525E+02 -0.16681E+02 -0.17744E+02
 -0.19409E+02 -0.21155E+02 -0.21400E+02 -0.22870E+02 -0.25276E+02 -0.26360E+02
 -0.27293E+02 -0.28096E+02 -0.27649E+02 -0.27388E+02 -0.26799E+02 -0.25574E+02
 -0.24078E+02 -0.22169E+02 -0.19629E+02 -0.17101E+02 -0.14286E+02 -0.11458E+02
 -0.89355E+01 -0.62713E+01 -0.39420E+01 -0.16862E+01  0.45816E+00  0.22293E+01
  0.36885E+01  0.48724E+01  0.53933E+01  0.59180E+01  0.60581E+01  0.61069E+01
  0.64866E+01  0.62961E+01  0.61418E+01  0.56698E+01  0.45732E+01  0.35227E+01
  0.19675E+01  0.37905E+00 -0.13603E+01 -0.31119E+01 -0.47437E+01 -0.62642E+01
 -0.74224E+01 -0.84533E+01 -0.87261E+01 -0.92961E+01 -0.96708E+01 -0.10133E+02
 -0.11355E+02 -0.12115E+02 -0.13273E+02 -0.14265E+02 -0.14821E+02 -0.15597E+02
 -0.15950E+02 -0.16406E+02 -0.16953E+02 -0.17278E+02 -0.17786E+02 -0.18001E+02
 -0.18056E+02 -0.17956E+02 -0.17359E+02 -0.16806E+02 -0.15904E+02 -0.15024E+02
 -0.14136E+02 -0.13241E+02 -0.12728E+02 -0.11981E+02 -0.11416E+02 -0.10743E+02
 -0.97306E+01 -0.89305E+01 -0.79046E+01 -0.70069E+01 -0.60656E+01 -0.55127E+01
 -0.54655E+01 -0.52859E+01 -0.70378E+01 -0.71573E+01 -0.40707E+01 -0.39308E+01
 -0.50764E+01 -0.44195E+01 -0.43924E+01 -0.44143E+01 -0.39069E+01 -0.36196E+01
 -0.32080E+01 -0.25867E+01 -0.17032E+01 -0.80736E+00  0.27355E+00  0.13967E+01
  0.25575E+01  0.37147E+01  0.47860E+01  0.57912E+01  0.65895E+01  0.73594E+01
  0.75374E+01  0.82008E+01  0.94903E+01  0.10218E+02  0.11496E+02  0.12374E+02
  0.12425E+02  0.12971E+02  0.13359E+02  0.13441E+02  0.13556E+02  0.13424E+02
  0.13097E+02  0.12681E+02  0.11888E+02  0.11250E+02  0.10540E+02  0.99556E+01
  0.98214E+01  0.96342E+01  0.98551E+01  0.10159E+02  0.10601E+02  0.11290E+02
  0.12116E+02  0.13091E+02  0.14239E+02  0.15457E+02  0.16772E+02  0.18092E+02
  0.19484E+02  0.20705E+02  0.21731E+02  0.22623E+02  0.22944E+02  0.23379E+02
  0.23489E+02  0.23591E+02  0.23896E+02  0.23996E+02  0.24269E+02  0.24455E+02
  0.24811E+02  0.24899E+02  0.24844E+02  0.24589E+02  0.23742E+02  0.22926E+02
  0.21658E+02  0.20381E+02  0.19002E+02  0.17672E+02  0.16555E+02  0.15554E+02
  0.15149E+02  0.14660E+02  0.14564E+02  0.14489E+02  0.14306E+02  0.14395E+02
  0.14180E+02  0.14443E+02  0.14910E+02  0.15692E+02  0.17331E+02  0.18957E+02
  0.21246E+02  0.23618E+02  0.26167E+02  0.28750E+02  0.31165E+02  0.33419E+02
  0.35207E+02  0.36714E+02  0.37435E+02  0.38015E+02  0.37953E+02  0.37703E+02
  0.37295E+02  0.36593E+02  0.35845E+02  0.34998E+02  0.34155E+02  0.33350E+02
  0.32701E+02  0.32086E+02  0.31951E+02  0.31497E+02  0.30967E+02  0.30511E+02
  0.29367E+02  0.28767E+02  0.28428E+02  0.27942E+02  0.28036E+02  0.27951E+02
  0.27872E+02  0.27992E+02  0.28032E+02  0.28162E+02  0.28297E+02  0.28452E+02
  0.28623E+02  0.28812E+02  0.29001E+02  0.29196E+02  0.29397E+02  0.29597E+02
  0.29796E+02  0.29995E+02  0.30176E+02  0.30351E+02  0.30506E+02  0.30646E+02
  0.30775E+02  0.30875E+02  0.30945E+02  0.31005E+02  0.31034E+02  0.31049E+02
  0.31044E+02  0.31035E+02  0.31038E+02  0.31023E+02  0.31013E+02  0.30999E+02
  0.30992E+02  0.30982E+02  0.30967E+02  0.30966E+02  0.30951E+02  0.30941E+02
  0.30935E+02  0.30915E+02  0.30926E+02  0.30879E+02  0.30794E+02  0.30668E+02
  0.30408E+02  0.30148E+02  0.29807E+02  0.29442E+02  0.29061E+02  0.28666E+02
  0.28301E+02  0.27965E+02  0.27700E+02  0.27444E+02  0.27413E+02  0.27167E+02
  0.26838E+02  0.26412E+02  0.25466E+02  0.24686E+02  0.23645E+02  0.22681E+02
  0.21854E+02  0.21078E+02  0.20803E+02  0.20387E+02  0.20267E+02  0.20115E+02
  0.19769E+02  0.19595E+02  0.19254E+02  0.18916E+02  0.18634E+02  0.18130E+02
  0.17543E+02  0.16771E+02  0.15627E+02  0.14453E+02  0.12970E+02  0.11416E+02
  0.97001E+01  0.79926E+01  0.63064E+01  0.46731E+01  0.32750E+01  0.19413E+01
  0.87308E+00 -0.42662E-01 -0.71782E+00 -0.12148E+01 -0.14897E+01 -0.16327E+01
 -0.14913E+01 -0.13690E+01 -0.13568E+01 -0.10377E+01 -0.82518E+00 -0.29315E+00
  0.70730E+00  0.16497E+01  0.30071E+01  0.43549E+01  0.59029E+01  0.72617E+01
  0.83994E+01  0.93289E+01  0.95597E+01  0.97364E+01  0.91692E+01  0.87009E+01
  0.80262E+01  0.73634E+01  0.72249E+01  0.68187E+01  0.68227E+01  0.67682E+01
  0.66493E+01  0.66605E+01  0.66801E+01  0.65526E+01  0.63089E+01  0.59389E+01
  0.51496E+01  0.44505E+01  0.35175E+01  0.26503E+01  0.18906E+01  0.11879E+01
  0.91310E+00  0.55684E+00  0.51588E+00  0.47131E+00  0.35245E+00  0.39448E+00
  0.33632E+00  0.35236E+00  0.34609E+00  0.34482E+00  0.33856E+00  0.33229E+00
  0.34462E+00  0.32336E+00  0.29209E+00  0.23082E+00  0.11955E+00 -0.17170E-02
 -0.15929E+00 -0.35556E+00 -0.57313E+00 -0.87640E+00 -0.98446E+00 -0.15888E+01
 -0.26635E+01 -0.37100E+01 -0.58230E+01 -0.72444E+01 -0.82032E+01 -0.94479E+01
 -0.96309E+01 -0.10199E+02 -0.10752E+02 -0.10983E+02 -0.11405E+02 -0.11656E+02
 -0.11913E+02 -0.12144E+02 -0.12337E+02 -0.12509E+02 -0.12631E+02 -0.12732E+02
 -0.12779E+02 -0.12821E+02 -0.12837E+02 -0.12843E+02 -0.12856E+02 -0.12858E+02
 -0.12864E+02 -0.12856E+02 -0.12863E+02 -0.12855E+02 -0.12861E+02 -0.12854E+02
 -0.12852E+02 -0.12879E+02 -0.12790E+02 -0.12965E+02 -0.13335E+02 -0.13795E+02
 -0.14875E+02 -0.15682E+02 -0.16692E+02 -0.17585E+02 -0.17800E+02 -0.18494E+02
 -0.18890E+02 -0.19480E+02 -0.20803E+02 -0.21618E+02 -0.22776E+02 -0.23701E+02
 -0.24036E+02 -0.24581E+02 -0.24596E+02 -0.24647E+02 -0.24715E+02 -0.24511E+02
 -0.24292E+02 -0.23962E+02 -0.23530E+02 -0.23066E+02 -0.22534E+02 -0.21954E+02
 -0.21440E+02 -0.20733E+02 -0.19922E+02 -0.19025E+02 -0.17760E+02 -0.16639E+02
 -0.15380E+02 -0.14245E+02 -0.13370E+02 -0.12555E+02 -0.12253E+02 -0.11882E+02
 -0.11799E+02 -0.11763E+02 -0.11634E+02 -0.11683E+02 -0.11633E+02 -0.11649E+02
 -0.11620E+02 -0.11678E+02 -0.11800E+02 -0.11987E+02 -0.12375E+02 -0.12712E+02
 -0.13169E+02 -0.13586E+02 -0.13939E+02 -0.14281E+02 -0.14379E+02 -0.14585E+02
 -0.14658E+02 -0.14776E+02 -0.15038E+02 -0.15221E+02 -0.15538E+02 -0.15845E+02
 -0.16187E+02 -0.16541E+02 -0.16898E+02 -0.17245E+02 -0.17559E+02 -0.17841E+02
 -0.18067E+02 -0.18254E+02 -0.18333E+02 -0.18405E+02 -0.18422E+02 -0.18426E+02
 -0.18453E+02 -0.18435E+02 -0.18439E+02 -0.18431E+02 -0.18428E+02 -0.18422E+02
 -0.18428E+02 -0.18406E+02 -0.18421E+02 -0.18391E+02
