acn103-pp15-mx5-h7 acn103-pp15-mx5-h7
1974 0.0
 4.769025e-04  7.309637e-08
 1.490320e-03  8.198884e-08
 2.503738e-03  1.185504e-07
 3.517156e-03  2.024565e-07
 4.530573e-03  3.530732e-07
 5.543991e-03  5.862305e-07
 6.557409e-03  9.123373e-07
 7.570827e-03  1.344916e-06
 8.584244e-03  1.896893e-06
 9.597662e-03  2.579413e-06
 1.061108e-02  3.402416e-06
 1.162450e-02  4.376375e-06
 1.263792e-02  5.514423e-06
 1.365133e-02  6.834439e-06
 1.466475e-02  8.354354e-06
 1.567817e-02  1.009033e-05
 1.669159e-02  1.205764e-05
 1.770500e-02  1.427404e-05
 1.871842e-02  1.675657e-05
 1.973184e-02  1.952039e-05
 2.074526e-02  2.257847e-05
 2.175867e-02  2.594157e-05
 2.277209e-02  2.962449e-05
 2.378551e-02  3.364157e-05
 2.479893e-02  3.800768e-05
 2.581235e-02  4.273880e-05
 2.682576e-02  4.784915e-05
 2.783918e-02  5.335542e-05
 2.885260e-02  5.927250e-05
 2.986602e-02  6.561352e-05
 3.087943e-02  7.238839e-05
 3.189285e-02  7.960080e-05
 3.290627e-02  8.726278e-05
 3.391969e-02  9.538612e-05
 3.493311e-02  1.039717e-04
 3.594652e-02  1.130335e-04
 3.695994e-02  1.216660e-04
 3.797336e-02  1.308327e-04
 3.898678e-02  1.403904e-04
 4.000019e-02  1.498245e-04
 4.101361e-02  1.597766e-04
 4.202703e-02  1.698153e-04
 4.304045e-02  1.801929e-04
 4.405387e-02  1.905471e-04
 4.506728e-02  2.014137e-04
 4.608070e-02  2.127723e-04
 4.709412e-02  2.239591e-04
 4.810754e-02  2.356299e-04
 4.912095e-02  2.474497e-04
 5.013437e-02  2.595645e-04
 5.114779e-02  2.729878e-04
 5.216121e-02  2.864432e-04
 5.317462e-02  2.995015e-04
 5.418804e-02  3.119827e-04
 5.520146e-02  3.246439e-04
 5.621488e-02  3.374969e-04
 5.722830e-02  3.496289e-04
 5.824171e-02  3.617870e-04
 5.925513e-02  3.733609e-04
 6.026855e-02  3.849839e-04
 6.128197e-02  3.973026e-04
 6.229538e-02  4.096604e-04
 6.330880e-02  4.219983e-04
 6.432222e-02  4.342852e-04
 6.533564e-02  4.470969e-04
 6.634906e-02  4.599652e-04
 6.736247e-02  4.726917e-04
 6.837589e-02  4.852023e-04
 6.938931e-02  4.977126e-04
 7.040273e-02  5.102678e-04
 7.141614e-02  5.231299e-04
 7.242956e-02  5.359417e-04
 7.344298e-02  5.490640e-04
 7.445640e-02  5.623366e-04
 7.546981e-02  5.762416e-04
 7.648323e-02  5.901248e-04
 7.749665e-02  6.045287e-04
 7.851007e-02  6.190119e-04
 7.952349e-02  6.336059e-04
 8.053690e-02  6.482426e-04
 8.155032e-02  6.634403e-04
 8.256374e-02  6.786968e-04
 8.357716e-02  6.945622e-04
 8.459057e-02  7.105186e-04
 8.560399e-02  7.269184e-04
 8.661741e-02  7.443727e-04
 8.763083e-02  7.624928e-04
 8.864425e-02  7.811450e-04
 8.965766e-02  8.000227e-04
 9.067108e-02  8.195547e-04
 9.168450e-02  8.394528e-04
 9.269792e-02  8.598145e-04
 9.371133e-02  8.804478e-04
 9.472475e-02  9.013651e-04
 9.573817e-02  9.225654e-04
 9.675159e-02  9.445116e-04
 9.776501e-02  9.667414e-04
 9.877842e-02  9.894367e-04
 9.979184e-02  1.013089e-03
 1.008053e-01  1.037324e-03
 1.018187e-01  1.062521e-03
 1.028321e-01  1.087954e-03
 1.038455e-01  1.114153e-03
 1.048589e-01  1.140977e-03
 1.058723e-01  1.168638e-03
 1.068858e-01  1.196738e-03
 1.078992e-01  1.225742e-03
 1.089126e-01  1.255264e-03
 1.099260e-01  1.285409e-03
 1.109394e-01  1.315734e-03
 1.119529e-01  1.346705e-03
 1.129663e-01  1.378241e-03
 1.139797e-01  1.410139e-03
 1.149931e-01  1.442126e-03
 1.160065e-01  1.474579e-03
 1.170199e-01  1.507234e-03
 1.180334e-01  1.540270e-03
 1.190468e-01  1.573592e-03
 1.200602e-01  1.607090e-03
 1.210736e-01  1.641250e-03
 1.220870e-01  1.675419e-03
 1.231004e-01  1.710267e-03
 1.241139e-01  1.745287e-03
 1.251273e-01  1.780844e-03
 1.261407e-01  1.817207e-03
 1.271541e-01  1.854309e-03
 1.281675e-01  1.891399e-03
 1.291810e-01  1.928897e-03
 1.301944e-01  1.967341e-03
 1.312078e-01  2.005592e-03
 1.322212e-01  2.043716e-03
 1.332346e-01  2.082835e-03
 1.342480e-01  2.122057e-03
 1.352615e-01  2.161012e-03
 1.362749e-01  2.200435e-03
 1.372883e-01  2.241236e-03
 1.383017e-01  2.282493e-03
 1.393151e-01  2.323587e-03
 1.403286e-01  2.365488e-03
 1.413420e-01  2.407994e-03
 1.423554e-01  2.450856e-03
 1.433688e-01  2.494506e-03
 1.443822e-01  2.538953e-03
 1.453956e-01  2.583681e-03
 1.464091e-01  2.628836e-03
 1.474225e-01  2.674592e-03
 1.484359e-01  2.720371e-03
 1.494493e-01  2.765940e-03
 1.504627e-01  2.812516e-03
 1.514761e-01  2.859481e-03
 1.524896e-01  2.906034e-03
 1.535030e-01  2.952725e-03
 1.545164e-01  2.999896e-03
 1.555298e-01  3.047048e-03
 1.565432e-01  3.094951e-03
 1.575567e-01  3.143223e-03
 1.585701e-01  3.192120e-03
 1.595835e-01  3.241260e-03
 1.605969e-01  3.290841e-03
 1.616103e-01  3.340978e-03
 1.626237e-01  3.391736e-03
 1.636372e-01  3.443459e-03
 1.646506e-01  3.495505e-03
 1.656640e-01  3.547822e-03
 1.666774e-01  3.600116e-03
 1.676908e-01  3.652983e-03
 1.687042e-01  3.706243e-03
 1.697177e-01  3.759459e-03
 1.707311e-01  3.813087e-03
 1.717445e-01  3.866754e-03
 1.727579e-01  3.920640e-03
 1.737713e-01  3.974647e-03
 1.747848e-01  4.028778e-03
 1.757982e-01  4.083425e-03
 1.768116e-01  4.138247e-03
 1.778250e-01  4.193488e-03
 1.788384e-01  4.248779e-03
 1.798518e-01  4.304391e-03
 1.808653e-01  4.360432e-03
 1.818787e-01  4.416576e-03
 1.828921e-01  4.472981e-03
 1.839055e-01  4.529585e-03
 1.849189e-01  4.586251e-03
 1.859323e-01  4.642955e-03
 1.869458e-01  4.699665e-03
 1.879592e-01  4.756587e-03
 1.889726e-01  4.813559e-03
 1.899860e-01  4.870804e-03
 1.909994e-01  4.928091e-03
 1.920129e-01  4.985429e-03
 1.930263e-01  5.043097e-03
 1.940397e-01  5.101155e-03
 1.950531e-01  5.159493e-03
 1.960665e-01  5.217858e-03
 1.970799e-01  5.276562e-03
 1.980934e-01  5.335480e-03
 1.991068e-01  5.394429e-03
 2.001202e-01  5.453598e-03
 2.011336e-01  5.512876e-03
 2.021470e-01  5.572070e-03
 2.031604e-01  5.630995e-03
 2.041739e-01  5.689802e-03
 2.051873e-01  5.748491e-03
 2.062007e-01  5.806922e-03
 2.072141e-01  5.865280e-03
 2.082275e-01  5.923413e-03
 2.092410e-01  5.981280e-03
 2.102544e-01  6.039033e-03
 2.112678e-01  6.096826e-03
 2.122812e-01  6.154483e-03
 2.132946e-01  6.212113e-03
 2.143080e-01  6.269804e-03
 2.153215e-01  6.327539e-03
 2.163349e-01  6.385156e-03
 2.173483e-01  6.442755e-03
 2.183617e-01  6.500389e-03
 2.193751e-01  6.557992e-03
 2.203886e-01  6.615448e-03
 2.214020e-01  6.672784e-03
 2.224154e-01  6.729882e-03
 2.234288e-01  6.786694e-03
 2.244422e-01  6.843226e-03
 2.254556e-01  6.899505e-03
 2.264691e-01  6.955477e-03
 2.274825e-01  7.011910e-03
 2.284959e-01  7.068062e-03
 2.295093e-01  7.123238e-03
 2.305227e-01  7.179764e-03
 2.315361e-01  7.233846e-03
 2.325496e-01  7.286668e-03
 2.335630e-01  7.340773e-03
 2.345764e-01  7.396354e-03
 2.355898e-01  7.448840e-03
 2.366032e-01  7.503157e-03
 2.376167e-01  7.557774e-03
 2.386301e-01  7.612874e-03
 2.396435e-01  7.666734e-03
 2.406569e-01  7.722168e-03
 2.416703e-01  7.777891e-03
 2.426837e-01  7.832988e-03
 2.436972e-01  7.888306e-03
 2.447106e-01  7.944079e-03
 2.457240e-01  7.999753e-03
 2.467374e-01  8.053730e-03
 2.477508e-01  8.108773e-03
 2.487642e-01  8.164032e-03
 2.497777e-01  8.219033e-03
 2.507911e-01  8.274557e-03
 2.518045e-01  8.330247e-03
 2.528179e-01  8.385614e-03
 2.538313e-01  8.441402e-03
 2.548448e-01  8.496055e-03
 2.558582e-01  8.551627e-03
 2.568716e-01  8.607182e-03
 2.578850e-01  8.661816e-03
 2.588984e-01  8.717339e-03
 2.599118e-01  8.774036e-03
 2.609253e-01  8.830654e-03
 2.619387e-01  8.886601e-03
 2.629521e-01  8.942292e-03
 2.639655e-01  8.998330e-03
 2.649789e-01  9.054209e-03
 2.659923e-01  9.110057e-03
 2.670058e-01  9.166076e-03
 2.680192e-01  9.220927e-03
 2.690326e-01  9.275624e-03
 2.700460e-01  9.330266e-03
 2.710594e-01  9.384824e-03
 2.720729e-01  9.439491e-03
 2.730863e-01  9.493574e-03
 2.740997e-01  9.546982e-03
 2.751131e-01  9.600755e-03
 2.761265e-01  9.654995e-03
 2.771399e-01  9.708895e-03
 2.781534e-01  9.762642e-03
 2.791668e-01  9.816449e-03
 2.801802e-01  9.869586e-03
 2.811936e-01  9.922618e-03
 2.822070e-01  9.976601e-03
 2.832205e-01  1.003083e-02
 2.842339e-01  1.008527e-02
 2.852473e-01  1.013926e-02
 2.862607e-01  1.019328e-02
 2.872741e-01  1.024661e-02
 2.882875e-01  1.029967e-02
 2.893010e-01  1.035266e-02
 2.903144e-01  1.040590e-02
 2.913278e-01  1.045854e-02
 2.923412e-01  1.051032e-02
 2.933546e-01  1.056189e-02
 2.943680e-01  1.061354e-02
 2.953815e-01  1.066485e-02
 2.963949e-01  1.071538e-02
 2.974083e-01  1.076539e-02
 2.984217e-01  1.081563e-02
 2.994351e-01  1.086538e-02
 3.004486e-01  1.091558e-02
 3.014620e-01  1.096434e-02
 3.024754e-01  1.101225e-02
 3.034888e-01  1.106035e-02
 3.045022e-01  1.110811e-02
 3.055156e-01  1.115509e-02
 3.065291e-01  1.120140e-02
 3.075425e-01  1.124706e-02
 3.085559e-01  1.129168e-02
 3.095693e-01  1.133523e-02
 3.105827e-01  1.137826e-02
 3.115961e-01  1.142038e-02
 3.126096e-01  1.146156e-02
 3.136230e-01  1.150275e-02
 3.146364e-01  1.154286e-02
 3.156498e-01  1.158255e-02
 3.166632e-01  1.162185e-02
 3.176767e-01  1.166050e-02
 3.186901e-01  1.169909e-02
 3.197035e-01  1.173778e-02
 3.207169e-01  1.177639e-02
 3.217303e-01  1.181448e-02
 3.227437e-01  1.185233e-02
 3.237572e-01  1.188967e-02
 3.247706e-01  1.192683e-02
 3.257840e-01  1.196394e-02
 3.267974e-01  1.200079e-02
 3.278108e-01  1.203688e-02
 3.288242e-01  1.207223e-02
 3.298377e-01  1.210753e-02
 3.308511e-01  1.214216e-02
 3.318645e-01  1.217646e-02
 3.328779e-01  1.221012e-02
 3.338913e-01  1.224351e-02
 3.349048e-01  1.227707e-02
 3.359182e-01  1.231030e-02
 3.369316e-01  1.234343e-02
 3.379450e-01  1.237668e-02
 3.389584e-01  1.241008e-02
 3.399718e-01  1.244351e-02
 3.409853e-01  1.247716e-02
 3.419987e-01  1.251099e-02
 3.430121e-01  1.254486e-02
 3.440255e-01  1.257896e-02
 3.450389e-01  1.261310e-02
 3.460524e-01  1.264697e-02
 3.470658e-01  1.268065e-02
 3.480792e-01  1.271452e-02
 3.490926e-01  1.274832e-02
 3.501060e-01  1.278162e-02
 3.511194e-01  1.281479e-02
 3.521329e-01  1.284791e-02
 3.531463e-01  1.288071e-02
 3.541597e-01  1.291342e-02
 3.551731e-01  1.294589e-02
 3.561865e-01  1.297849e-02
 3.571999e-01  1.301108e-02
 3.582134e-01  1.304357e-02
 3.592268e-01  1.307618e-02
 3.602402e-01  1.310882e-02
 3.612536e-01  1.314133e-02
 3.622670e-01  1.317397e-02
 3.632805e-01  1.320681e-02
 3.642939e-01  1.323947e-02
 3.653073e-01  1.327195e-02
 3.663207e-01  1.330455e-02
 3.673341e-01  1.333715e-02
 3.683475e-01  1.336932e-02
 3.693610e-01  1.340140e-02
 3.703744e-01  1.343355e-02
 3.713878e-01  1.346534e-02
 3.724012e-01  1.349708e-02
 3.734146e-01  1.352866e-02
 3.744280e-01  1.356002e-02
 3.754415e-01  1.359128e-02
 3.764549e-01  1.362258e-02
 3.774683e-01  1.365378e-02
 3.784817e-01  1.368491e-02
 3.794951e-01  1.371594e-02
 3.805086e-01  1.374705e-02
 3.815220e-01  1.377803e-02
 3.825354e-01  1.380892e-02
 3.835488e-01  1.383978e-02
 3.845622e-01  1.387057e-02
 3.855756e-01  1.390122e-02
 3.865891e-01  1.393160e-02
 3.876025e-01  1.396179e-02
 3.886159e-01  1.399186e-02
 3.896293e-01  1.402172e-02
 3.906427e-01  1.405114e-02
 3.916561e-01  1.408017e-02
 3.926696e-01  1.410888e-02
 3.936830e-01  1.413698e-02
 3.946964e-01  1.416481e-02
 3.957098e-01  1.419236e-02
 3.967232e-01  1.421954e-02
 3.977367e-01  1.424612e-02
 3.987501e-01  1.427264e-02
 3.997635e-01  1.429848e-02
 4.007769e-01  1.432415e-02
 4.017903e-01  1.434960e-02
 4.028037e-01  1.437448e-02
 4.038172e-01  1.439851e-02
 4.048306e-01  1.442221e-02
 4.058440e-01  1.444552e-02
 4.068574e-01  1.446781e-02
 4.078708e-01  1.448953e-02
 4.088843e-01  1.451104e-02
 4.098977e-01  1.453200e-02
 4.109111e-01  1.455205e-02
 4.119245e-01  1.457187e-02
 4.129379e-01  1.459112e-02
 4.139513e-01  1.461006e-02
 4.149648e-01  1.462861e-02
 4.159782e-01  1.464692e-02
 4.169916e-01  1.466491e-02
 4.180050e-01  1.468279e-02
 4.190184e-01  1.470038e-02
 4.200318e-01  1.471780e-02
 4.210453e-01  1.473514e-02
 4.220587e-01  1.475244e-02
 4.230721e-01  1.476938e-02
 4.240855e-01  1.478620e-02
 4.250989e-01  1.480258e-02
 4.261124e-01  1.481871e-02
 4.271258e-01  1.483471e-02
 4.281392e-01  1.485044e-02
 4.291526e-01  1.486579e-02
 4.301660e-01  1.488124e-02
 4.311794e-01  1.489668e-02
 4.321929e-01  1.491164e-02
 4.332063e-01  1.492662e-02
 4.342197e-01  1.494165e-02
 4.352331e-01  1.495657e-02
 4.362465e-01  1.497152e-02
 4.372599e-01  1.498660e-02
 4.382734e-01  1.500164e-02
 4.392868e-01  1.501665e-02
 4.403002e-01  1.503194e-02
 4.413136e-01  1.504712e-02
 4.423270e-01  1.506226e-02
 4.433405e-01  1.507737e-02
 4.443539e-01  1.509244e-02
 4.453673e-01  1.510730e-02
 4.463807e-01  1.512203e-02
 4.473941e-01  1.513646e-02
 4.484075e-01  1.515066e-02
 4.494210e-01  1.516468e-02
 4.504344e-01  1.517856e-02
 4.514478e-01  1.519218e-02
 4.524612e-01  1.520583e-02
 4.534746e-01  1.521944e-02
 4.544880e-01  1.523282e-02
 4.555015e-01  1.524614e-02
 4.565149e-01  1.525950e-02
 4.575283e-01  1.527271e-02
 4.585417e-01  1.528586e-02
 4.595551e-01  1.529908e-02
 4.605686e-01  1.531225e-02
 4.615820e-01  1.532543e-02
 4.625954e-01  1.533866e-02
 4.636088e-01  1.535176e-02
 4.646222e-01  1.536471e-02
 4.656356e-01  1.537777e-02
 4.666491e-01  1.539082e-02
 4.676625e-01  1.540366e-02
 4.686759e-01  1.541636e-02
 4.696893e-01  1.542890e-02
 4.707027e-01  1.544130e-02
 4.717162e-01  1.545354e-02
 4.727296e-01  1.546568e-02
 4.737430e-01  1.547763e-02
 4.747564e-01  1.548944e-02
 4.757698e-01  1.550116e-02
 4.767832e-01  1.551272e-02
 4.777967e-01  1.552413e-02
 4.788101e-01  1.553539e-02
 4.798235e-01  1.554646e-02
 4.808369e-01  1.555737e-02
 4.818503e-01  1.556817e-02
 4.828637e-01  1.557875e-02
 4.838772e-01  1.558901e-02
 4.848906e-01  1.559907e-02
 4.859040e-01  1.560874e-02
 4.869174e-01  1.561809e-02
 4.879308e-01  1.562731e-02
 4.889443e-01  1.563616e-02
 4.899577e-01  1.564458e-02
 4.909711e-01  1.565268e-02
 4.919845e-01  1.566039e-02
 4.929979e-01  1.566771e-02
 4.940113e-01  1.567474e-02
 4.950248e-01  1.568133e-02
 4.960382e-01  1.568741e-02
 4.970516e-01  1.569314e-02
 4.980650e-01  1.569840e-02
 4.990784e-01  1.570316e-02
 5.000918e-01  1.570740e-02
 5.011053e-01  1.571133e-02
 5.021187e-01  1.571477e-02
 5.031321e-01  1.571792e-02
 5.041455e-01  1.572055e-02
 5.051589e-01  1.572282e-02
 5.061724e-01  1.572470e-02
 5.071858e-01  1.572638e-02
 5.081992e-01  1.572770e-02
 5.092126e-01  1.572876e-02
 5.102260e-01  1.572963e-02
 5.112394e-01  1.573015e-02
 5.122529e-01  1.573057e-02
 5.132663e-01  1.573073e-02
 5.142797e-01  1.573077e-02
 5.152931e-01  1.573064e-02
 5.163065e-01  1.573029e-02
 5.173199e-01  1.572973e-02
 5.183334e-01  1.572897e-02
 5.193468e-01  1.572806e-02
 5.203602e-01  1.572695e-02
 5.213736e-01  1.572576e-02
 5.223870e-01  1.572443e-02
 5.234005e-01  1.572305e-02
 5.244139e-01  1.572150e-02
 5.254273e-01  1.571988e-02
 5.264407e-01  1.571812e-02
 5.274541e-01  1.571633e-02
 5.284675e-01  1.571454e-02
 5.294810e-01  1.571275e-02
 5.304944e-01  1.571084e-02
 5.315078e-01  1.570897e-02
 5.325212e-01  1.570710e-02
 5.335346e-01  1.570517e-02
 5.345480e-01  1.570319e-02
 5.355615e-01  1.570111e-02
 5.365749e-01  1.569892e-02
 5.375883e-01  1.569659e-02
 5.386017e-01  1.569413e-02
 5.396151e-01  1.569148e-02
 5.406286e-01  1.568856e-02
 5.416420e-01  1.568552e-02
 5.426554e-01  1.568228e-02
 5.436688e-01  1.567889e-02
 5.446822e-01  1.567537e-02
 5.456956e-01  1.567172e-02
 5.467091e-01  1.566792e-02
 5.477225e-01  1.566400e-02
 5.487359e-01  1.565997e-02
 5.497493e-01  1.565582e-02
 5.507627e-01  1.565159e-02
 5.517762e-01  1.564728e-02
 5.527896e-01  1.564291e-02
 5.538030e-01  1.563853e-02
 5.548164e-01  1.563408e-02
 5.558298e-01  1.562955e-02
 5.568432e-01  1.562492e-02
 5.578567e-01  1.562026e-02
 5.588701e-01  1.561551e-02
 5.598835e-01  1.561065e-02
 5.608969e-01  1.560567e-02
 5.619103e-01  1.560054e-02
 5.629237e-01  1.559524e-02
 5.639372e-01  1.558984e-02
 5.649506e-01  1.558427e-02
 5.659640e-01  1.557853e-02
 5.669774e-01  1.557264e-02
 5.679908e-01  1.556660e-02
 5.690043e-01  1.556040e-02
 5.700177e-01  1.555405e-02
 5.710311e-01  1.554754e-02
 5.720445e-01  1.554071e-02
 5.730579e-01  1.553364e-02
 5.740713e-01  1.552631e-02
 5.750848e-01  1.551871e-02
 5.760982e-01  1.551097e-02
 5.771116e-01  1.550299e-02
 5.781250e-01  1.549465e-02
 5.791384e-01  1.548605e-02
 5.801518e-01  1.547712e-02
 5.811653e-01  1.546784e-02
 5.821787e-01  1.545827e-02
 5.831921e-01  1.544835e-02
 5.842055e-01  1.543800e-02
 5.852189e-01  1.542722e-02
 5.862324e-01  1.541605e-02
 5.872458e-01  1.540442e-02
 5.882592e-01  1.539236e-02
 5.892726e-01  1.537994e-02
 5.902860e-01  1.536717e-02
 5.912994e-01  1.535399e-02
 5.923129e-01  1.534051e-02
 5.933263e-01  1.532660e-02
 5.943397e-01  1.531244e-02
 5.953531e-01  1.529802e-02
 5.963665e-01  1.528341e-02
 5.973799e-01  1.526855e-02
 5.983934e-01  1.525348e-02
 5.994068e-01  1.523820e-02
 6.004202e-01  1.522274e-02
 6.014336e-01  1.520712e-02
 6.024470e-01  1.519127e-02
 6.034605e-01  1.517527e-02
 6.044739e-01  1.515899e-02
 6.054873e-01  1.514245e-02
 6.065007e-01  1.512566e-02
 6.075141e-01  1.510863e-02
 6.085275e-01  1.509135e-02
 6.095410e-01  1.507388e-02
 6.105544e-01  1.505620e-02
 6.115678e-01  1.503829e-02
 6.125812e-01  1.502026e-02
 6.135946e-01  1.500212e-02
 6.146081e-01  1.498384e-02
 6.156215e-01  1.496546e-02
 6.166349e-01  1.494709e-02
 6.176483e-01  1.492852e-02
 6.186617e-01  1.490991e-02
 6.196751e-01  1.489134e-02
 6.206886e-01  1.487276e-02
 6.217020e-01  1.485411e-02
 6.227154e-01  1.483552e-02
 6.237288e-01  1.481675e-02
 6.247422e-01  1.479788e-02
 6.257556e-01  1.477894e-02
 6.267691e-01  1.475991e-02
 6.277825e-01  1.474063e-02
 6.287959e-01  1.472118e-02
 6.298093e-01  1.470154e-02
 6.308227e-01  1.468164e-02
 6.318362e-01  1.466156e-02
 6.328496e-01  1.464132e-02
 6.338630e-01  1.462086e-02
 6.348764e-01  1.460026e-02
 6.358898e-01  1.457955e-02
 6.369032e-01  1.455865e-02
 6.379167e-01  1.453760e-02
 6.389301e-01  1.451642e-02
 6.399435e-01  1.449508e-02
 6.409569e-01  1.447365e-02
 6.419703e-01  1.445212e-02
 6.429837e-01  1.443048e-02
 6.439972e-01  1.440867e-02
 6.450106e-01  1.438679e-02
 6.460240e-01  1.436479e-02
 6.470374e-01  1.434267e-02
 6.480508e-01  1.432040e-02
 6.490643e-01  1.429798e-02
 6.500777e-01  1.427532e-02
 6.510911e-01  1.425254e-02
 6.521045e-01  1.422961e-02
 6.531179e-01  1.420652e-02
 6.541313e-01  1.418324e-02
 6.551448e-01  1.415976e-02
 6.561582e-01  1.413602e-02
 6.571716e-01  1.411210e-02
 6.581850e-01  1.408799e-02
 6.591984e-01  1.406370e-02
 6.602118e-01  1.403921e-02
 6.612253e-01  1.401448e-02
 6.622387e-01  1.398947e-02
 6.632521e-01  1.396424e-02
 6.642655e-01  1.393875e-02
 6.652789e-01  1.391296e-02
 6.662924e-01  1.388690e-02
 6.673058e-01  1.386050e-02
 6.683192e-01  1.383366e-02
 6.693326e-01  1.380644e-02
 6.703460e-01  1.377883e-02
 6.713594e-01  1.375077e-02
 6.723729e-01  1.372228e-02
 6.733863e-01  1.369343e-02
 6.743997e-01  1.366414e-02
 6.754131e-01  1.363445e-02
 6.764265e-01  1.360437e-02
 6.774400e-01  1.357400e-02
 6.784534e-01  1.354332e-02
 6.794668e-01  1.351244e-02
 6.804802e-01  1.348127e-02
 6.814936e-01  1.344990e-02
 6.825070e-01  1.341833e-02
 6.835205e-01  1.338662e-02
 6.845339e-01  1.335475e-02
 6.855473e-01  1.332271e-02
 6.865607e-01  1.329050e-02
 6.875741e-01  1.325807e-02
 6.885875e-01  1.322545e-02
 6.896010e-01  1.319255e-02
 6.906144e-01  1.315941e-02
 6.916278e-01  1.312602e-02
 6.926412e-01  1.309235e-02
 6.936546e-01  1.305839e-02
 6.946681e-01  1.302413e-02
 6.956815e-01  1.298963e-02
 6.966949e-01  1.295486e-02
 6.977083e-01  1.291989e-02
 6.987217e-01  1.288472e-02
 6.997351e-01  1.284942e-02
 7.007486e-01  1.281395e-02
 7.017620e-01  1.277839e-02
 7.027754e-01  1.274265e-02
 7.037888e-01  1.270690e-02
 7.048022e-01  1.267108e-02
 7.058156e-01  1.263508e-02
 7.068291e-01  1.259904e-02
 7.078425e-01  1.256295e-02
 7.088559e-01  1.252667e-02
 7.098693e-01  1.249032e-02
 7.108827e-01  1.245392e-02
 7.118962e-01  1.241724e-02
 7.129096e-01  1.238040e-02
 7.139230e-01  1.234346e-02
 7.149364e-01  1.230629e-02
 7.159498e-01  1.226886e-02
 7.169632e-01  1.223129e-02
 7.179767e-01  1.219353e-02
 7.189901e-01  1.215546e-02
 7.200035e-01  1.211727e-02
 7.210169e-01  1.207891e-02
 7.220303e-01  1.204030e-02
 7.230437e-01  1.200158e-02
 7.240572e-01  1.196271e-02
 7.250706e-01  1.192364e-02
 7.260840e-01  1.188440e-02
 7.270974e-01  1.184499e-02
 7.281108e-01  1.180538e-02
 7.291243e-01  1.176563e-02
 7.301377e-01  1.172569e-02
 7.311511e-01  1.168557e-02
 7.321645e-01  1.164522e-02
 7.331779e-01  1.160461e-02
 7.341913e-01  1.156378e-02
 7.352048e-01  1.152272e-02
 7.362182e-01  1.148143e-02
 7.372316e-01  1.143990e-02
 7.382450e-01  1.139814e-02
 7.392584e-01  1.135609e-02
 7.402719e-01  1.131382e-02
 7.412853e-01  1.127128e-02
 7.422987e-01  1.122849e-02
 7.433121e-01  1.118546e-02
 7.443255e-01  1.114214e-02
 7.453389e-01  1.109851e-02
 7.463524e-01  1.105454e-02
 7.473658e-01  1.101025e-02
 7.483792e-01  1.096558e-02
 7.493926e-01  1.092059e-02
 7.504060e-01  1.087525e-02
 7.514194e-01  1.082949e-02
 7.524329e-01  1.078334e-02
 7.534463e-01  1.073683e-02
 7.544597e-01  1.068990e-02
 7.554731e-01  1.064257e-02
 7.564865e-01  1.059495e-02
 7.575000e-01  1.054697e-02
 7.585134e-01  1.049868e-02
 7.595268e-01  1.045009e-02
 7.605402e-01  1.040128e-02
 7.615536e-01  1.035219e-02
 7.625670e-01  1.030292e-02
 7.635805e-01  1.025344e-02
 7.645939e-01  1.020372e-02
 7.656073e-01  1.015381e-02
 7.666207e-01  1.010367e-02
 7.676341e-01  1.005333e-02
 7.686475e-01  1.000273e-02
 7.696610e-01  9.951888e-03
 7.706744e-01  9.900806e-03
 7.716878e-01  9.849463e-03
 7.727012e-01  9.797810e-03
 7.737146e-01  9.745894e-03
 7.747281e-01  9.693730e-03
 7.757415e-01  9.641259e-03
 7.767549e-01  9.588527e-03
 7.777683e-01  9.535560e-03
 7.787817e-01  9.482350e-03
 7.797951e-01  9.428901e-03
 7.808086e-01  9.375290e-03
 7.818220e-01  9.321481e-03
 7.828354e-01  9.267504e-03
 7.838488e-01  9.213371e-03
 7.848622e-01  9.159085e-03
 7.858756e-01  9.104626e-03
 7.868891e-01  9.050016e-03
 7.879025e-01  8.995265e-03
 7.889159e-01  8.940347e-03
 7.899293e-01  8.885212e-03
 7.909427e-01  8.829892e-03
 7.919562e-01  8.774415e-03
 7.929696e-01  8.718709e-03
 7.939830e-01  8.662832e-03
 7.949964e-01  8.606785e-03
 7.960098e-01  8.550469e-03
 7.970232e-01  8.493960e-03
 7.980367e-01  8.437227e-03
 7.990501e-01  8.380263e-03
 8.000635e-01  8.323084e-03
 8.010769e-01  8.265709e-03
 8.020903e-01  8.208079e-03
 8.031037e-01  8.150210e-03
 8.041172e-01  8.092094e-03
 8.051306e-01  8.033738e-03
 8.061440e-01  7.975113e-03
 8.071574e-01  7.916253e-03
 8.081708e-01  7.857113e-03
 8.091843e-01  7.797678e-03
 8.101977e-01  7.737949e-03
 8.112111e-01  7.677890e-03
 8.122245e-01  7.617500e-03
 8.132379e-01  7.556833e-03
 8.142513e-01  7.495843e-03
 8.152648e-01  7.434531e-03
 8.162782e-01  7.372906e-03
 8.172916e-01  7.310945e-03
 8.183050e-01  7.248664e-03
 8.193184e-01  7.186080e-03
 8.203319e-01  7.123182e-03
 8.213453e-01  7.059969e-03
 8.223587e-01  6.996442e-03
 8.233721e-01  6.932598e-03
 8.243855e-01  6.868430e-03
 8.253989e-01  6.803944e-03
 8.264124e-01  6.739147e-03
 8.274258e-01  6.674029e-03
 8.284392e-01  6.608575e-03
 8.294526e-01  6.542759e-03
 8.304660e-01  6.476599e-03
 8.314794e-01  6.410095e-03
 8.324929e-01  6.343213e-03
 8.335063e-01  6.276005e-03
 8.345197e-01  6.208430e-03
 8.355331e-01  6.140504e-03
 8.365465e-01  6.072247e-03
 8.375600e-01  6.003670e-03
 8.385734e-01  5.934775e-03
 8.395868e-01  5.865540e-03
 8.406002e-01  5.796028e-03
 8.416136e-01  5.726224e-03
 8.426270e-01  5.656125e-03
 8.436405e-01  5.585772e-03
 8.446539e-01  5.515155e-03
 8.456673e-01  5.444271e-03
 8.466807e-01  5.373109e-03
 8.476941e-01  5.301718e-03
 8.487075e-01  5.230056e-03
 8.497210e-01  5.158120e-03
 8.507344e-01  5.085917e-03
 8.517478e-01  5.013451e-03
 8.527612e-01  4.940705e-03
 8.537746e-01  4.867678e-03
 8.547881e-01  4.794380e-03
 8.558015e-01  4.720819e-03
 8.568149e-01  4.646981e-03
 8.578283e-01  4.572893e-03
 8.588417e-01  4.498557e-03
 8.598551e-01  4.423959e-03
 8.608686e-01  4.349106e-03
 8.618820e-01  4.274018e-03
 8.628954e-01  4.198698e-03
 8.639088e-01  4.123127e-03
 8.649222e-01  4.047325e-03
 8.659356e-01  3.971279e-03
 8.669491e-01  3.894978e-03
 8.679625e-01  3.818433e-03
 8.689759e-01  3.741634e-03
 8.699893e-01  3.664576e-03
 8.710027e-01  3.587235e-03
 8.720162e-01  3.509615e-03
 8.730296e-01  3.431720e-03
 8.740430e-01  3.353523e-03
 8.750564e-01  3.275032e-03
 8.760698e-01  3.196242e-03
 8.770832e-01  3.117153e-03
 8.780967e-01  3.037760e-03
 8.791101e-01  2.958063e-03
 8.801235e-01  2.878059e-03
 8.811369e-01  2.797743e-03
 8.821503e-01  2.717108e-03
 8.831638e-01  2.636169e-03
 8.841772e-01  2.554908e-03
 8.851906e-01  2.473321e-03
 8.862040e-01  2.391412e-03
 8.872174e-01  2.309164e-03
 8.882308e-01  2.226573e-03
 8.892443e-01  2.143629e-03
 8.902577e-01  2.060335e-03
 8.912711e-01  1.976665e-03
 8.922845e-01  1.892642e-03
 8.932979e-01  1.808242e-03
 8.943113e-01  1.723461e-03
 8.953248e-01  1.638291e-03
 8.963382e-01  1.552736e-03
 8.973516e-01  1.466797e-03
 8.983650e-01  1.380466e-03
 8.993784e-01  1.293764e-03
 9.003919e-01  1.206686e-03
 9.014053e-01  1.119239e-03
 9.024187e-01  1.031421e-03
 9.034321e-01  9.432405e-04
 9.044455e-01  8.547075e-04
 9.054589e-01  7.658263e-04
 9.064724e-01  6.773347e-04
 9.074858e-01  5.905488e-04
 9.084992e-01  5.029400e-04
 9.095126e-01  4.156103e-04
 9.105260e-01  3.298764e-04
 9.115394e-01  2.417581e-04
 9.125529e-01  1.520189e-04
 9.135663e-01  5.395865e-05
 9.145797e-01 -4.792718e-05
 9.155931e-01 -1.475501e-04
 9.166065e-01 -2.600008e-04
 9.176200e-01 -3.810572e-04
 9.186334e-01 -4.981977e-04
 9.196468e-01 -6.078776e-04
 9.206602e-01 -7.010019e-04
 9.216736e-01 -7.915347e-04
 9.226870e-01 -8.825562e-04
 9.237005e-01 -9.700388e-04
 9.247139e-01 -1.058079e-03
 9.257273e-01 -1.125762e-03
 9.267407e-01 -1.190333e-03
 9.277541e-01 -1.253569e-03
 9.287675e-01 -1.327964e-03
 9.297810e-01 -1.403687e-03
 9.307944e-01 -1.479533e-03
 9.318078e-01 -1.564054e-03
 9.328212e-01 -1.657114e-03
 9.338346e-01 -1.765295e-03
 9.348481e-01 -1.864403e-03
 9.358615e-01 -1.949285e-03
 9.368749e-01 -2.040237e-03
 9.378883e-01 -2.121937e-03
 9.389017e-01 -2.197447e-03
 9.399151e-01 -2.265576e-03
 9.409286e-01 -2.331665e-03
 9.419420e-01 -2.388734e-03
 9.429554e-01 -2.444694e-03
 9.439688e-01 -2.503996e-03
 9.449822e-01 -2.561189e-03
 9.459957e-01 -2.609887e-03
 9.470091e-01 -2.650848e-03
 9.480225e-01 -2.691386e-03
 9.490359e-01 -2.719055e-03
 9.500493e-01 -2.740799e-03
 9.510627e-01 -2.778223e-03
 9.520762e-01 -2.821265e-03
 9.530896e-01 -2.855023e-03
 9.541030e-01 -2.893989e-03
 9.551164e-01 -2.942703e-03
 9.561298e-01 -2.981961e-03
 9.571432e-01 -3.022169e-03
 9.581567e-01 -3.070724e-03
 9.591701e-01 -3.123407e-03
 9.601835e-01 -3.177652e-03
 9.611969e-01 -3.232227e-03
 9.622103e-01 -3.283005e-03
 9.632238e-01 -3.332220e-03
 9.642372e-01 -3.375101e-03
 9.652506e-01 -3.407295e-03
 9.662640e-01 -3.444413e-03
 9.672774e-01 -3.478707e-03
 9.682908e-01 -3.507670e-03
 9.693043e-01 -3.520392e-03
 9.703177e-01 -3.535221e-03
 9.713311e-01 -3.557385e-03
 9.723445e-01 -3.576661e-03
 9.733579e-01 -3.599668e-03
 9.743713e-01 -3.620924e-03
 9.753848e-01 -3.658474e-03
 9.763982e-01 -3.682208e-03
 9.774116e-01 -3.699941e-03
 9.784250e-01 -3.731268e-03
 9.794384e-01 -3.756095e-03
 9.804519e-01 -3.803709e-03
 9.814653e-01 -3.844724e-03
 9.824787e-01 -3.876652e-03
 9.834921e-01 -3.909272e-03
 9.845055e-01 -3.940486e-03
 9.855189e-01 -3.965585e-03
 9.865324e-01 -3.978989e-03
 9.875458e-01 -3.993455e-03
 9.885592e-01 -4.012311e-03
 9.895726e-01 -4.027083e-03
 9.905860e-01 -4.021142e-03
 9.915994e-01 -4.021621e-03
 9.926129e-01 -4.033995e-03
 9.936263e-01 -4.039666e-03
 9.946397e-01 -4.048666e-03
 9.956531e-01 -4.055906e-03
 9.966665e-01 -4.059715e-03
 9.976800e-01 -4.071253e-03
 9.986934e-01 -4.077307e-03
 9.997068e-01 -4.085480e-03
 1.000720e+00 -4.097794e-03
 1.001734e+00 -4.129340e-03
 1.002747e+00 -4.147120e-03
 1.003760e+00 -4.158770e-03
 1.004774e+00 -4.164396e-03
 1.005787e+00 -4.180047e-03
 1.006801e+00 -4.202702e-03
 1.007814e+00 -4.204876e-03
 1.008828e+00 -4.209547e-03
 1.009841e+00 -4.229047e-03
 1.010854e+00 -4.238763e-03
 1.011868e+00 -4.237711e-03
 1.012881e+00 -4.246544e-03
 1.013895e+00 -4.251855e-03
 1.014908e+00 -4.261958e-03
 1.015921e+00 -4.267975e-03
 1.016935e+00 -4.277243e-03
 1.017948e+00 -4.281711e-03
 1.018962e+00 -4.287695e-03
 1.019975e+00 -4.295142e-03
 1.020989e+00 -4.297710e-03
 1.022002e+00 -4.300362e-03
 1.023015e+00 -4.309900e-03
 1.024029e+00 -4.319326e-03
 1.025042e+00 -4.328351e-03
 1.026056e+00 -4.334487e-03
 1.027069e+00 -4.335286e-03
 1.028082e+00 -4.336591e-03
 1.029096e+00 -4.328351e-03
 1.030109e+00 -4.326785e-03
 1.031123e+00 -4.324225e-03
 1.032136e+00 -4.324263e-03
 1.033150e+00 -4.328023e-03
 1.034163e+00 -4.329895e-03
 1.035176e+00 -4.327700e-03
 1.036190e+00 -4.335790e-03
 1.037203e+00 -4.343433e-03
 1.038217e+00 -4.347981e-03
 1.039230e+00 -4.355910e-03
 1.040244e+00 -4.369400e-03
 1.041257e+00 -4.377911e-03
 1.042270e+00 -4.377762e-03
 1.043284e+00 -4.396024e-03
 1.044297e+00 -4.405456e-03
 1.045311e+00 -4.407505e-03
 1.046324e+00 -4.415917e-03
 1.047337e+00 -4.428588e-03
 1.048351e+00 -4.435378e-03
 1.049364e+00 -4.436484e-03
 1.050378e+00 -4.437297e-03
 1.051391e+00 -4.445640e-03
 1.052405e+00 -4.440161e-03
 1.053418e+00 -4.441172e-03
 1.054431e+00 -4.447539e-03
 1.055445e+00 -4.449099e-03
 1.056458e+00 -4.445075e-03
 1.057472e+00 -4.454081e-03
 1.058485e+00 -4.458460e-03
 1.059498e+00 -4.463720e-03
 1.060512e+00 -4.481919e-03
 1.061525e+00 -4.503035e-03
 1.062539e+00 -4.517658e-03
 1.063552e+00 -4.526103e-03
 1.064566e+00 -4.555712e-03
 1.065579e+00 -4.573945e-03
 1.066592e+00 -4.588077e-03
 1.067606e+00 -4.606890e-03
 1.068619e+00 -4.621019e-03
 1.069633e+00 -4.638114e-03
 1.070646e+00 -4.654526e-03
 1.071659e+00 -4.665613e-03
 1.072673e+00 -4.687544e-03
 1.073686e+00 -4.700514e-03
 1.074700e+00 -4.717738e-03
 1.075713e+00 -4.744103e-03
 1.076727e+00 -4.766279e-03
 1.077740e+00 -4.790760e-03
 1.078753e+00 -4.816231e-03
 1.079767e+00 -4.837875e-03
 1.080780e+00 -4.866338e-03
 1.081794e+00 -4.900302e-03
 1.082807e+00 -4.932859e-03
 1.083820e+00 -4.959304e-03
 1.084834e+00 -4.988502e-03
 1.085847e+00 -5.013313e-03
 1.086861e+00 -5.029380e-03
 1.087874e+00 -5.054999e-03
 1.088888e+00 -5.077976e-03
 1.089901e+00 -5.092909e-03
 1.090914e+00 -5.113796e-03
 1.091928e+00 -5.132724e-03
 1.092941e+00 -5.149726e-03
 1.093955e+00 -5.167087e-03
 1.094968e+00 -5.177627e-03
 1.095981e+00 -5.197219e-03
 1.096995e+00 -5.216551e-03
 1.098008e+00 -5.229386e-03
 1.099022e+00 -5.242014e-03
 1.100035e+00 -5.262458e-03
 1.101049e+00 -5.283276e-03
 1.102062e+00 -5.296702e-03
 1.103075e+00 -5.314678e-03
 1.104089e+00 -5.332686e-03
 1.105102e+00 -5.348765e-03
 1.106116e+00 -5.372943e-03
 1.107129e+00 -5.398607e-03
 1.108142e+00 -5.412571e-03
 1.109156e+00 -5.432020e-03
 1.110169e+00 -5.458112e-03
 1.111183e+00 -5.484985e-03
 1.112196e+00 -5.503475e-03
 1.113210e+00 -5.527506e-03
 1.114223e+00 -5.554289e-03
 1.115236e+00 -5.572637e-03
 1.116250e+00 -5.585864e-03
 1.117263e+00 -5.602435e-03
 1.118277e+00 -5.625372e-03
 1.119290e+00 -5.645642e-03
 1.120304e+00 -5.657207e-03
 1.121317e+00 -5.675226e-03
 1.122330e+00 -5.697581e-03
 1.123344e+00 -5.711833e-03
 1.124357e+00 -5.741425e-03
 1.125371e+00 -5.762154e-03
 1.126384e+00 -5.785673e-03
 1.127397e+00 -5.811824e-03
 1.128411e+00 -5.833521e-03
 1.129424e+00 -5.848875e-03
 1.130438e+00 -5.871071e-03
 1.131451e+00 -5.889038e-03
 1.132465e+00 -5.913098e-03
 1.133478e+00 -5.935522e-03
 1.134491e+00 -5.956743e-03
 1.135505e+00 -5.979032e-03
 1.136518e+00 -5.997631e-03
 1.137532e+00 -6.020348e-03
 1.138545e+00 -6.045196e-03
 1.139558e+00 -6.061681e-03
 1.140572e+00 -6.084501e-03
 1.141585e+00 -6.107829e-03
 1.142599e+00 -6.118571e-03
 1.143612e+00 -6.131245e-03
 1.144626e+00 -6.151123e-03
 1.145639e+00 -6.167924e-03
 1.146652e+00 -6.179241e-03
 1.147666e+00 -6.192835e-03
 1.148679e+00 -6.210165e-03
 1.149693e+00 -6.225109e-03
 1.150706e+00 -6.234667e-03
 1.151719e+00 -6.253749e-03
 1.152733e+00 -6.270632e-03
 1.153746e+00 -6.287343e-03
 1.154760e+00 -6.306882e-03
 1.155773e+00 -6.326936e-03
 1.156787e+00 -6.344362e-03
 1.157800e+00 -6.364903e-03
 1.158813e+00 -6.392071e-03
 1.159827e+00 -6.409008e-03
 1.160840e+00 -6.425150e-03
 1.161854e+00 -6.446937e-03
 1.162867e+00 -6.468379e-03
 1.163880e+00 -6.486771e-03
 1.164894e+00 -6.504349e-03
 1.165907e+00 -6.528356e-03
 1.166921e+00 -6.550777e-03
 1.167934e+00 -6.567447e-03
 1.168948e+00 -6.588165e-03
 1.169961e+00 -6.608775e-03
 1.170974e+00 -6.623730e-03
 1.171988e+00 -6.640618e-03
 1.173001e+00 -6.657306e-03
 1.174015e+00 -6.673659e-03
 1.175028e+00 -6.690066e-03
 1.176041e+00 -6.712406e-03
 1.177055e+00 -6.732309e-03
 1.178068e+00 -6.750793e-03
 1.179082e+00 -6.772086e-03
 1.180095e+00 -6.790251e-03
 1.181109e+00 -6.809418e-03
 1.182122e+00 -6.829225e-03
 1.183135e+00 -6.847213e-03
 1.184149e+00 -6.865923e-03
 1.185162e+00 -6.885478e-03
 1.186176e+00 -6.901857e-03
 1.187189e+00 -6.920388e-03
 1.188202e+00 -6.933938e-03
 1.189216e+00 -6.948402e-03
 1.190229e+00 -6.966076e-03
 1.191243e+00 -6.987088e-03
 1.192256e+00 -7.002860e-03
 1.193270e+00 -7.018819e-03
 1.194283e+00 -7.040068e-03
 1.195296e+00 -7.059851e-03
 1.196310e+00 -7.076770e-03
 1.197323e+00 -7.093936e-03
 1.198337e+00 -7.113636e-03
 1.199350e+00 -7.133873e-03
 1.200364e+00 -7.151787e-03
 1.201377e+00 -7.169878e-03
 1.202390e+00 -7.188942e-03
 1.203404e+00 -7.192995e-03
 1.204417e+00 -7.193860e-03
 1.205431e+00 -7.194376e-03
 1.206444e+00 -7.194949e-03
 1.207457e+00 -7.201649e-03
 1.208471e+00 -7.200556e-03
 1.209484e+00 -7.191932e-03
 1.210498e+00 -7.189389e-03
 1.211511e+00 -7.186390e-03
 1.212525e+00 -7.183482e-03
 1.213538e+00 -7.172952e-03
 1.214551e+00 -7.163741e-03
 1.215565e+00 -7.154149e-03
 1.216578e+00 -7.139524e-03
 1.217592e+00 -7.135683e-03
 1.218605e+00 -7.124053e-03
 1.219618e+00 -7.111590e-03
 1.220632e+00 -7.105103e-03
 1.221645e+00 -7.089423e-03
 1.222659e+00 -7.065834e-03
 1.223672e+00 -7.049978e-03
 1.224686e+00 -7.038197e-03
 1.225699e+00 -7.023196e-03
 1.226712e+00 -7.002559e-03
 1.227726e+00 -6.982621e-03
 1.228739e+00 -6.963615e-03
 1.229753e+00 -6.941034e-03
 1.230766e+00 -6.926029e-03
 1.231779e+00 -6.909261e-03
 1.232793e+00 -6.888586e-03
 1.233806e+00 -6.862412e-03
 1.234820e+00 -6.839409e-03
 1.235833e+00 -6.814500e-03
 1.236847e+00 -6.784203e-03
 1.237860e+00 -6.749391e-03
 1.238873e+00 -6.718162e-03
 1.239887e+00 -6.690134e-03
 1.240900e+00 -6.653039e-03
 1.241914e+00 -6.615250e-03
 1.242927e+00 -6.585104e-03
 1.243940e+00 -6.562998e-03
 1.244954e+00 -6.531001e-03
 1.245967e+00 -6.502395e-03
 1.246981e+00 -6.472755e-03
 1.247994e+00 -6.444963e-03
 1.249008e+00 -6.408962e-03
 1.250021e+00 -6.380321e-03
 1.251034e+00 -6.352743e-03
 1.252048e+00 -6.323387e-03
 1.253061e+00 -6.290920e-03
 1.254075e+00 -6.258890e-03
 1.255088e+00 -6.227429e-03
 1.256101e+00 -6.193040e-03
 1.257115e+00 -6.157537e-03
 1.258128e+00 -6.128520e-03
 1.259142e+00 -6.094840e-03
 1.260155e+00 -6.055309e-03
 1.261169e+00 -6.022846e-03
 1.262182e+00 -5.994513e-03
 1.263195e+00 -5.954028e-03
 1.264209e+00 -5.918057e-03
 1.265222e+00 -5.888034e-03
 1.266236e+00 -5.849066e-03
 1.267249e+00 -5.813629e-03
 1.268262e+00 -5.777631e-03
 1.269276e+00 -5.745537e-03
 1.270289e+00 -5.710258e-03
 1.271303e+00 -5.679583e-03
 1.272316e+00 -5.647932e-03
 1.273330e+00 -5.611733e-03
 1.274343e+00 -5.573811e-03
 1.275356e+00 -5.539127e-03
 1.276370e+00 -5.504353e-03
 1.277383e+00 -5.460862e-03
 1.278397e+00 -5.420366e-03
 1.279410e+00 -5.381035e-03
 1.280424e+00 -5.334926e-03
 1.281437e+00 -5.291932e-03
 1.282450e+00 -5.250980e-03
 1.283464e+00 -5.207801e-03
 1.284477e+00 -5.162363e-03
 1.285491e+00 -5.122391e-03
 1.286504e+00 -5.081814e-03
 1.287517e+00 -5.040242e-03
 1.288531e+00 -5.001893e-03
 1.289544e+00 -4.966131e-03
 1.290558e+00 -4.925899e-03
 1.291571e+00 -4.884226e-03
 1.292585e+00 -4.847687e-03
 1.293598e+00 -4.808727e-03
 1.294611e+00 -4.768647e-03
 1.295625e+00 -4.729803e-03
 1.296638e+00 -4.691714e-03
 1.297652e+00 -4.650126e-03
 1.298665e+00 -4.606408e-03
 1.299678e+00 -4.565606e-03
 1.300692e+00 -4.526437e-03
 1.301705e+00 -4.485194e-03
 1.302719e+00 -4.441742e-03
 1.303732e+00 -4.403367e-03
 1.304746e+00 -4.361585e-03
 1.305759e+00 -4.318327e-03
 1.306772e+00 -4.278089e-03
 1.307786e+00 -4.236615e-03
 1.308799e+00 -4.193911e-03
 1.309813e+00 -4.154051e-03
 1.310826e+00 -4.114358e-03
 1.311839e+00 -4.073781e-03
 1.312853e+00 -4.035025e-03
 1.313866e+00 -3.995277e-03
 1.314880e+00 -3.956099e-03
 1.315893e+00 -3.916083e-03
 1.316907e+00 -3.875555e-03
 1.317920e+00 -3.833102e-03
 1.318933e+00 -3.791848e-03
 1.319947e+00 -3.751857e-03
 1.320960e+00 -3.712939e-03
 1.321974e+00 -3.669611e-03
 1.322987e+00 -3.626754e-03
 1.324000e+00 -3.587596e-03
 1.325014e+00 -3.550641e-03
 1.326027e+00 -3.513859e-03
 1.327041e+00 -3.477942e-03
 1.328054e+00 -3.440784e-03
 1.329068e+00 -3.406333e-03
 1.330081e+00 -3.369965e-03
 1.331094e+00 -3.331989e-03
 1.332108e+00 -3.291283e-03
 1.333121e+00 -3.252033e-03
 1.334135e+00 -3.212931e-03
 1.335148e+00 -3.170315e-03
 1.336161e+00 -3.130285e-03
 1.337175e+00 -3.089707e-03
 1.338188e+00 -3.049714e-03
 1.339202e+00 -3.001459e-03
 1.340215e+00 -2.953297e-03
 1.341229e+00 -2.905456e-03
 1.342242e+00 -2.859042e-03
 1.343255e+00 -2.813013e-03
 1.344269e+00 -2.764358e-03
 1.345282e+00 -2.713159e-03
 1.346296e+00 -2.661812e-03
 1.347309e+00 -2.612130e-03
 1.348322e+00 -2.556683e-03
 1.349336e+00 -2.502457e-03
 1.350349e+00 -2.447276e-03
 1.351363e+00 -2.392486e-03
 1.352376e+00 -2.334778e-03
 1.353390e+00 -2.272277e-03
 1.354403e+00 -2.211372e-03
 1.355416e+00 -2.150497e-03
 1.356430e+00 -2.087033e-03
 1.357443e+00 -2.022915e-03
 1.358457e+00 -1.958641e-03
 1.359470e+00 -1.894288e-03
 1.360484e+00 -1.831364e-03
 1.361497e+00 -1.768785e-03
 1.362510e+00 -1.706760e-03
 1.363524e+00 -1.642380e-03
 1.364537e+00 -1.577709e-03
 1.365551e+00 -1.510807e-03
 1.366564e+00 -1.444272e-03
 1.367577e+00 -1.380760e-03
 1.368591e+00 -1.317330e-03
 1.369604e+00 -1.251245e-03
 1.370618e+00 -1.185969e-03
 1.371631e+00 -1.118113e-03
 1.372645e+00 -1.050039e-03
 1.373658e+00 -9.826187e-04
 1.374671e+00 -9.112578e-04
 1.375685e+00 -8.423782e-04
 1.376698e+00 -7.750945e-04
 1.377712e+00 -7.030149e-04
 1.378725e+00 -6.301631e-04
 1.379738e+00 -5.592359e-04
 1.380752e+00 -4.900325e-04
 1.381765e+00 -4.214029e-04
 1.382779e+00 -3.561394e-04
 1.383792e+00 -2.879505e-04
 1.384806e+00 -2.221574e-04
 1.385819e+00 -1.587033e-04
 1.386832e+00 -8.643809e-05
 1.387846e+00 -1.195674e-05
 1.388859e+00  5.807950e-05
 1.389873e+00  1.259677e-04
 1.390886e+00  1.921719e-04
 1.391899e+00  2.733093e-04
 1.392913e+00  3.527042e-04
 1.393926e+00  4.377488e-04
 1.394940e+00  5.224987e-04
 1.395953e+00  6.131164e-04
 1.396967e+00  6.914756e-04
 1.397980e+00  7.655729e-04
 1.398993e+00  8.341664e-04
 1.400007e+00  8.957343e-04
 1.401020e+00  9.569122e-04
 1.402034e+00  1.017207e-03
 1.403047e+00  1.070712e-03
 1.404060e+00  1.110343e-03
 1.405074e+00  1.159888e-03
 1.406087e+00  1.210582e-03
 1.407101e+00  1.257428e-03
 1.408114e+00  1.312267e-03
 1.409128e+00  1.372619e-03
 1.410141e+00  1.435154e-03
 1.411154e+00  1.491197e-03
 1.412168e+00  1.545539e-03
 1.413181e+00  1.597783e-03
 1.414195e+00  1.649369e-03
 1.415208e+00  1.690219e-03
 1.416221e+00  1.727665e-03
 1.417235e+00  1.767112e-03
 1.418248e+00  1.799800e-03
 1.419262e+00  1.831126e-03
 1.420275e+00  1.854710e-03
 1.421289e+00  1.879825e-03
 1.422302e+00  1.901007e-03
 1.423315e+00  1.923330e-03
 1.424329e+00  1.938539e-03
 1.425342e+00  1.955980e-03
 1.426356e+00  1.981219e-03
 1.427369e+00  2.003670e-03
 1.428382e+00  2.025122e-03
 1.429396e+00  2.043083e-03
 1.430409e+00  2.062060e-03
 1.431423e+00  2.087295e-03
 1.432436e+00  2.113111e-03
 1.433450e+00  2.137578e-03
 1.434463e+00  2.157830e-03
 1.435476e+00  2.177982e-03
 1.436490e+00  2.193582e-03
 1.437503e+00  2.209053e-03
 1.438517e+00  2.232246e-03
 1.439530e+00  2.243843e-03
 1.440544e+00  2.246150e-03
 1.441557e+00  2.261352e-03
 1.442570e+00  2.269533e-03
 1.443584e+00  2.288367e-03
 1.444597e+00  2.293739e-03
 1.445611e+00  2.307885e-03
 1.446624e+00  2.331152e-03
 1.447637e+00  2.334862e-03
 1.448651e+00  2.339018e-03
 1.449664e+00  2.352156e-03
 1.450678e+00  2.358706e-03
 1.451691e+00  2.357231e-03
 1.452705e+00  2.362043e-03
 1.453718e+00  2.361453e-03
 1.454731e+00  2.360100e-03
 1.455745e+00  2.355704e-03
 1.456758e+00  2.350864e-03
 1.457772e+00  2.359237e-03
 1.458785e+00  2.361538e-03
 1.459798e+00  2.361251e-03
 1.460812e+00  2.354481e-03
 1.461825e+00  2.355593e-03
 1.462839e+00  2.365349e-03
 1.463852e+00  2.362345e-03
 1.464866e+00  2.367242e-03
 1.465879e+00  2.374732e-03
 1.466892e+00  2.387044e-03
 1.467906e+00  2.398758e-03
 1.468919e+00  2.406070e-03
 1.469933e+00  2.413071e-03
 1.470946e+00  2.414923e-03
 1.471959e+00  2.410782e-03
 1.472973e+00  2.414665e-03
 1.473986e+00  2.415110e-03
 1.475000e+00  2.417896e-03
 1.476013e+00  2.415488e-03
 1.477027e+00  2.410857e-03
 1.478040e+00  2.405570e-03
 1.479053e+00  2.397896e-03
 1.480067e+00  2.389213e-03
 1.481080e+00  2.391316e-03
 1.482094e+00  2.385343e-03
 1.483107e+00  2.381287e-03
 1.484120e+00  2.383887e-03
 1.485134e+00  2.375587e-03
 1.486147e+00  2.366909e-03
 1.487161e+00  2.370126e-03
 1.488174e+00  2.376838e-03
 1.489188e+00  2.381843e-03
 1.490201e+00  2.387662e-03
 1.491214e+00  2.392602e-03
 1.492228e+00  2.404980e-03
 1.493241e+00  2.404807e-03
 1.494255e+00  2.407886e-03
 1.495268e+00  2.410456e-03
 1.496281e+00  2.413975e-03
 1.497295e+00  2.415022e-03
 1.498308e+00  2.412928e-03
 1.499322e+00  2.404073e-03
 1.500335e+00  2.398985e-03
 1.501349e+00  2.392959e-03
 1.502362e+00  2.388508e-03
 1.503375e+00  2.390459e-03
 1.504389e+00  2.389554e-03
 1.505402e+00  2.388853e-03
 1.506416e+00  2.395820e-03
 1.507429e+00  2.393465e-03
 1.508442e+00  2.390908e-03
 1.509456e+00  2.404952e-03
 1.510469e+00  2.415144e-03
 1.511483e+00  2.417968e-03
 1.512496e+00  2.424057e-03
 1.513510e+00  2.431620e-03
 1.514523e+00  2.439133e-03
 1.515536e+00  2.441461e-03
 1.516550e+00  2.444135e-03
 1.517563e+00  2.450494e-03
 1.518577e+00  2.453225e-03
 1.519590e+00  2.448791e-03
 1.520604e+00  2.450091e-03
 1.521617e+00  2.454438e-03
 1.522630e+00  2.450924e-03
 1.523644e+00  2.452723e-03
 1.524657e+00  2.462046e-03
 1.525671e+00  2.469551e-03
 1.526684e+00  2.475585e-03
 1.527697e+00  2.490624e-03
 1.528711e+00  2.505157e-03
 1.529724e+00  2.519765e-03
 1.530738e+00  2.541279e-03
 1.531751e+00  2.561951e-03
 1.532765e+00  2.583798e-03
 1.533778e+00  2.602282e-03
 1.534791e+00  2.622711e-03
 1.535805e+00  2.643401e-03
 1.536818e+00  2.661983e-03
 1.537832e+00  2.682454e-03
 1.538845e+00  2.700563e-03
 1.539858e+00  2.714798e-03
 1.540872e+00  2.733674e-03
 1.541885e+00  2.750555e-03
 1.542899e+00  2.754460e-03
 1.543912e+00  2.756583e-03
 1.544926e+00  2.760188e-03
 1.545939e+00  2.762300e-03
 1.546952e+00  2.767838e-03
 1.547966e+00  2.774332e-03
 1.548979e+00  2.780325e-03
 1.549993e+00  2.791570e-03
 1.551006e+00  2.802507e-03
 1.552019e+00  2.816371e-03
 1.553033e+00  2.830455e-03
 1.554046e+00  2.848060e-03
 1.555060e+00  2.865185e-03
 1.556073e+00  2.882244e-03
 1.557087e+00  2.909996e-03
 1.558100e+00  2.924920e-03
 1.559113e+00  2.937786e-03
 1.560127e+00  2.957706e-03
 1.561140e+00  2.974369e-03
 1.562154e+00  2.992859e-03
 1.563167e+00  3.009174e-03
 1.564180e+00  3.026177e-03
 1.565194e+00  3.045979e-03
 1.566207e+00  3.060197e-03
 1.567221e+00  3.070375e-03
 1.568234e+00  3.086816e-03
 1.569248e+00  3.098561e-03
 1.570261e+00  3.111008e-03
 1.571274e+00  3.131393e-03
 1.572288e+00  3.151187e-03
 1.573301e+00  3.162862e-03
 1.574315e+00  3.180161e-03
 1.575328e+00  3.202929e-03
 1.576341e+00  3.221472e-03
 1.577355e+00  3.239781e-03
 1.578368e+00  3.260902e-03
 1.579382e+00  3.280003e-03
 1.580395e+00  3.295117e-03
 1.581409e+00  3.313054e-03
 1.582422e+00  3.329584e-03
 1.583435e+00  3.343311e-03
 1.584449e+00  3.356909e-03
 1.585462e+00  3.370765e-03
 1.586476e+00  3.381865e-03
 1.587489e+00  3.394370e-03
 1.588502e+00  3.408791e-03
 1.589516e+00  3.421715e-03
 1.590529e+00  3.439033e-03
 1.591543e+00  3.456602e-03
 1.592556e+00  3.469090e-03
 1.593570e+00  3.483410e-03
 1.594583e+00  3.497578e-03
 1.595596e+00  3.512498e-03
 1.596610e+00  3.529328e-03
 1.597623e+00  3.548207e-03
 1.598637e+00  3.548506e-03
 1.599650e+00  3.549006e-03
 1.600664e+00  3.552691e-03
 1.601677e+00  3.557857e-03
 1.602690e+00  3.554113e-03
 1.603704e+00  3.552126e-03
 1.604717e+00  3.544527e-03
 1.605731e+00  3.543420e-03
 1.606744e+00  3.536441e-03
 1.607757e+00  3.517095e-03
 1.608771e+00  3.502820e-03
 1.609784e+00  3.489513e-03
 1.610798e+00  3.466584e-03
 1.611811e+00  3.449399e-03
 1.612825e+00  3.433037e-03
 1.613838e+00  3.418058e-03
 1.614851e+00  3.397579e-03
 1.615865e+00  3.376418e-03
 1.616878e+00  3.362864e-03
 1.617892e+00  3.349947e-03
 1.618905e+00  3.330735e-03
 1.619918e+00  3.317147e-03
 1.620932e+00  3.304585e-03
 1.621945e+00  3.291794e-03
 1.622959e+00  3.274782e-03
 1.623972e+00  3.258128e-03
 1.624986e+00  3.239533e-03
 1.625999e+00  3.217855e-03
 1.627012e+00  3.189338e-03
 1.628026e+00  3.163478e-03
 1.629039e+00  3.138518e-03
 1.630053e+00  3.115523e-03
 1.631066e+00  3.082873e-03
 1.632079e+00  3.044140e-03
 1.633093e+00  3.005712e-03
 1.634106e+00  2.968146e-03
 1.635120e+00  2.933646e-03
 1.636133e+00  2.897445e-03
 1.637147e+00  2.861724e-03
 1.638160e+00  2.826497e-03
 1.639173e+00  2.790965e-03
 1.640187e+00  2.762264e-03
 1.641200e+00  2.731533e-03
 1.642214e+00  2.696350e-03
 1.643227e+00  2.672229e-03
 1.644240e+00  2.643215e-03
 1.645254e+00  2.605460e-03
 1.646267e+00  2.574220e-03
 1.647281e+00  2.542762e-03
 1.648294e+00  2.508778e-03
 1.649308e+00  2.471392e-03
 1.650321e+00  2.433000e-03
 1.651334e+00  2.392331e-03
 1.652348e+00  2.352475e-03
 1.653361e+00  2.311998e-03
 1.654375e+00  2.277571e-03
 1.655388e+00  2.240273e-03
 1.656401e+00  2.199902e-03
 1.657415e+00  2.166879e-03
 1.658428e+00  2.132135e-03
 1.659442e+00  2.095032e-03
 1.660455e+00  2.063912e-03
 1.661469e+00  2.035968e-03
 1.662482e+00  2.000727e-03
 1.663495e+00  1.970216e-03
 1.664509e+00  1.940069e-03
 1.665522e+00  1.901799e-03
 1.666536e+00  1.864268e-03
 1.667549e+00  1.827879e-03
 1.668562e+00  1.790437e-03
 1.669576e+00  1.752259e-03
 1.670589e+00  1.713518e-03
 1.671603e+00  1.678456e-03
 1.672616e+00  1.635389e-03
 1.673630e+00  1.595221e-03
 1.674643e+00  1.558849e-03
 1.675656e+00  1.521130e-03
 1.676670e+00  1.484053e-03
 1.677683e+00  1.452283e-03
 1.678697e+00  1.419530e-03
 1.679710e+00  1.381632e-03
 1.680724e+00  1.345454e-03
 1.681737e+00  1.310984e-03
 1.682750e+00  1.273406e-03
 1.683764e+00  1.236857e-03
 1.684777e+00  1.200229e-03
 1.685791e+00  1.162044e-03
 1.686804e+00  1.121222e-03
 1.687817e+00  1.078229e-03
 1.688831e+00  1.038143e-03
 1.689844e+00  9.941331e-04
 1.690858e+00  9.486539e-04
 1.691871e+00  9.053665e-04
 1.692885e+00  8.557435e-04
 1.693898e+00  8.091650e-04
 1.694911e+00  7.623068e-04
 1.695925e+00  7.140917e-04
 1.696938e+00  6.656961e-04
 1.697952e+00  6.167963e-04
 1.698965e+00  5.716700e-04
 1.699978e+00  5.256207e-04
 1.700992e+00  4.785037e-04
 1.702005e+00  4.327895e-04
 1.703019e+00  3.856710e-04
 1.704032e+00  3.394298e-04
 1.705046e+00  2.944317e-04
 1.706059e+00  2.547806e-04
 1.707072e+00  2.100257e-04
 1.708086e+00  1.768097e-04
 1.709099e+00  1.464045e-04
 1.710113e+00  1.130417e-04
 1.711126e+00  8.089183e-05
 1.712139e+00  4.792932e-05
 1.713153e+00  5.851079e-06
 1.714166e+00 -3.383140e-05
 1.715180e+00 -6.860991e-05
 1.716193e+00 -1.348479e-04
 1.717207e+00 -1.857287e-04
 1.718220e+00 -2.425116e-04
 1.719233e+00 -2.984253e-04
 1.720247e+00 -3.501179e-04
 1.721260e+00 -3.856292e-04
 1.722274e+00 -4.318869e-04
 1.723287e+00 -4.795777e-04
 1.724300e+00 -5.091329e-04
 1.725314e+00 -5.367625e-04
 1.726327e+00 -5.680368e-04
 1.727341e+00 -5.982094e-04
 1.728354e+00 -6.228149e-04
 1.729368e+00 -6.458517e-04
 1.730381e+00 -6.692701e-04
 1.731394e+00 -6.968132e-04
 1.732408e+00 -7.253413e-04
 1.733421e+00 -7.543018e-04
 1.734435e+00 -7.757682e-04
 1.735448e+00 -8.034379e-04
 1.736461e+00 -8.333852e-04
 1.737475e+00 -8.598244e-04
 1.738488e+00 -8.852003e-04
 1.739502e+00 -9.080664e-04
 1.740515e+00 -9.275187e-04
 1.741529e+00 -9.476027e-04
 1.742542e+00 -9.610742e-04
 1.743555e+00 -9.728816e-04
 1.744569e+00 -9.873929e-04
 1.745582e+00 -9.965330e-04
 1.746596e+00 -9.982275e-04
 1.747609e+00 -1.001826e-03
 1.748622e+00 -1.002076e-03
 1.749636e+00 -9.984731e-04
 1.750649e+00 -9.933630e-04
 1.751663e+00 -9.962236e-04
 1.752676e+00 -9.975633e-04
 1.753690e+00 -9.926770e-04
 1.754703e+00 -9.878237e-04
 1.755716e+00 -9.921160e-04
 1.756730e+00 -9.929998e-04
 1.757743e+00 -9.982138e-04
 1.758757e+00 -1.008480e-03
 1.759770e+00 -1.013194e-03
 1.760784e+00 -1.017357e-03
 1.761797e+00 -1.023932e-03
 1.762810e+00 -1.040973e-03
 1.763824e+00 -1.040804e-03
 1.764837e+00 -1.038445e-03
 1.765851e+00 -1.030031e-03
 1.766864e+00 -1.025810e-03
 1.767877e+00 -1.024091e-03
 1.768891e+00 -1.023188e-03
 1.769904e+00 -1.009255e-03
 1.770918e+00 -1.006622e-03
 1.771931e+00 -1.004473e-03
 1.772945e+00 -9.990906e-04
 1.773958e+00 -9.894950e-04
 1.774971e+00 -9.867530e-04
 1.775985e+00 -9.851862e-04
 1.776998e+00 -9.818923e-04
 1.778012e+00 -9.911004e-04
 1.779025e+00 -9.989380e-04
 1.780038e+00 -9.915764e-04
 1.781052e+00 -9.904968e-04
 1.782065e+00 -9.987272e-04
 1.783079e+00 -1.004450e-03
 1.784092e+00 -1.003299e-03
 1.785106e+00 -1.000848e-03
 1.786119e+00 -9.997505e-04
 1.787132e+00 -9.993980e-04
 1.788146e+00 -9.882210e-04
 1.789159e+00 -9.853488e-04
 1.790173e+00 -9.811897e-04
 1.791186e+00 -9.739115e-04
 1.792199e+00 -9.698939e-04
 1.793213e+00 -9.651810e-04
 1.794226e+00 -9.587561e-04
 1.795240e+00 -9.568284e-04
 1.796253e+00 -9.619215e-04
 1.797267e+00 -9.587786e-04
 1.798280e+00 -9.622002e-04
 1.799293e+00 -9.702254e-04
 1.800307e+00 -9.754284e-04
 1.801320e+00 -9.794443e-04
 1.802334e+00 -9.831416e-04
 1.803347e+00 -9.895194e-04
 1.804360e+00 -9.905761e-04
 1.805374e+00 -9.906339e-04
 1.806387e+00 -9.878755e-04
 1.807401e+00 -9.864240e-04
 1.808414e+00 -9.783900e-04
 1.809428e+00 -9.733201e-04
 1.810441e+00 -9.684363e-04
 1.811454e+00 -9.620840e-04
 1.812468e+00 -9.592583e-04
 1.813481e+00 -9.559824e-04
 1.814495e+00 -9.527416e-04
 1.815508e+00 -9.513549e-04
 1.816521e+00 -9.523049e-04
 1.817535e+00 -9.570669e-04
 1.818548e+00 -9.576924e-04
 1.819562e+00 -9.650713e-04
 1.820575e+00 -9.749493e-04
 1.821589e+00 -9.840908e-04
 1.822602e+00 -9.914390e-04
 1.823615e+00 -9.985519e-04
 1.824629e+00 -1.007076e-03
 1.825642e+00 -1.012660e-03
 1.826656e+00 -1.019082e-03
 1.827669e+00 -1.026386e-03
 1.828682e+00 -1.032217e-03
 1.829696e+00 -1.034670e-03
 1.830709e+00 -1.040553e-03
 1.831723e+00 -1.048000e-03
 1.832736e+00 -1.061231e-03
 1.833750e+00 -1.066073e-03
 1.834763e+00 -1.075604e-03
 1.835776e+00 -1.086802e-03
 1.836790e+00 -1.096012e-03
 1.837803e+00 -1.095494e-03
 1.838817e+00 -1.100942e-03
 1.839830e+00 -1.103867e-03
 1.840844e+00 -1.111357e-03
 1.841857e+00 -1.117529e-03
 1.842870e+00 -1.125568e-03
 1.843884e+00 -1.137844e-03
 1.844897e+00 -1.144242e-03
 1.845911e+00 -1.148645e-03
 1.846924e+00 -1.159473e-03
 1.847937e+00 -1.171389e-03
 1.848951e+00 -1.180844e-03
 1.849964e+00 -1.192493e-03
 1.850978e+00 -1.205872e-03
 1.851991e+00 -1.218195e-03
 1.853005e+00 -1.229219e-03
 1.854018e+00 -1.245799e-03
 1.855031e+00 -1.255896e-03
 1.856045e+00 -1.268358e-03
 1.857058e+00 -1.277878e-03
 1.858072e+00 -1.286024e-03
 1.859085e+00 -1.291848e-03
 1.860098e+00 -1.295251e-03
 1.861112e+00 -1.301703e-03
 1.862125e+00 -1.307036e-03
 1.863139e+00 -1.308360e-03
 1.864152e+00 -1.313360e-03
 1.865166e+00 -1.314208e-03
 1.866179e+00 -1.304826e-03
 1.867192e+00 -1.296476e-03
 1.868206e+00 -1.294428e-03
 1.869219e+00 -1.298925e-03
 1.870233e+00 -1.288919e-03
 1.871246e+00 -1.280512e-03
 1.872259e+00 -1.274337e-03
 1.873273e+00 -1.267004e-03
 1.874286e+00 -1.252891e-03
 1.875300e+00 -1.239605e-03
 1.876313e+00 -1.221949e-03
 1.877327e+00 -1.205268e-03
 1.878340e+00 -1.185589e-03
 1.879353e+00 -1.163071e-03
 1.880367e+00 -1.142796e-03
 1.881380e+00 -1.116507e-03
 1.882394e+00 -1.085930e-03
 1.883407e+00 -1.061683e-03
 1.884420e+00 -1.040320e-03
 1.885434e+00 -1.012104e-03
 1.886447e+00 -9.875848e-04
 1.887461e+00 -9.628976e-04
 1.888474e+00 -9.403378e-04
 1.889488e+00 -9.167334e-04
 1.890501e+00 -8.864834e-04
 1.891514e+00 -8.616969e-04
 1.892528e+00 -8.346107e-04
 1.893541e+00 -8.053663e-04
 1.894555e+00 -7.748272e-04
 1.895568e+00 -7.475001e-04
 1.896581e+00 -7.167534e-04
 1.897595e+00 -6.896966e-04
 1.898608e+00 -6.574874e-04
 1.899622e+00 -6.246703e-04
 1.900635e+00 -5.896781e-04
 1.901649e+00 -5.588002e-04
 1.902662e+00 -5.260317e-04
 1.903675e+00 -4.944423e-04
 1.904689e+00 -4.593981e-04
 1.905702e+00 -4.220339e-04
 1.906716e+00 -3.826323e-04
 1.907729e+00 -3.416293e-04
 1.908743e+00 -3.052593e-04
 1.909756e+00 -2.649646e-04
 1.910769e+00 -2.259003e-04
 1.911783e+00 -1.916027e-04
 1.912796e+00 -1.564718e-04
 1.913810e+00 -1.255881e-04
 1.914823e+00 -9.651629e-05
 1.915836e+00 -6.540766e-05
 1.916850e+00 -3.560596e-05
 1.917863e+00 -8.555124e-06
 1.918877e+00  2.467702e-05
 1.919890e+00  5.325263e-05
 1.920904e+00  8.244017e-05
 1.921917e+00  1.147745e-04
 1.922930e+00  1.514231e-04
 1.923944e+00  1.881353e-04
 1.924957e+00  2.264682e-04
 1.925971e+00  2.668989e-04
 1.926984e+00  3.128840e-04
 1.927997e+00  3.468714e-04
 1.929011e+00  3.724810e-04
 1.930024e+00  4.035995e-04
 1.931038e+00  4.338336e-04
 1.932051e+00  4.652467e-04
 1.933065e+00  4.880445e-04
 1.934078e+00  5.116852e-04
 1.935091e+00  5.387108e-04
 1.936105e+00  5.628509e-04
 1.937118e+00  5.912342e-04
 1.938132e+00  6.194851e-04
 1.939145e+00  6.485255e-04
 1.940158e+00  6.809087e-04
 1.941172e+00  7.066832e-04
 1.942185e+00  7.287351e-04
 1.943199e+00  7.434344e-04
 1.944212e+00  7.562620e-04
 1.945226e+00  7.680438e-04
 1.946239e+00  7.822841e-04
 1.947252e+00  7.929211e-04
 1.948266e+00  7.991565e-04
 1.949279e+00  8.066046e-04
 1.950293e+00  8.105839e-04
 1.951306e+00  8.171380e-04
 1.952319e+00  8.324832e-04
 1.953333e+00  8.466381e-04
 1.954346e+00  8.591521e-04
 1.955360e+00  8.666936e-04
 1.956373e+00  8.723547e-04
 1.957387e+00  8.773279e-04
 1.958400e+00  8.813515e-04
 1.959413e+00  8.787908e-04
 1.960427e+00  8.753196e-04
 1.961440e+00  8.679588e-04
 1.962454e+00  8.589738e-04
 1.963467e+00  8.528712e-04
 1.964480e+00  8.428853e-04
 1.965494e+00  8.355974e-04
 1.966507e+00  8.303272e-04
 1.967521e+00  8.233009e-04
 1.968534e+00  8.161898e-04
 1.969548e+00  8.207503e-04
 1.970561e+00  8.203766e-04
 1.971574e+00  8.210123e-04
 1.972588e+00  8.189252e-04
 1.973601e+00  8.197338e-04
 1.974615e+00  8.222159e-04
 1.975628e+00  8.205911e-04
 1.976641e+00  8.228975e-04
 1.977655e+00  8.249288e-04
 1.978668e+00  8.266534e-04
 1.979682e+00  8.237678e-04
 1.980695e+00  8.119186e-04
 1.981709e+00  8.032392e-04
 1.982722e+00  7.974148e-04
 1.983735e+00  7.878510e-04
 1.984749e+00  7.780666e-04
 1.985762e+00  7.707245e-04
 1.986776e+00  7.610265e-04
 1.987789e+00  7.518533e-04
 1.988803e+00  7.474943e-04
 1.989816e+00  7.437651e-04
 1.990829e+00  7.389526e-04
 1.991843e+00  7.386960e-04
 1.992856e+00  7.411991e-04
 1.993870e+00  7.348990e-04
 1.994883e+00  7.322498e-04
 1.995896e+00  7.329373e-04
 1.996910e+00  7.327620e-04
 1.997923e+00  7.312581e-04
 1.998937e+00  7.352196e-04
 1.999950e+00  7.352346e-04
