acnk103-pp15-mxk5-h7 acnk103-pp15-mxk5-h7
1971 0.0
 5.412370e-04  6.623535e-08
 1.556056e-03  7.614039e-08
 2.570876e-03  1.148235e-07
 3.585695e-03  2.022558e-07
 4.600515e-03  3.578215e-07
 5.615334e-03  6.000309e-07
 6.630154e-03  9.414108e-07
 7.644973e-03  1.392610e-06
 8.659792e-03  1.968012e-06
 9.674612e-03  2.680288e-06
 1.068943e-02  3.540466e-06
 1.170425e-02  4.558936e-06
 1.271907e-02  5.745398e-06
 1.373389e-02  7.111810e-06
 1.474871e-02  8.673968e-06
 1.576353e-02  1.044995e-05
 1.677835e-02  1.245754e-05
 1.779317e-02  1.471249e-05
 1.880799e-02  1.723000e-05
 1.982281e-02  2.002751e-05
 2.083763e-02  2.312284e-05
 2.185244e-02  2.653150e-05
 2.286726e-02  3.026744e-05
 2.388208e-02  3.434263e-05
 2.489690e-02  3.876826e-05
 2.591172e-02  4.355973e-05
 2.692654e-02  4.873095e-05
 2.794136e-02  5.429656e-05
 2.895618e-02  6.027280e-05
 2.997100e-02  6.667290e-05
 3.098582e-02  7.351377e-05
 3.200064e-02  8.081066e-05
 3.301546e-02  8.857731e-05
 3.403028e-02  9.682368e-05
 3.504510e-02  1.055503e-04
 3.605992e-02  1.147814e-04
 3.707474e-02  1.245188e-04
 3.808956e-02  1.347638e-04
 3.910438e-02  1.455328e-04
 4.011919e-02  1.568275e-04
 4.113401e-02  1.675629e-04
 4.214883e-02  1.789615e-04
 4.316365e-02  1.906768e-04
 4.417847e-02  2.026650e-04
 4.519329e-02  2.146210e-04
 4.620811e-02  2.271639e-04
 4.722293e-02  2.398528e-04
 4.823775e-02  2.529133e-04
 4.925257e-02  2.659262e-04
 5.026739e-02  2.794608e-04
 5.128221e-02  2.937361e-04
 5.229703e-02  3.077747e-04
 5.331185e-02  3.219657e-04
 5.432667e-02  3.366642e-04
 5.534149e-02  3.522717e-04
 5.635631e-02  3.682097e-04
 5.737112e-02  3.848044e-04
 5.838594e-02  4.007902e-04
 5.940076e-02  4.166192e-04
 6.041558e-02  4.317126e-04
 6.143040e-02  4.476020e-04
 6.244522e-02  4.632263e-04
 6.346004e-02  4.787397e-04
 6.447486e-02  4.936529e-04
 6.548968e-02  5.086179e-04
 6.650450e-02  5.233649e-04
 6.751932e-02  5.384734e-04
 6.853414e-02  5.536563e-04
 6.954896e-02  5.689877e-04
 7.056378e-02  5.842542e-04
 7.157860e-02  5.996321e-04
 7.259342e-02  6.150668e-04
 7.360824e-02  6.307250e-04
 7.462305e-02  6.469551e-04
 7.563787e-02  6.628176e-04
 7.665269e-02  6.788935e-04
 7.766751e-02  6.949880e-04
 7.868233e-02  7.108371e-04
 7.969715e-02  7.274187e-04
 8.071197e-02  7.446294e-04
 8.172679e-02  7.618929e-04
 8.274161e-02  7.786978e-04
 8.375643e-02  7.962693e-04
 8.477125e-02  8.139349e-04
 8.578607e-02  8.321414e-04
 8.680089e-02  8.502482e-04
 8.781571e-02  8.689485e-04
 8.883053e-02  8.875049e-04
 8.984535e-02  9.063535e-04
 9.086017e-02  9.253442e-04
 9.187498e-02  9.452073e-04
 9.288980e-02  9.648419e-04
 9.390462e-02  9.851653e-04
 9.491944e-02  1.005693e-03
 9.593426e-02  1.027503e-03
 9.694908e-02  1.049594e-03
 9.796390e-02  1.072413e-03
 9.897872e-02  1.096112e-03
 9.999354e-02  1.120300e-03
 1.010084e-01  1.144594e-03
 1.020232e-01  1.169740e-03
 1.030380e-01  1.195341e-03
 1.040528e-01  1.221473e-03
 1.050676e-01  1.248283e-03
 1.060825e-01  1.275399e-03
 1.070973e-01  1.302719e-03
 1.081121e-01  1.330773e-03
 1.091269e-01  1.359191e-03
 1.101417e-01  1.388321e-03
 1.111566e-01  1.418007e-03
 1.121714e-01  1.448489e-03
 1.131862e-01  1.479371e-03
 1.142010e-01  1.511049e-03
 1.152158e-01  1.543530e-03
 1.162307e-01  1.576897e-03
 1.172455e-01  1.611031e-03
 1.182603e-01  1.645813e-03
 1.192751e-01  1.681169e-03
 1.202899e-01  1.717509e-03
 1.213047e-01  1.754560e-03
 1.223196e-01  1.792031e-03
 1.233344e-01  1.830071e-03
 1.243492e-01  1.868542e-03
 1.253640e-01  1.907292e-03
 1.263788e-01  1.946539e-03
 1.273937e-01  1.986111e-03
 1.284085e-01  2.025892e-03
 1.294233e-01  2.066017e-03
 1.304381e-01  2.106196e-03
 1.314529e-01  2.146725e-03
 1.324678e-01  2.187598e-03
 1.334826e-01  2.228599e-03
 1.344974e-01  2.269967e-03
 1.355122e-01  2.311634e-03
 1.365270e-01  2.353607e-03
 1.375419e-01  2.396024e-03
 1.385567e-01  2.438866e-03
 1.395715e-01  2.482381e-03
 1.405863e-01  2.526831e-03
 1.416011e-01  2.571652e-03
 1.426160e-01  2.616364e-03
 1.436308e-01  2.661849e-03
 1.446456e-01  2.708382e-03
 1.456604e-01  2.754903e-03
 1.466752e-01  2.800949e-03
 1.476901e-01  2.847904e-03
 1.487049e-01  2.895376e-03
 1.497197e-01  2.942531e-03
 1.507345e-01  2.989748e-03
 1.517493e-01  3.037597e-03
 1.527642e-01  3.086026e-03
 1.537790e-01  3.134809e-03
 1.547938e-01  3.183789e-03
 1.558086e-01  3.233760e-03
 1.568234e-01  3.284038e-03
 1.578382e-01  3.334816e-03
 1.588531e-01  3.386327e-03
 1.598679e-01  3.438628e-03
 1.608827e-01  3.491146e-03
 1.618975e-01  3.544378e-03
 1.629123e-01  3.598186e-03
 1.639272e-01  3.652478e-03
 1.649420e-01  3.707111e-03
 1.659568e-01  3.761965e-03
 1.669716e-01  3.816970e-03
 1.679864e-01  3.872388e-03
 1.690013e-01  3.927989e-03
 1.700161e-01  3.983390e-03
 1.710309e-01  4.038726e-03
 1.720457e-01  4.094297e-03
 1.730605e-01  4.149818e-03
 1.740754e-01  4.205447e-03
 1.750902e-01  4.261197e-03
 1.761050e-01  4.317092e-03
 1.771198e-01  4.373248e-03
 1.781346e-01  4.429749e-03
 1.791495e-01  4.486426e-03
 1.801643e-01  4.543296e-03
 1.811791e-01  4.600524e-03
 1.821939e-01  4.658302e-03
 1.832087e-01  4.716410e-03
 1.842236e-01  4.774889e-03
 1.852384e-01  4.833744e-03
 1.862532e-01  4.892955e-03
 1.872680e-01  4.952410e-03
 1.882828e-01  5.012202e-03
 1.892976e-01  5.072325e-03
 1.903125e-01  5.132548e-03
 1.913273e-01  5.192781e-03
 1.923421e-01  5.253286e-03
 1.933569e-01  5.313942e-03
 1.943717e-01  5.374416e-03
 1.953866e-01  5.434960e-03
 1.964014e-01  5.495691e-03
 1.974162e-01  5.556441e-03
 1.984310e-01  5.617140e-03
 1.994458e-01  5.677778e-03
 2.004607e-01  5.738425e-03
 2.014755e-01  5.799137e-03
 2.024903e-01  5.859775e-03
 2.035051e-01  5.920306e-03
 2.045199e-01  5.980838e-03
 2.055348e-01  6.041348e-03
 2.065496e-01  6.101709e-03
 2.075644e-01  6.162048e-03
 2.085792e-01  6.222389e-03
 2.095940e-01  6.282606e-03
 2.106089e-01  6.342624e-03
 2.116237e-01  6.402617e-03
 2.126385e-01  6.462624e-03
 2.136533e-01  6.522496e-03
 2.146681e-01  6.582154e-03
 2.156830e-01  6.641849e-03
 2.166978e-01  6.701564e-03
 2.177126e-01  6.761172e-03
 2.187274e-01  6.820685e-03
 2.197422e-01  6.880251e-03
 2.207571e-01  6.939715e-03
 2.217719e-01  6.999058e-03
 2.227867e-01  7.058251e-03
 2.238015e-01  7.117334e-03
 2.248163e-01  7.176203e-03
 2.258311e-01  7.234876e-03
 2.268460e-01  7.293231e-03
 2.278608e-01  7.351255e-03
 2.288756e-01  7.409132e-03
 2.298904e-01  7.467549e-03
 2.309052e-01  7.524759e-03
 2.319201e-01  7.581635e-03
 2.329349e-01  7.639661e-03
 2.339497e-01  7.695231e-03
 2.349645e-01  7.749225e-03
 2.359793e-01  7.803146e-03
 2.369942e-01  7.859244e-03
 2.380090e-01  7.914091e-03
 2.390238e-01  7.967192e-03
 2.400386e-01  8.022275e-03
 2.410534e-01  8.077101e-03
 2.420683e-01  8.132686e-03
 2.430831e-01  8.187427e-03
 2.440979e-01  8.242756e-03
 2.451127e-01  8.298466e-03
 2.461275e-01  8.355304e-03
 2.471424e-01  8.411075e-03
 2.481572e-01  8.465970e-03
 2.491720e-01  8.521740e-03
 2.501868e-01  8.578097e-03
 2.512016e-01  8.632996e-03
 2.522165e-01  8.687846e-03
 2.532313e-01  8.742591e-03
 2.542461e-01  8.798579e-03
 2.552609e-01  8.853665e-03
 2.562757e-01  8.909224e-03
 2.572906e-01  8.964919e-03
 2.583054e-01  9.021093e-03
 2.593202e-01  9.077032e-03
 2.603350e-01  9.131332e-03
 2.613498e-01  9.186407e-03
 2.623646e-01  9.242258e-03
 2.633795e-01  9.297823e-03
 2.643943e-01  9.353177e-03
 2.654091e-01  9.409046e-03
 2.664239e-01  9.465198e-03
 2.674387e-01  9.520877e-03
 2.684536e-01  9.576600e-03
 2.694684e-01  9.631963e-03
 2.704832e-01  9.687941e-03
 2.714980e-01  9.743293e-03
 2.725128e-01  9.799426e-03
 2.735277e-01  9.854417e-03
 2.745425e-01  9.909532e-03
 2.755573e-01  9.963817e-03
 2.765721e-01  1.001763e-02
 2.775869e-01  1.007211e-02
 2.786018e-01  1.012686e-02
 2.796166e-01  1.018037e-02
 2.806314e-01  1.023414e-02
 2.816462e-01  1.028748e-02
 2.826610e-01  1.034132e-02
 2.836759e-01  1.039550e-02
 2.846907e-01  1.044955e-02
 2.857055e-01  1.050311e-02
 2.867203e-01  1.055710e-02
 2.877351e-01  1.061086e-02
 2.887500e-01  1.066454e-02
 2.897648e-01  1.071831e-02
 2.907796e-01  1.077231e-02
 2.917944e-01  1.082638e-02
 2.928092e-01  1.088057e-02
 2.938240e-01  1.093495e-02
 2.948389e-01  1.098888e-02
 2.958537e-01  1.104303e-02
 2.968685e-01  1.109642e-02
 2.978833e-01  1.114956e-02
 2.988981e-01  1.120302e-02
 2.999130e-01  1.125639e-02
 3.009278e-01  1.130914e-02
 3.019426e-01  1.136170e-02
 3.029574e-01  1.141354e-02
 3.039722e-01  1.146575e-02
 3.049871e-01  1.151742e-02
 3.060019e-01  1.156883e-02
 3.070167e-01  1.162000e-02
 3.080315e-01  1.167138e-02
 3.090463e-01  1.172198e-02
 3.100612e-01  1.177241e-02
 3.110760e-01  1.182243e-02
 3.120908e-01  1.187206e-02
 3.131056e-01  1.192124e-02
 3.141204e-01  1.196992e-02
 3.151353e-01  1.201843e-02
 3.161501e-01  1.206658e-02
 3.171649e-01  1.211430e-02
 3.181797e-01  1.216095e-02
 3.191945e-01  1.220737e-02
 3.202094e-01  1.225349e-02
 3.212242e-01  1.229887e-02
 3.222390e-01  1.234302e-02
 3.232538e-01  1.238679e-02
 3.242686e-01  1.242998e-02
 3.252835e-01  1.247222e-02
 3.262983e-01  1.251330e-02
 3.273131e-01  1.255375e-02
 3.283279e-01  1.259422e-02
 3.293427e-01  1.263398e-02
 3.303575e-01  1.267322e-02
 3.313724e-01  1.271174e-02
 3.323872e-01  1.275005e-02
 3.334020e-01  1.278782e-02
 3.344168e-01  1.282542e-02
 3.354316e-01  1.286266e-02
 3.364465e-01  1.289953e-02
 3.374613e-01  1.293582e-02
 3.384761e-01  1.297218e-02
 3.394909e-01  1.300814e-02
 3.405057e-01  1.304382e-02
 3.415206e-01  1.307911e-02
 3.425354e-01  1.311394e-02
 3.435502e-01  1.314859e-02
 3.445650e-01  1.318301e-02
 3.455798e-01  1.321697e-02
 3.465947e-01  1.325015e-02
 3.476095e-01  1.328280e-02
 3.486243e-01  1.331546e-02
 3.496391e-01  1.334790e-02
 3.506539e-01  1.337953e-02
 3.516688e-01  1.341095e-02
 3.526836e-01  1.344249e-02
 3.536984e-01  1.347392e-02
 3.547132e-01  1.350509e-02
 3.557280e-01  1.353635e-02
 3.567429e-01  1.356782e-02
 3.577577e-01  1.359941e-02
 3.587725e-01  1.363096e-02
 3.597873e-01  1.366246e-02
 3.608021e-01  1.369407e-02
 3.618170e-01  1.372572e-02
 3.628318e-01  1.375741e-02
 3.638466e-01  1.378926e-02
 3.648614e-01  1.382115e-02
 3.658762e-01  1.385283e-02
 3.668910e-01  1.388443e-02
 3.679059e-01  1.391586e-02
 3.689207e-01  1.394730e-02
 3.699355e-01  1.397875e-02
 3.709503e-01  1.400997e-02
 3.719651e-01  1.404084e-02
 3.729800e-01  1.407182e-02
 3.739948e-01  1.410264e-02
 3.750096e-01  1.413332e-02
 3.760244e-01  1.416386e-02
 3.770392e-01  1.419433e-02
 3.780541e-01  1.422492e-02
 3.790689e-01  1.425573e-02
 3.800837e-01  1.428660e-02
 3.810985e-01  1.431728e-02
 3.821133e-01  1.434807e-02
 3.831282e-01  1.437881e-02
 3.841430e-01  1.440938e-02
 3.851578e-01  1.443992e-02
 3.861726e-01  1.447054e-02
 3.871874e-01  1.450122e-02
 3.882023e-01  1.453159e-02
 3.892171e-01  1.456184e-02
 3.902319e-01  1.459200e-02
 3.912467e-01  1.462216e-02
 3.922615e-01  1.465208e-02
 3.932764e-01  1.468193e-02
 3.942912e-01  1.471192e-02
 3.953060e-01  1.474165e-02
 3.963208e-01  1.477123e-02
 3.973356e-01  1.480073e-02
 3.983505e-01  1.483026e-02
 3.993653e-01  1.485959e-02
 4.003801e-01  1.488881e-02
 4.013949e-01  1.491805e-02
 4.024097e-01  1.494737e-02
 4.034245e-01  1.497658e-02
 4.044394e-01  1.500568e-02
 4.054542e-01  1.503480e-02
 4.064690e-01  1.506381e-02
 4.074838e-01  1.509281e-02
 4.084986e-01  1.512169e-02
 4.095135e-01  1.515040e-02
 4.105283e-01  1.517904e-02
 4.115431e-01  1.520739e-02
 4.125579e-01  1.523558e-02
 4.135727e-01  1.526358e-02
 4.145876e-01  1.529139e-02
 4.156024e-01  1.531913e-02
 4.166172e-01  1.534665e-02
 4.176320e-01  1.537391e-02
 4.186468e-01  1.540068e-02
 4.196617e-01  1.542720e-02
 4.206765e-01  1.545333e-02
 4.216913e-01  1.547905e-02
 4.227061e-01  1.550459e-02
 4.237209e-01  1.552991e-02
 4.247358e-01  1.555482e-02
 4.257506e-01  1.557912e-02
 4.267654e-01  1.560322e-02
 4.277802e-01  1.562682e-02
 4.287950e-01  1.565021e-02
 4.298099e-01  1.567332e-02
 4.308247e-01  1.569604e-02
 4.318395e-01  1.571804e-02
 4.328543e-01  1.573958e-02
 4.338691e-01  1.576068e-02
 4.348839e-01  1.578094e-02
 4.358988e-01  1.580042e-02
 4.369136e-01  1.581948e-02
 4.379284e-01  1.583834e-02
 4.389432e-01  1.585619e-02
 4.399580e-01  1.587363e-02
 4.409729e-01  1.589074e-02
 4.419877e-01  1.590757e-02
 4.430025e-01  1.592354e-02
 4.440173e-01  1.593907e-02
 4.450321e-01  1.595469e-02
 4.460470e-01  1.597007e-02
 4.470618e-01  1.598506e-02
 4.480766e-01  1.599979e-02
 4.490914e-01  1.601428e-02
 4.501062e-01  1.602862e-02
 4.511211e-01  1.604297e-02
 4.521359e-01  1.605703e-02
 4.531507e-01  1.607086e-02
 4.541655e-01  1.608472e-02
 4.551803e-01  1.609853e-02
 4.561952e-01  1.611189e-02
 4.572100e-01  1.612481e-02
 4.582248e-01  1.613776e-02
 4.592396e-01  1.615031e-02
 4.602544e-01  1.616258e-02
 4.612693e-01  1.617471e-02
 4.622841e-01  1.618696e-02
 4.632989e-01  1.619887e-02
 4.643137e-01  1.621060e-02
 4.653285e-01  1.622240e-02
 4.663434e-01  1.623408e-02
 4.673582e-01  1.624545e-02
 4.683730e-01  1.625689e-02
 4.693878e-01  1.626860e-02
 4.704026e-01  1.628040e-02
 4.714174e-01  1.629199e-02
 4.724323e-01  1.630367e-02
 4.734471e-01  1.631540e-02
 4.744619e-01  1.632738e-02
 4.754767e-01  1.633924e-02
 4.764915e-01  1.635110e-02
 4.775064e-01  1.636281e-02
 4.785212e-01  1.637446e-02
 4.795360e-01  1.638612e-02
 4.805508e-01  1.639773e-02
 4.815656e-01  1.640898e-02
 4.825805e-01  1.641995e-02
 4.835953e-01  1.643084e-02
 4.846101e-01  1.644143e-02
 4.856249e-01  1.645190e-02
 4.866397e-01  1.646230e-02
 4.876546e-01  1.647263e-02
 4.886694e-01  1.648280e-02
 4.896842e-01  1.649286e-02
 4.906990e-01  1.650291e-02
 4.917138e-01  1.651297e-02
 4.927287e-01  1.652279e-02
 4.937435e-01  1.653259e-02
 4.947583e-01  1.654243e-02
 4.957731e-01  1.655234e-02
 4.967879e-01  1.656205e-02
 4.978028e-01  1.657190e-02
 4.988176e-01  1.658177e-02
 4.998324e-01  1.659161e-02
 5.008472e-01  1.660133e-02
 5.018620e-01  1.661107e-02
 5.028769e-01  1.662070e-02
 5.038917e-01  1.663029e-02
 5.049065e-01  1.663990e-02
 5.059213e-01  1.664937e-02
 5.069361e-01  1.665873e-02
 5.079509e-01  1.666781e-02
 5.089658e-01  1.667681e-02
 5.099806e-01  1.668570e-02
 5.109954e-01  1.669455e-02
 5.120102e-01  1.670318e-02
 5.130250e-01  1.671171e-02
 5.140399e-01  1.672006e-02
 5.150547e-01  1.672835e-02
 5.160695e-01  1.673655e-02
 5.170843e-01  1.674464e-02
 5.180991e-01  1.675247e-02
 5.191140e-01  1.676023e-02
 5.201288e-01  1.676784e-02
 5.211436e-01  1.677527e-02
 5.221584e-01  1.678250e-02
 5.231732e-01  1.678969e-02
 5.241881e-01  1.679665e-02
 5.252029e-01  1.680323e-02
 5.262177e-01  1.680956e-02
 5.272325e-01  1.681556e-02
 5.282473e-01  1.682121e-02
 5.292622e-01  1.682665e-02
 5.302770e-01  1.683183e-02
 5.312918e-01  1.683668e-02
 5.323066e-01  1.684112e-02
 5.333214e-01  1.684523e-02
 5.343363e-01  1.684901e-02
 5.353511e-01  1.685236e-02
 5.363659e-01  1.685552e-02
 5.373807e-01  1.685829e-02
 5.383955e-01  1.686061e-02
 5.394103e-01  1.686251e-02
 5.404252e-01  1.686409e-02
 5.414400e-01  1.686517e-02
 5.424548e-01  1.686576e-02
 5.434696e-01  1.686584e-02
 5.444844e-01  1.686567e-02
 5.454993e-01  1.686504e-02
 5.465141e-01  1.686405e-02
 5.475289e-01  1.686266e-02
 5.485437e-01  1.686085e-02
 5.495585e-01  1.685863e-02
 5.505734e-01  1.685606e-02
 5.515882e-01  1.685333e-02
 5.526030e-01  1.685024e-02
 5.536178e-01  1.684687e-02
 5.546326e-01  1.684332e-02
 5.556475e-01  1.683951e-02
 5.566623e-01  1.683547e-02
 5.576771e-01  1.683130e-02
 5.586919e-01  1.682692e-02
 5.597067e-01  1.682249e-02
 5.607216e-01  1.681785e-02
 5.617364e-01  1.681307e-02
 5.627512e-01  1.680808e-02
 5.637660e-01  1.680284e-02
 5.647808e-01  1.679752e-02
 5.657957e-01  1.679201e-02
 5.668105e-01  1.678636e-02
 5.678253e-01  1.678064e-02
 5.688401e-01  1.677480e-02
 5.698549e-01  1.676885e-02
 5.708698e-01  1.676275e-02
 5.718846e-01  1.675658e-02
 5.728994e-01  1.675027e-02
 5.739142e-01  1.674388e-02
 5.749290e-01  1.673751e-02
 5.759438e-01  1.673119e-02
 5.769587e-01  1.672476e-02
 5.779735e-01  1.671825e-02
 5.789883e-01  1.671183e-02
 5.800031e-01  1.670534e-02
 5.810179e-01  1.669889e-02
 5.820328e-01  1.669235e-02
 5.830476e-01  1.668583e-02
 5.840624e-01  1.667913e-02
 5.850772e-01  1.667234e-02
 5.860920e-01  1.666545e-02
 5.871069e-01  1.665846e-02
 5.881217e-01  1.665124e-02
 5.891365e-01  1.664381e-02
 5.901513e-01  1.663624e-02
 5.911661e-01  1.662849e-02
 5.921810e-01  1.662054e-02
 5.931958e-01  1.661247e-02
 5.942106e-01  1.660426e-02
 5.952254e-01  1.659592e-02
 5.962402e-01  1.658742e-02
 5.972551e-01  1.657881e-02
 5.982699e-01  1.657008e-02
 5.992847e-01  1.656124e-02
 6.002995e-01  1.655230e-02
 6.013143e-01  1.654329e-02
 6.023292e-01  1.653421e-02
 6.033440e-01  1.652508e-02
 6.043588e-01  1.651598e-02
 6.053736e-01  1.650680e-02
 6.063884e-01  1.649758e-02
 6.074033e-01  1.648823e-02
 6.084181e-01  1.647888e-02
 6.094329e-01  1.646946e-02
 6.104477e-01  1.645996e-02
 6.114625e-01  1.645040e-02
 6.124773e-01  1.644071e-02
 6.134922e-01  1.643086e-02
 6.145070e-01  1.642088e-02
 6.155218e-01  1.641078e-02
 6.165366e-01  1.640054e-02
 6.175514e-01  1.639014e-02
 6.185663e-01  1.637959e-02
 6.195811e-01  1.636889e-02
 6.205959e-01  1.635804e-02
 6.216107e-01  1.634701e-02
 6.226255e-01  1.633583e-02
 6.236404e-01  1.632453e-02
 6.246552e-01  1.631304e-02
 6.256700e-01  1.630131e-02
 6.266848e-01  1.628931e-02
 6.276996e-01  1.627710e-02
 6.287145e-01  1.626462e-02
 6.297293e-01  1.625190e-02
 6.307441e-01  1.623899e-02
 6.317589e-01  1.622591e-02
 6.327737e-01  1.621247e-02
 6.337886e-01  1.619875e-02
 6.348034e-01  1.618475e-02
 6.358182e-01  1.617041e-02
 6.368330e-01  1.615576e-02
 6.378478e-01  1.614077e-02
 6.388627e-01  1.612548e-02
 6.398775e-01  1.610979e-02
 6.408923e-01  1.609368e-02
 6.419071e-01  1.607715e-02
 6.429219e-01  1.606026e-02
 6.439368e-01  1.604292e-02
 6.449516e-01  1.602519e-02
 6.459664e-01  1.600711e-02
 6.469812e-01  1.598869e-02
 6.479960e-01  1.596991e-02
 6.490108e-01  1.595077e-02
 6.500257e-01  1.593129e-02
 6.510405e-01  1.591150e-02
 6.520553e-01  1.589147e-02
 6.530701e-01  1.587118e-02
 6.540849e-01  1.585070e-02
 6.550998e-01  1.582998e-02
 6.561146e-01  1.580905e-02
 6.571294e-01  1.578790e-02
 6.581442e-01  1.576656e-02
 6.591590e-01  1.574506e-02
 6.601739e-01  1.572336e-02
 6.611887e-01  1.570147e-02
 6.622035e-01  1.567939e-02
 6.632183e-01  1.565704e-02
 6.642331e-01  1.563445e-02
 6.652480e-01  1.561163e-02
 6.662628e-01  1.558855e-02
 6.672776e-01  1.556527e-02
 6.682924e-01  1.554178e-02
 6.693072e-01  1.551808e-02
 6.703221e-01  1.549418e-02
 6.713369e-01  1.547010e-02
 6.723517e-01  1.544589e-02
 6.733665e-01  1.542160e-02
 6.743813e-01  1.539714e-02
 6.753962e-01  1.537258e-02
 6.764110e-01  1.534804e-02
 6.774258e-01  1.532333e-02
 6.784406e-01  1.529850e-02
 6.794554e-01  1.527372e-02
 6.804702e-01  1.524895e-02
 6.814851e-01  1.522410e-02
 6.824999e-01  1.519919e-02
 6.835147e-01  1.517439e-02
 6.845295e-01  1.514939e-02
 6.855443e-01  1.512430e-02
 6.865592e-01  1.509911e-02
 6.875740e-01  1.507389e-02
 6.885888e-01  1.504848e-02
 6.896036e-01  1.502286e-02
 6.906184e-01  1.499709e-02
 6.916333e-01  1.497115e-02
 6.926481e-01  1.494493e-02
 6.936629e-01  1.491853e-02
 6.946777e-01  1.489198e-02
 6.956925e-01  1.486522e-02
 6.967074e-01  1.483826e-02
 6.977222e-01  1.481119e-02
 6.987370e-01  1.478398e-02
 6.997518e-01  1.475658e-02
 7.007666e-01  1.472903e-02
 7.017815e-01  1.470136e-02
 7.027963e-01  1.467353e-02
 7.038111e-01  1.464557e-02
 7.048259e-01  1.461753e-02
 7.058407e-01  1.458936e-02
 7.068556e-01  1.456108e-02
 7.078704e-01  1.453264e-02
 7.088852e-01  1.450414e-02
 7.099000e-01  1.447551e-02
 7.109148e-01  1.444675e-02
 7.119297e-01  1.441786e-02
 7.129445e-01  1.438885e-02
 7.139593e-01  1.435964e-02
 7.149741e-01  1.433023e-02
 7.159889e-01  1.430071e-02
 7.170037e-01  1.427104e-02
 7.180186e-01  1.424119e-02
 7.190334e-01  1.421118e-02
 7.200482e-01  1.418099e-02
 7.210630e-01  1.415056e-02
 7.220778e-01  1.411990e-02
 7.230927e-01  1.408906e-02
 7.241075e-01  1.405801e-02
 7.251223e-01  1.402678e-02
 7.261371e-01  1.399536e-02
 7.271519e-01  1.396373e-02
 7.281668e-01  1.393183e-02
 7.291816e-01  1.389965e-02
 7.301964e-01  1.386727e-02
 7.312112e-01  1.383462e-02
 7.322260e-01  1.380167e-02
 7.332409e-01  1.376846e-02
 7.342557e-01  1.373490e-02
 7.352705e-01  1.370095e-02
 7.362853e-01  1.366658e-02
 7.373001e-01  1.363184e-02
 7.383150e-01  1.359671e-02
 7.393298e-01  1.356113e-02
 7.403446e-01  1.352513e-02
 7.413594e-01  1.348874e-02
 7.423742e-01  1.345195e-02
 7.433891e-01  1.341476e-02
 7.444039e-01  1.337715e-02
 7.454187e-01  1.333919e-02
 7.464335e-01  1.330094e-02
 7.474483e-01  1.326239e-02
 7.484632e-01  1.322363e-02
 7.494780e-01  1.318457e-02
 7.504928e-01  1.314531e-02
 7.515076e-01  1.310584e-02
 7.525224e-01  1.306620e-02
 7.535372e-01  1.302641e-02
 7.545521e-01  1.298647e-02
 7.555669e-01  1.294634e-02
 7.565817e-01  1.290605e-02
 7.575965e-01  1.286552e-02
 7.586113e-01  1.282481e-02
 7.596262e-01  1.278382e-02
 7.606410e-01  1.274260e-02
 7.616558e-01  1.270113e-02
 7.626706e-01  1.265940e-02
 7.636854e-01  1.261738e-02
 7.647003e-01  1.257505e-02
 7.657151e-01  1.253242e-02
 7.667299e-01  1.248956e-02
 7.677447e-01  1.244643e-02
 7.687595e-01  1.240306e-02
 7.697744e-01  1.235946e-02
 7.707892e-01  1.231570e-02
 7.718040e-01  1.227177e-02
 7.728188e-01  1.222766e-02
 7.738336e-01  1.218347e-02
 7.748485e-01  1.213914e-02
 7.758633e-01  1.209467e-02
 7.768781e-01  1.205019e-02
 7.778929e-01  1.200562e-02
 7.789077e-01  1.196085e-02
 7.799226e-01  1.191601e-02
 7.809374e-01  1.187115e-02
 7.819522e-01  1.182616e-02
 7.829670e-01  1.178095e-02
 7.839818e-01  1.173571e-02
 7.849967e-01  1.169033e-02
 7.860115e-01  1.164470e-02
 7.870263e-01  1.159889e-02
 7.880411e-01  1.155298e-02
 7.890559e-01  1.150686e-02
 7.900707e-01  1.146046e-02
 7.910856e-01  1.141387e-02
 7.921004e-01  1.136716e-02
 7.931152e-01  1.132017e-02
 7.941300e-01  1.127292e-02
 7.951448e-01  1.122552e-02
 7.961597e-01  1.117797e-02
 7.971745e-01  1.113018e-02
 7.981893e-01  1.108220e-02
 7.992041e-01  1.103411e-02
 8.002189e-01  1.098582e-02
 8.012338e-01  1.093731e-02
 8.022486e-01  1.088866e-02
 8.032634e-01  1.083983e-02
 8.042782e-01  1.079076e-02
 8.052930e-01  1.074153e-02
 8.063079e-01  1.069211e-02
 8.073227e-01  1.064244e-02
 8.083375e-01  1.059250e-02
 8.093523e-01  1.054237e-02
 8.103671e-01  1.049199e-02
 8.113820e-01  1.044133e-02
 8.123968e-01  1.039047e-02
 8.134116e-01  1.033936e-02
 8.144264e-01  1.028793e-02
 8.154412e-01  1.023627e-02
 8.164561e-01  1.018437e-02
 8.174709e-01  1.013218e-02
 8.184857e-01  1.007970e-02
 8.195005e-01  1.002699e-02
 8.205153e-01  9.973951e-03
 8.215301e-01  9.920610e-03
 8.225450e-01  9.866956e-03
 8.235598e-01  9.812974e-03
 8.245746e-01  9.758642e-03
 8.255894e-01  9.703972e-03
 8.266042e-01  9.648978e-03
 8.276191e-01  9.593611e-03
 8.286339e-01  9.537853e-03
 8.296487e-01  9.481701e-03
 8.306635e-01  9.425189e-03
 8.316783e-01  9.368248e-03
 8.326932e-01  9.310909e-03
 8.337080e-01  9.253215e-03
 8.347228e-01  9.195156e-03
 8.357376e-01  9.136704e-03
 8.367524e-01  9.077963e-03
 8.377673e-01  9.018888e-03
 8.387821e-01  8.959484e-03
 8.397969e-01  8.899812e-03
 8.408117e-01  8.839897e-03
 8.418265e-01  8.779736e-03
 8.428414e-01  8.719291e-03
 8.438562e-01  8.658620e-03
 8.448710e-01  8.597720e-03
 8.458858e-01  8.536571e-03
 8.469006e-01  8.475205e-03
 8.479155e-01  8.413603e-03
 8.489303e-01  8.351747e-03
 8.499451e-01  8.289642e-03
 8.509599e-01  8.227266e-03
 8.519747e-01  8.164622e-03
 8.529896e-01  8.101707e-03
 8.540044e-01  8.038510e-03
 8.550192e-01  7.975041e-03
 8.560340e-01  7.911273e-03
 8.570488e-01  7.847239e-03
 8.580636e-01  7.782927e-03
 8.590785e-01  7.718319e-03
 8.600933e-01  7.653465e-03
 8.611081e-01  7.588377e-03
 8.621229e-01  7.523047e-03
 8.631377e-01  7.457488e-03
 8.641526e-01  7.391743e-03
 8.651674e-01  7.325807e-03
 8.661822e-01  7.259652e-03
 8.671970e-01  7.193313e-03
 8.682118e-01  7.126785e-03
 8.692267e-01  7.060080e-03
 8.702415e-01  6.993188e-03
 8.712563e-01  6.926120e-03
 8.722711e-01  6.858858e-03
 8.732859e-01  6.791398e-03
 8.743008e-01  6.723721e-03
 8.753156e-01  6.655870e-03
 8.763304e-01  6.587823e-03
 8.773452e-01  6.519522e-03
 8.783600e-01  6.451023e-03
 8.793749e-01  6.382314e-03
 8.803897e-01  6.313376e-03
 8.814045e-01  6.244186e-03
 8.824193e-01  6.174753e-03
 8.834341e-01  6.105087e-03
 8.844490e-01  6.035175e-03
 8.854638e-01  5.965046e-03
 8.864786e-01  5.894640e-03
 8.874934e-01  5.823984e-03
 8.885082e-01  5.753058e-03
 8.895231e-01  5.681887e-03
 8.905379e-01  5.610415e-03
 8.915527e-01  5.538672e-03
 8.925675e-01  5.466620e-03
 8.935823e-01  5.394288e-03
 8.945971e-01  5.321629e-03
 8.956120e-01  5.248687e-03
 8.966268e-01  5.175408e-03
 8.976416e-01  5.101788e-03
 8.986564e-01  5.027809e-03
 8.996712e-01  4.953533e-03
 9.006861e-01  4.878909e-03
 9.017009e-01  4.803926e-03
 9.027157e-01  4.728592e-03
 9.037305e-01  4.652902e-03
 9.047453e-01  4.576862e-03
 9.057602e-01  4.500494e-03
 9.067750e-01  4.423768e-03
 9.077898e-01  4.346680e-03
 9.088046e-01  4.269250e-03
 9.098194e-01  4.191484e-03
 9.108343e-01  4.113374e-03
 9.118491e-01  4.034931e-03
 9.128639e-01  3.956129e-03
 9.138787e-01  3.876976e-03
 9.148935e-01  3.797476e-03
 9.159084e-01  3.717632e-03
 9.169232e-01  3.637450e-03
 9.179380e-01  3.556893e-03
 9.189528e-01  3.475964e-03
 9.199676e-01  3.394670e-03
 9.209825e-01  3.313019e-03
 9.219973e-01  3.230975e-03
 9.230121e-01  3.148572e-03
 9.240269e-01  3.065784e-03
 9.250417e-01  2.982631e-03
 9.260565e-01  2.899084e-03
 9.270714e-01  2.815196e-03
 9.280862e-01  2.730927e-03
 9.291010e-01  2.646317e-03
 9.301158e-01  2.561341e-03
 9.311306e-01  2.476037e-03
 9.321455e-01  2.390397e-03
 9.331603e-01  2.304438e-03
 9.341751e-01  2.218174e-03
 9.351899e-01  2.131604e-03
 9.362047e-01  2.044727e-03
 9.372196e-01  1.957561e-03
 9.382344e-01  1.870102e-03
 9.392492e-01  1.782350e-03
 9.402640e-01  1.694313e-03
 9.412788e-01  1.606000e-03
 9.422937e-01  1.517398e-03
 9.433085e-01  1.428496e-03
 9.443233e-01  1.339311e-03
 9.453381e-01  1.249829e-03
 9.463529e-01  1.160041e-03
 9.473678e-01  1.069949e-03
 9.483826e-01  9.795632e-04
 9.493974e-01  8.888909e-04
 9.504122e-01  7.988054e-04
 9.514270e-01  7.104329e-04
 9.524419e-01  6.211589e-04
 9.534567e-01  5.319781e-04
 9.544715e-01  4.445366e-04
 9.554863e-01  3.562508e-04
 9.565011e-01  2.657693e-04
 9.575160e-01  1.744502e-04
 9.585308e-01  7.256015e-05
 9.595456e-01 -2.892797e-05
 9.605604e-01 -1.327590e-04
 9.615752e-01 -2.399258e-04
 9.625900e-01 -3.582852e-04
 9.636049e-01 -4.834905e-04
 9.646197e-01 -5.994328e-04
 9.656345e-01 -7.135607e-04
 9.666493e-01 -8.068082e-04
 9.676641e-01 -8.969599e-04
 9.686790e-01 -9.922873e-04
 9.696938e-01 -1.081892e-03
 9.707086e-01 -1.162993e-03
 9.717234e-01 -1.236279e-03
 9.727382e-01 -1.305674e-03
 9.737531e-01 -1.380616e-03
 9.747679e-01 -1.463407e-03
 9.757827e-01 -1.545199e-03
 9.767975e-01 -1.627171e-03
 9.778123e-01 -1.709281e-03
 9.788272e-01 -1.792555e-03
 9.798420e-01 -1.875766e-03
 9.808568e-01 -1.968617e-03
 9.818716e-01 -2.063831e-03
 9.828864e-01 -2.149044e-03
 9.839013e-01 -2.240837e-03
 9.849161e-01 -2.326672e-03
 9.859309e-01 -2.407767e-03
 9.869457e-01 -2.478661e-03
 9.879605e-01 -2.541911e-03
 9.889754e-01 -2.599360e-03
 9.899902e-01 -2.656358e-03
 9.910050e-01 -2.712755e-03
 9.920198e-01 -2.767650e-03
 9.930346e-01 -2.817685e-03
 9.940495e-01 -2.864208e-03
 9.950643e-01 -2.905126e-03
 9.960791e-01 -2.942006e-03
 9.970939e-01 -2.969024e-03
 9.981087e-01 -2.999574e-03
 9.991235e-01 -3.030520e-03
 1.000138e+00 -3.059862e-03
 1.001153e+00 -3.098167e-03
 1.002168e+00 -3.144045e-03
 1.003183e+00 -3.184722e-03
 1.004198e+00 -3.209466e-03
 1.005212e+00 -3.246755e-03
 1.006227e+00 -3.281539e-03
 1.007242e+00 -3.323018e-03
 1.008257e+00 -3.370887e-03
 1.009272e+00 -3.423750e-03
 1.010287e+00 -3.466820e-03
 1.011301e+00 -3.515863e-03
 1.012316e+00 -3.564632e-03
 1.013331e+00 -3.589757e-03
 1.014346e+00 -3.632569e-03
 1.015361e+00 -3.666116e-03
 1.016375e+00 -3.696663e-03
 1.017390e+00 -3.726364e-03
 1.018405e+00 -3.744825e-03
 1.019420e+00 -3.770026e-03
 1.020435e+00 -3.809710e-03
 1.021450e+00 -3.840797e-03
 1.022464e+00 -3.847628e-03
 1.023479e+00 -3.876545e-03
 1.024494e+00 -3.908348e-03
 1.025509e+00 -3.928550e-03
 1.026524e+00 -3.955151e-03
 1.027538e+00 -3.973288e-03
 1.028553e+00 -4.001532e-03
 1.029568e+00 -4.037451e-03
 1.030583e+00 -4.074629e-03
 1.031598e+00 -4.103142e-03
 1.032613e+00 -4.128162e-03
 1.033627e+00 -4.155098e-03
 1.034642e+00 -4.180352e-03
 1.035657e+00 -4.188335e-03
 1.036672e+00 -4.202501e-03
 1.037687e+00 -4.215968e-03
 1.038702e+00 -4.227354e-03
 1.039716e+00 -4.230648e-03
 1.040731e+00 -4.239092e-03
 1.041746e+00 -4.238042e-03
 1.042761e+00 -4.240538e-03
 1.043776e+00 -4.247351e-03
 1.044790e+00 -4.247805e-03
 1.045805e+00 -4.257217e-03
 1.046820e+00 -4.258973e-03
 1.047835e+00 -4.258927e-03
 1.048850e+00 -4.263923e-03
 1.049865e+00 -4.278652e-03
 1.050879e+00 -4.315712e-03
 1.051894e+00 -4.316405e-03
 1.052909e+00 -4.337385e-03
 1.053924e+00 -4.340281e-03
 1.054939e+00 -4.367315e-03
 1.055953e+00 -4.398054e-03
 1.056968e+00 -4.410368e-03
 1.057983e+00 -4.427101e-03
 1.058998e+00 -4.455285e-03
 1.060013e+00 -4.487522e-03
 1.061028e+00 -4.489621e-03
 1.062042e+00 -4.493162e-03
 1.063057e+00 -4.498514e-03
 1.064072e+00 -4.504933e-03
 1.065087e+00 -4.498029e-03
 1.066102e+00 -4.493209e-03
 1.067116e+00 -4.494540e-03
 1.068131e+00 -4.491543e-03
 1.069146e+00 -4.483193e-03
 1.070161e+00 -4.473474e-03
 1.071176e+00 -4.474192e-03
 1.072191e+00 -4.476945e-03
 1.073205e+00 -4.488488e-03
 1.074220e+00 -4.496965e-03
 1.075235e+00 -4.505635e-03
 1.076250e+00 -4.523437e-03
 1.077265e+00 -4.544105e-03
 1.078279e+00 -4.546988e-03
 1.079294e+00 -4.558350e-03
 1.080309e+00 -4.571836e-03
 1.081324e+00 -4.586086e-03
 1.082339e+00 -4.595474e-03
 1.083354e+00 -4.599164e-03
 1.084368e+00 -4.614333e-03
 1.085383e+00 -4.624457e-03
 1.086398e+00 -4.623639e-03
 1.087413e+00 -4.624147e-03
 1.088428e+00 -4.629749e-03
 1.089442e+00 -4.637332e-03
 1.090457e+00 -4.637281e-03
 1.091472e+00 -4.636484e-03
 1.092487e+00 -4.639225e-03
 1.093502e+00 -4.641847e-03
 1.094517e+00 -4.639922e-03
 1.095531e+00 -4.639354e-03
 1.096546e+00 -4.652849e-03
 1.097561e+00 -4.663587e-03
 1.098576e+00 -4.667652e-03
 1.099591e+00 -4.680777e-03
 1.100605e+00 -4.697000e-03
 1.101620e+00 -4.710972e-03
 1.102635e+00 -4.716248e-03
 1.103650e+00 -4.730355e-03
 1.104665e+00 -4.740895e-03
 1.105680e+00 -4.752448e-03
 1.106694e+00 -4.763164e-03
 1.107709e+00 -4.770695e-03
 1.108724e+00 -4.778768e-03
 1.109739e+00 -4.785460e-03
 1.110754e+00 -4.786322e-03
 1.111769e+00 -4.790755e-03
 1.112783e+00 -4.794982e-03
 1.113798e+00 -4.798295e-03
 1.114813e+00 -4.799845e-03
 1.115828e+00 -4.802110e-03
 1.116843e+00 -4.811723e-03
 1.117857e+00 -4.817249e-03
 1.118872e+00 -4.820378e-03
 1.119887e+00 -4.826231e-03
 1.120902e+00 -4.842508e-03
 1.121917e+00 -4.861652e-03
 1.122932e+00 -4.879040e-03
 1.123946e+00 -4.895603e-03
 1.124961e+00 -4.914337e-03
 1.125976e+00 -4.938489e-03
 1.126991e+00 -4.960914e-03
 1.128006e+00 -4.979659e-03
 1.129020e+00 -4.995106e-03
 1.130035e+00 -5.018418e-03
 1.131050e+00 -5.040437e-03
 1.132065e+00 -5.064502e-03
 1.133080e+00 -5.085669e-03
 1.134095e+00 -5.105035e-03
 1.135109e+00 -5.127195e-03
 1.136124e+00 -5.149921e-03
 1.137139e+00 -5.176840e-03
 1.138154e+00 -5.202126e-03
 1.139169e+00 -5.231261e-03
 1.140183e+00 -5.260556e-03
 1.141198e+00 -5.289661e-03
 1.142213e+00 -5.320462e-03
 1.143228e+00 -5.348656e-03
 1.144243e+00 -5.379048e-03
 1.145258e+00 -5.409933e-03
 1.146272e+00 -5.434591e-03
 1.147287e+00 -5.461076e-03
 1.148302e+00 -5.489092e-03
 1.149317e+00 -5.512136e-03
 1.150332e+00 -5.529167e-03
 1.151346e+00 -5.542083e-03
 1.152361e+00 -5.549903e-03
 1.153376e+00 -5.559883e-03
 1.154391e+00 -5.576042e-03
 1.155406e+00 -5.586894e-03
 1.156421e+00 -5.603386e-03
 1.157435e+00 -5.614367e-03
 1.158450e+00 -5.621899e-03
 1.159465e+00 -5.632901e-03
 1.160480e+00 -5.651994e-03
 1.161495e+00 -5.673327e-03
 1.162509e+00 -5.701540e-03
 1.163524e+00 -5.738058e-03
 1.164539e+00 -5.756086e-03
 1.165554e+00 -5.773957e-03
 1.166569e+00 -5.798143e-03
 1.167584e+00 -5.834916e-03
 1.168598e+00 -5.873410e-03
 1.169613e+00 -5.896170e-03
 1.170628e+00 -5.917725e-03
 1.171643e+00 -5.945047e-03
 1.172658e+00 -5.973857e-03
 1.173672e+00 -5.995984e-03
 1.174687e+00 -6.013503e-03
 1.175702e+00 -6.029442e-03
 1.176717e+00 -6.051924e-03
 1.177732e+00 -6.079589e-03
 1.178747e+00 -6.092420e-03
 1.179761e+00 -6.105660e-03
 1.180776e+00 -6.123801e-03
 1.181791e+00 -6.138622e-03
 1.182806e+00 -6.153822e-03
 1.183821e+00 -6.184723e-03
 1.184836e+00 -6.201657e-03
 1.185850e+00 -6.222741e-03
 1.186865e+00 -6.252774e-03
 1.187880e+00 -6.276979e-03
 1.188895e+00 -6.296666e-03
 1.189910e+00 -6.316493e-03
 1.190924e+00 -6.342697e-03
 1.191939e+00 -6.371616e-03
 1.192954e+00 -6.397214e-03
 1.193969e+00 -6.423615e-03
 1.194984e+00 -6.447860e-03
 1.195999e+00 -6.479543e-03
 1.197013e+00 -6.503697e-03
 1.198028e+00 -6.524083e-03
 1.199043e+00 -6.548105e-03
 1.200058e+00 -6.562494e-03
 1.201073e+00 -6.585749e-03
 1.202087e+00 -6.599928e-03
 1.203102e+00 -6.616771e-03
 1.204117e+00 -6.633992e-03
 1.205132e+00 -6.649168e-03
 1.206147e+00 -6.663918e-03
 1.207162e+00 -6.673224e-03
 1.208176e+00 -6.690211e-03
 1.209191e+00 -6.706575e-03
 1.210206e+00 -6.724732e-03
 1.211221e+00 -6.743176e-03
 1.212236e+00 -6.761642e-03
 1.213250e+00 -6.787653e-03
 1.214265e+00 -6.805193e-03
 1.215280e+00 -6.827585e-03
 1.216295e+00 -6.854100e-03
 1.217310e+00 -6.878147e-03
 1.218325e+00 -6.903509e-03
 1.219339e+00 -6.919487e-03
 1.220354e+00 -6.938822e-03
 1.221369e+00 -6.966286e-03
 1.222384e+00 -6.993785e-03
 1.223399e+00 -7.014416e-03
 1.224413e+00 -7.030155e-03
 1.225428e+00 -7.049716e-03
 1.226443e+00 -7.072422e-03
 1.227458e+00 -7.094859e-03
 1.228473e+00 -7.114431e-03
 1.229488e+00 -7.134206e-03
 1.230502e+00 -7.151846e-03
 1.231517e+00 -7.172094e-03
 1.232532e+00 -7.190028e-03
 1.233547e+00 -7.208155e-03
 1.234562e+00 -7.226361e-03
 1.235576e+00 -7.247125e-03
 1.236591e+00 -7.268412e-03
 1.237606e+00 -7.289745e-03
 1.238621e+00 -7.314767e-03
 1.239636e+00 -7.338545e-03
 1.240651e+00 -7.362401e-03
 1.241665e+00 -7.384314e-03
 1.242680e+00 -7.406187e-03
 1.243695e+00 -7.428783e-03
 1.244710e+00 -7.448656e-03
 1.245725e+00 -7.470943e-03
 1.246739e+00 -7.491856e-03
 1.247754e+00 -7.512005e-03
 1.248769e+00 -7.530730e-03
 1.249784e+00 -7.548292e-03
 1.250799e+00 -7.566535e-03
 1.251814e+00 -7.583281e-03
 1.252828e+00 -7.603692e-03
 1.253843e+00 -7.608260e-03
 1.254858e+00 -7.607187e-03
 1.255873e+00 -7.609676e-03
 1.256888e+00 -7.619397e-03
 1.257903e+00 -7.629630e-03
 1.258917e+00 -7.633198e-03
 1.259932e+00 -7.635861e-03
 1.260947e+00 -7.630055e-03
 1.261962e+00 -7.633520e-03
 1.262977e+00 -7.632293e-03
 1.263991e+00 -7.627930e-03
 1.265006e+00 -7.620277e-03
 1.266021e+00 -7.612581e-03
 1.267036e+00 -7.610442e-03
 1.268051e+00 -7.601708e-03
 1.269066e+00 -7.595981e-03
 1.270080e+00 -7.579501e-03
 1.271095e+00 -7.563086e-03
 1.272110e+00 -7.545319e-03
 1.273125e+00 -7.533347e-03
 1.274140e+00 -7.523336e-03
 1.275154e+00 -7.506720e-03
 1.276169e+00 -7.495415e-03
 1.277184e+00 -7.481633e-03
 1.278199e+00 -7.473821e-03
 1.279214e+00 -7.458461e-03
 1.280229e+00 -7.445808e-03
 1.281243e+00 -7.433148e-03
 1.282258e+00 -7.419918e-03
 1.283273e+00 -7.397384e-03
 1.284288e+00 -7.366680e-03
 1.285303e+00 -7.347236e-03
 1.286317e+00 -7.325962e-03
 1.287332e+00 -7.299771e-03
 1.288347e+00 -7.270517e-03
 1.289362e+00 -7.239177e-03
 1.290377e+00 -7.213239e-03
 1.291392e+00 -7.184623e-03
 1.292406e+00 -7.153678e-03
 1.293421e+00 -7.123086e-03
 1.294436e+00 -7.097086e-03
 1.295451e+00 -7.071679e-03
 1.296466e+00 -7.040912e-03
 1.297480e+00 -7.002073e-03
 1.298495e+00 -6.966362e-03
 1.299510e+00 -6.930427e-03
 1.300525e+00 -6.894858e-03
 1.301540e+00 -6.865284e-03
 1.302555e+00 -6.836068e-03
 1.303569e+00 -6.796325e-03
 1.304584e+00 -6.759604e-03
 1.305599e+00 -6.720337e-03
 1.306614e+00 -6.683420e-03
 1.307629e+00 -6.648042e-03
 1.308643e+00 -6.610531e-03
 1.309658e+00 -6.575080e-03
 1.310673e+00 -6.537491e-03
 1.311688e+00 -6.500625e-03
 1.312703e+00 -6.454154e-03
 1.313718e+00 -6.409809e-03
 1.314732e+00 -6.371109e-03
 1.315747e+00 -6.331100e-03
 1.316762e+00 -6.289420e-03
 1.317777e+00 -6.255471e-03
 1.318792e+00 -6.221881e-03
 1.319806e+00 -6.177971e-03
 1.320821e+00 -6.139776e-03
 1.321836e+00 -6.100749e-03
 1.322851e+00 -6.055905e-03
 1.323866e+00 -6.019229e-03
 1.324881e+00 -5.979603e-03
 1.325895e+00 -5.940961e-03
 1.326910e+00 -5.906197e-03
 1.327925e+00 -5.870609e-03
 1.328940e+00 -5.829938e-03
 1.329955e+00 -5.793511e-03
 1.330969e+00 -5.757490e-03
 1.331984e+00 -5.717037e-03
 1.332999e+00 -5.673196e-03
 1.334014e+00 -5.630691e-03
 1.335029e+00 -5.592862e-03
 1.336044e+00 -5.550597e-03
 1.337058e+00 -5.505349e-03
 1.338073e+00 -5.468208e-03
 1.339088e+00 -5.430034e-03
 1.340103e+00 -5.392065e-03
 1.341118e+00 -5.353340e-03
 1.342133e+00 -5.319375e-03
 1.343147e+00 -5.284991e-03
 1.344162e+00 -5.250388e-03
 1.345177e+00 -5.215786e-03
 1.346192e+00 -5.181030e-03
 1.347207e+00 -5.149153e-03
 1.348221e+00 -5.111505e-03
 1.349236e+00 -5.072508e-03
 1.350251e+00 -5.033341e-03
 1.351266e+00 -4.996854e-03
 1.352281e+00 -4.956481e-03
 1.353296e+00 -4.916353e-03
 1.354310e+00 -4.876939e-03
 1.355325e+00 -4.840299e-03
 1.356340e+00 -4.801201e-03
 1.357355e+00 -4.760998e-03
 1.358370e+00 -4.726371e-03
 1.359384e+00 -4.691389e-03
 1.360399e+00 -4.653808e-03
 1.361414e+00 -4.614855e-03
 1.362429e+00 -4.579212e-03
 1.363444e+00 -4.540209e-03
 1.364459e+00 -4.502641e-03
 1.365473e+00 -4.465687e-03
 1.366488e+00 -4.426379e-03
 1.367503e+00 -4.391011e-03
 1.368518e+00 -4.353629e-03
 1.369533e+00 -4.312165e-03
 1.370547e+00 -4.274635e-03
 1.371562e+00 -4.231821e-03
 1.372577e+00 -4.189406e-03
 1.373592e+00 -4.146923e-03
 1.374607e+00 -4.103799e-03
 1.375622e+00 -4.060725e-03
 1.376636e+00 -4.014839e-03
 1.377651e+00 -3.969690e-03
 1.378666e+00 -3.925053e-03
 1.379681e+00 -3.876726e-03
 1.380696e+00 -3.830925e-03
 1.381710e+00 -3.782429e-03
 1.382725e+00 -3.737317e-03
 1.383740e+00 -3.693829e-03
 1.384755e+00 -3.645150e-03
 1.385770e+00 -3.602431e-03
 1.386785e+00 -3.557369e-03
 1.387799e+00 -3.515223e-03
 1.388814e+00 -3.471087e-03
 1.389829e+00 -3.425273e-03
 1.390844e+00 -3.382135e-03
 1.391859e+00 -3.334631e-03
 1.392873e+00 -3.288985e-03
 1.393888e+00 -3.242114e-03
 1.394903e+00 -3.196044e-03
 1.395918e+00 -3.152002e-03
 1.396933e+00 -3.105577e-03
 1.397948e+00 -3.060841e-03
 1.398962e+00 -3.018138e-03
 1.399977e+00 -2.974601e-03
 1.400992e+00 -2.924257e-03
 1.402007e+00 -2.876707e-03
 1.403022e+00 -2.835914e-03
 1.404036e+00 -2.794729e-03
 1.405051e+00 -2.751260e-03
 1.406066e+00 -2.704328e-03
 1.407081e+00 -2.656414e-03
 1.408096e+00 -2.612424e-03
 1.409111e+00 -2.560317e-03
 1.410125e+00 -2.510174e-03
 1.411140e+00 -2.457979e-03
 1.412155e+00 -2.408443e-03
 1.413170e+00 -2.354094e-03
 1.414185e+00 -2.298431e-03
 1.415200e+00 -2.243675e-03
 1.416214e+00 -2.188563e-03
 1.417229e+00 -2.128410e-03
 1.418244e+00 -2.066299e-03
 1.419259e+00 -2.005956e-03
 1.420274e+00 -1.948979e-03
 1.421288e+00 -1.887453e-03
 1.422303e+00 -1.818984e-03
 1.423318e+00 -1.755855e-03
 1.424333e+00 -1.690646e-03
 1.425348e+00 -1.625331e-03
 1.426363e+00 -1.559206e-03
 1.427377e+00 -1.495535e-03
 1.428392e+00 -1.433886e-03
 1.429407e+00 -1.367391e-03
 1.430422e+00 -1.303882e-03
 1.431437e+00 -1.240862e-03
 1.432451e+00 -1.176057e-03
 1.433466e+00 -1.109053e-03
 1.434481e+00 -1.041303e-03
 1.435496e+00 -9.740050e-04
 1.436511e+00 -9.043623e-04
 1.437526e+00 -8.311104e-04
 1.438540e+00 -7.566462e-04
 1.439555e+00 -6.825956e-04
 1.440570e+00 -6.080542e-04
 1.441585e+00 -5.322179e-04
 1.442600e+00 -4.568303e-04
 1.443614e+00 -3.835397e-04
 1.444629e+00 -3.053657e-04
 1.445644e+00 -2.207102e-04
 1.446659e+00 -1.426503e-04
 1.447674e+00 -6.236144e-05
 1.448689e+00  2.248816e-05
 1.449703e+00  1.036151e-04
 1.450718e+00  1.954807e-04
 1.451733e+00  2.862827e-04
 1.452748e+00  3.776145e-04
 1.453763e+00  4.716501e-04
 1.454777e+00  5.601126e-04
 1.455792e+00  6.522332e-04
 1.456807e+00  7.405914e-04
 1.457822e+00  8.185937e-04
 1.458837e+00  8.923164e-04
 1.459852e+00  9.612685e-04
 1.460866e+00  1.027361e-03
 1.461881e+00  1.089602e-03
 1.462896e+00  1.150539e-03
 1.463911e+00  1.210508e-03
 1.464926e+00  1.269873e-03
 1.465940e+00  1.329526e-03
 1.466955e+00  1.388479e-03
 1.467970e+00  1.448824e-03
 1.468985e+00  1.510300e-03
 1.470000e+00  1.572723e-03
 1.471015e+00  1.632268e-03
 1.472029e+00  1.695017e-03
 1.473044e+00  1.756616e-03
 1.474059e+00  1.812531e-03
 1.475074e+00  1.864729e-03
 1.476089e+00  1.913961e-03
 1.477103e+00  1.958451e-03
 1.478118e+00  1.998413e-03
 1.479133e+00  2.038873e-03
 1.480148e+00  2.074555e-03
 1.481163e+00  2.109301e-03
 1.482178e+00  2.142594e-03
 1.483192e+00  2.173906e-03
 1.484207e+00  2.207165e-03
 1.485222e+00  2.235035e-03
 1.486237e+00  2.264730e-03
 1.487252e+00  2.292296e-03
 1.488267e+00  2.317209e-03
 1.489281e+00  2.347174e-03
 1.490296e+00  2.381412e-03
 1.491311e+00  2.415725e-03
 1.492326e+00  2.446786e-03
 1.493341e+00  2.477887e-03
 1.494355e+00  2.501528e-03
 1.495370e+00  2.515411e-03
 1.496385e+00  2.532743e-03
 1.497400e+00  2.550957e-03
 1.498415e+00  2.570636e-03
 1.499430e+00  2.589039e-03
 1.500444e+00  2.603260e-03
 1.501459e+00  2.611410e-03
 1.502474e+00  2.623037e-03
 1.503489e+00  2.632301e-03
 1.504504e+00  2.649461e-03
 1.505518e+00  2.661521e-03
 1.506533e+00  2.672221e-03
 1.507548e+00  2.693392e-03
 1.508563e+00  2.719459e-03
 1.509578e+00  2.740063e-03
 1.510593e+00  2.757917e-03
 1.511607e+00  2.777244e-03
 1.512622e+00  2.790875e-03
 1.513637e+00  2.791175e-03
 1.514652e+00  2.792221e-03
 1.515667e+00  2.801381e-03
 1.516681e+00  2.807451e-03
 1.517696e+00  2.803765e-03
 1.518711e+00  2.793614e-03
 1.519726e+00  2.803210e-03
 1.520741e+00  2.816477e-03
 1.521756e+00  2.806810e-03
 1.522770e+00  2.801618e-03
 1.523785e+00  2.796574e-03
 1.524800e+00  2.791848e-03
 1.525815e+00  2.796331e-03
 1.526830e+00  2.790343e-03
 1.527844e+00  2.777223e-03
 1.528859e+00  2.780848e-03
 1.529874e+00  2.792820e-03
 1.530889e+00  2.796552e-03
 1.531904e+00  2.802582e-03
 1.532919e+00  2.808632e-03
 1.533933e+00  2.811226e-03
 1.534948e+00  2.821055e-03
 1.535963e+00  2.828337e-03
 1.536978e+00  2.832834e-03
 1.537993e+00  2.841336e-03
 1.539007e+00  2.855409e-03
 1.540022e+00  2.854012e-03
 1.541037e+00  2.851131e-03
 1.542052e+00  2.849295e-03
 1.543067e+00  2.846817e-03
 1.544082e+00  2.845056e-03
 1.545096e+00  2.840864e-03
 1.546111e+00  2.843871e-03
 1.547126e+00  2.843736e-03
 1.548141e+00  2.840029e-03
 1.549156e+00  2.831609e-03
 1.550170e+00  2.834340e-03
 1.551185e+00  2.833526e-03
 1.552200e+00  2.827116e-03
 1.553215e+00  2.822070e-03
 1.554230e+00  2.824001e-03
 1.555245e+00  2.832342e-03
 1.556259e+00  2.835392e-03
 1.557274e+00  2.836532e-03
 1.558289e+00  2.838605e-03
 1.559304e+00  2.845090e-03
 1.560319e+00  2.849816e-03
 1.561334e+00  2.852285e-03
 1.562348e+00  2.855882e-03
 1.563363e+00  2.869858e-03
 1.564378e+00  2.873275e-03
 1.565393e+00  2.876064e-03
 1.566408e+00  2.880864e-03
 1.567422e+00  2.886295e-03
 1.568437e+00  2.884625e-03
 1.569452e+00  2.884029e-03
 1.570467e+00  2.889224e-03
 1.571482e+00  2.894664e-03
 1.572497e+00  2.894131e-03
 1.573511e+00  2.889229e-03
 1.574526e+00  2.893080e-03
 1.575541e+00  2.889675e-03
 1.576556e+00  2.884460e-03
 1.577571e+00  2.880477e-03
 1.578585e+00  2.885181e-03
 1.579600e+00  2.888095e-03
 1.580615e+00  2.886577e-03
 1.581630e+00  2.886321e-03
 1.582645e+00  2.888488e-03
 1.583660e+00  2.895801e-03
 1.584674e+00  2.895818e-03
 1.585689e+00  2.908992e-03
 1.586704e+00  2.928407e-03
 1.587719e+00  2.938519e-03
 1.588734e+00  2.954367e-03
 1.589748e+00  2.962011e-03
 1.590763e+00  2.978106e-03
 1.591778e+00  2.999625e-03
 1.592793e+00  3.012532e-03
 1.593808e+00  3.026271e-03
 1.594823e+00  3.034968e-03
 1.595837e+00  3.055133e-03
 1.596852e+00  3.064167e-03
 1.597867e+00  3.075526e-03
 1.598882e+00  3.092271e-03
 1.599897e+00  3.109601e-03
 1.600911e+00  3.134387e-03
 1.601926e+00  3.151509e-03
 1.602941e+00  3.170411e-03
 1.603956e+00  3.195775e-03
 1.604971e+00  3.220143e-03
 1.605986e+00  3.240913e-03
 1.607000e+00  3.263294e-03
 1.608015e+00  3.288283e-03
 1.609030e+00  3.317633e-03
 1.610045e+00  3.334941e-03
 1.611060e+00  3.352733e-03
 1.612074e+00  3.375838e-03
 1.613089e+00  3.393200e-03
 1.614104e+00  3.409224e-03
 1.615119e+00  3.421955e-03
 1.616134e+00  3.445685e-03
 1.617149e+00  3.463933e-03
 1.618163e+00  3.478364e-03
 1.619178e+00  3.494876e-03
 1.620193e+00  3.510923e-03
 1.621208e+00  3.532040e-03
 1.622223e+00  3.548772e-03
 1.623237e+00  3.574074e-03
 1.624252e+00  3.594284e-03
 1.625267e+00  3.610250e-03
 1.626282e+00  3.632008e-03
 1.627297e+00  3.652535e-03
 1.628312e+00  3.678285e-03
 1.629326e+00  3.698963e-03
 1.630341e+00  3.720124e-03
 1.631356e+00  3.745050e-03
 1.632371e+00  3.769576e-03
 1.633386e+00  3.793350e-03
 1.634401e+00  3.812497e-03
 1.635415e+00  3.837274e-03
 1.636430e+00  3.859828e-03
 1.637445e+00  3.878324e-03
 1.638460e+00  3.898141e-03
 1.639475e+00  3.917397e-03
 1.640489e+00  3.931799e-03
 1.641504e+00  3.945297e-03
 1.642519e+00  3.964032e-03
 1.643534e+00  3.982373e-03
 1.644549e+00  4.000365e-03
 1.645564e+00  4.017770e-03
 1.646578e+00  4.037030e-03
 1.647593e+00  4.057388e-03
 1.648608e+00  4.073836e-03
 1.649623e+00  4.092535e-03
 1.650638e+00  4.113093e-03
 1.651652e+00  4.137015e-03
 1.652667e+00  4.160033e-03
 1.653682e+00  4.178054e-03
 1.654697e+00  4.196435e-03
 1.655712e+00  4.217310e-03
 1.656727e+00  4.235371e-03
 1.657741e+00  4.253307e-03
 1.658756e+00  4.272276e-03
 1.659771e+00  4.292978e-03
 1.660786e+00  4.313898e-03
 1.661801e+00  4.332368e-03
 1.662815e+00  4.348551e-03
 1.663830e+00  4.364663e-03
 1.664845e+00  4.378985e-03
 1.665860e+00  4.385109e-03
 1.666875e+00  4.382470e-03
 1.667890e+00  4.381135e-03
 1.668904e+00  4.387315e-03
 1.669919e+00  4.390858e-03
 1.670934e+00  4.394740e-03
 1.671949e+00  4.390513e-03
 1.672964e+00  4.383284e-03
 1.673978e+00  4.381854e-03
 1.674993e+00  4.377049e-03
 1.676008e+00  4.362757e-03
 1.677023e+00  4.351987e-03
 1.678038e+00  4.348307e-03
 1.679053e+00  4.333841e-03
 1.680067e+00  4.308504e-03
 1.681082e+00  4.296556e-03
 1.682097e+00  4.286787e-03
 1.683112e+00  4.276317e-03
 1.684127e+00  4.258523e-03
 1.685141e+00  4.241109e-03
 1.686156e+00  4.226837e-03
 1.687171e+00  4.213283e-03
 1.688186e+00  4.198880e-03
 1.689201e+00  4.179907e-03
 1.690216e+00  4.169695e-03
 1.691230e+00  4.155025e-03
 1.692245e+00  4.138093e-03
 1.693260e+00  4.115155e-03
 1.694275e+00  4.091006e-03
 1.695290e+00  4.071966e-03
 1.696304e+00  4.050641e-03
 1.697319e+00  4.027119e-03
 1.698334e+00  4.004187e-03
 1.699349e+00  3.980073e-03
 1.700364e+00  3.953948e-03
 1.701379e+00  3.926035e-03
 1.702393e+00  3.898921e-03
 1.703408e+00  3.872694e-03
 1.704423e+00  3.847395e-03
 1.705438e+00  3.805091e-03
 1.706453e+00  3.778306e-03
 1.707468e+00  3.746166e-03
 1.708482e+00  3.712535e-03
 1.709497e+00  3.671588e-03
 1.710512e+00  3.630968e-03
 1.711527e+00  3.604993e-03
 1.712542e+00  3.564673e-03
 1.713556e+00  3.529226e-03
 1.714571e+00  3.488577e-03
 1.715586e+00  3.453669e-03
 1.716601e+00  3.423005e-03
 1.717616e+00  3.382459e-03
 1.718631e+00  3.348479e-03
 1.719645e+00  3.314624e-03
 1.720660e+00  3.269631e-03
 1.721675e+00  3.232455e-03
 1.722690e+00  3.199246e-03
 1.723705e+00  3.161402e-03
 1.724719e+00  3.116018e-03
 1.725734e+00  3.074249e-03
 1.726749e+00  3.037355e-03
 1.727764e+00  2.997313e-03
 1.728779e+00  2.955022e-03
 1.729794e+00  2.917159e-03
 1.730808e+00  2.883152e-03
 1.731823e+00  2.847125e-03
 1.732838e+00  2.805858e-03
 1.733853e+00  2.771381e-03
 1.734868e+00  2.734048e-03
 1.735882e+00  2.700008e-03
 1.736897e+00  2.663813e-03
 1.737912e+00  2.625948e-03
 1.738927e+00  2.593743e-03
 1.739942e+00  2.556216e-03
 1.740957e+00  2.517703e-03
 1.741971e+00  2.478049e-03
 1.742986e+00  2.439213e-03
 1.744001e+00  2.402289e-03
 1.745016e+00  2.361842e-03
 1.746031e+00  2.322909e-03
 1.747045e+00  2.280279e-03
 1.748060e+00  2.240773e-03
 1.749075e+00  2.198739e-03
 1.750090e+00  2.159155e-03
 1.751105e+00  2.123016e-03
 1.752120e+00  2.085294e-03
 1.753134e+00  2.048251e-03
 1.754149e+00  2.010604e-03
 1.755164e+00  1.974775e-03
 1.756179e+00  1.937495e-03
 1.757194e+00  1.901915e-03
 1.758208e+00  1.867745e-03
 1.759223e+00  1.832144e-03
 1.760238e+00  1.798938e-03
 1.761253e+00  1.761337e-03
 1.762268e+00  1.724124e-03
 1.763283e+00  1.687759e-03
 1.764297e+00  1.650056e-03
 1.765312e+00  1.613508e-03
 1.766327e+00  1.575239e-03
 1.767342e+00  1.538265e-03
 1.768357e+00  1.501104e-03
 1.769371e+00  1.462272e-03
 1.770386e+00  1.420003e-03
 1.771401e+00  1.374920e-03
 1.772416e+00  1.340214e-03
 1.773431e+00  1.303634e-03
 1.774446e+00  1.260770e-03
 1.775460e+00  1.215736e-03
 1.776475e+00  1.170106e-03
 1.777490e+00  1.132783e-03
 1.778505e+00  1.089681e-03
 1.779520e+00  1.045773e-03
 1.780535e+00  1.004309e-03
 1.781549e+00  9.681426e-04
 1.782564e+00  9.311917e-04
 1.783579e+00  8.851560e-04
 1.784594e+00  8.430058e-04
 1.785609e+00  8.041895e-04
 1.786623e+00  7.699908e-04
 1.787638e+00  7.309705e-04
 1.788653e+00  6.910398e-04
 1.789668e+00  6.522424e-04
 1.790683e+00  6.156394e-04
 1.791698e+00  5.774017e-04
 1.792712e+00  5.368066e-04
 1.793727e+00  5.004435e-04
 1.794742e+00  4.598465e-04
 1.795757e+00  4.195640e-04
 1.796772e+00  3.887787e-04
 1.797786e+00  3.527608e-04
 1.798801e+00  3.105597e-04
 1.799816e+00  2.731049e-04
 1.800831e+00  2.411109e-04
 1.801846e+00  2.068631e-04
 1.802861e+00  1.666987e-04
 1.803875e+00  1.181709e-04
 1.804890e+00  6.911410e-05
 1.805905e+00  1.272710e-05
 1.806920e+00 -2.940406e-05
 1.807935e+00 -5.625111e-05
 1.808949e+00 -1.265534e-04
 1.809964e+00 -1.959831e-04
 1.810979e+00 -2.433419e-04
 1.811994e+00 -3.029373e-04
 1.813009e+00 -3.536278e-04
 1.814024e+00 -4.017432e-04
 1.815038e+00 -4.431529e-04
 1.816053e+00 -4.720353e-04
 1.817068e+00 -5.125936e-04
 1.818083e+00 -5.539631e-04
 1.819098e+00 -5.839585e-04
 1.820112e+00 -6.098060e-04
 1.821127e+00 -6.382905e-04
 1.822142e+00 -6.695850e-04
 1.823157e+00 -7.021398e-04
 1.824172e+00 -7.418101e-04
 1.825187e+00 -7.773763e-04
 1.826201e+00 -8.175759e-04
 1.827216e+00 -8.587445e-04
 1.828231e+00 -8.972570e-04
 1.829246e+00 -9.343145e-04
 1.830261e+00 -9.719401e-04
 1.831275e+00 -1.004034e-03
 1.832290e+00 -1.020923e-03
 1.833305e+00 -1.043305e-03
 1.834320e+00 -1.061320e-03
 1.835335e+00 -1.072307e-03
 1.836350e+00 -1.084975e-03
 1.837364e+00 -1.088705e-03
 1.838379e+00 -1.091547e-03
 1.839394e+00 -1.093584e-03
 1.840409e+00 -1.097877e-03
 1.841424e+00 -1.103734e-03
 1.842438e+00 -1.109189e-03
 1.843453e+00 -1.113951e-03
 1.844468e+00 -1.112059e-03
 1.845483e+00 -1.112167e-03
 1.846498e+00 -1.123439e-03
 1.847513e+00 -1.138287e-03
 1.848527e+00 -1.151524e-03
 1.849542e+00 -1.156937e-03
 1.850557e+00 -1.161666e-03
 1.851572e+00 -1.165584e-03
 1.852587e+00 -1.173735e-03
 1.853602e+00 -1.187604e-03
 1.854616e+00 -1.195589e-03
 1.855631e+00 -1.211699e-03
 1.856646e+00 -1.212524e-03
 1.857661e+00 -1.220612e-03
 1.858676e+00 -1.224707e-03
 1.859690e+00 -1.222605e-03
 1.860705e+00 -1.224015e-03
 1.861720e+00 -1.227355e-03
 1.862735e+00 -1.239200e-03
 1.863750e+00 -1.241582e-03
 1.864765e+00 -1.248147e-03
 1.865779e+00 -1.263629e-03
 1.866794e+00 -1.269712e-03
 1.867809e+00 -1.282380e-03
 1.868824e+00 -1.286995e-03
 1.869839e+00 -1.295339e-03
 1.870853e+00 -1.298012e-03
 1.871868e+00 -1.299576e-03
 1.872883e+00 -1.302947e-03
 1.873898e+00 -1.302930e-03
 1.874913e+00 -1.305400e-03
 1.875928e+00 -1.306615e-03
 1.876942e+00 -1.317045e-03
 1.877957e+00 -1.322114e-03
 1.878972e+00 -1.326748e-03
 1.879987e+00 -1.334079e-03
 1.881002e+00 -1.341159e-03
 1.882016e+00 -1.349784e-03
 1.883031e+00 -1.354245e-03
 1.884046e+00 -1.358933e-03
 1.885061e+00 -1.364700e-03
 1.886076e+00 -1.373279e-03
 1.887091e+00 -1.379355e-03
 1.888105e+00 -1.382918e-03
 1.889120e+00 -1.390642e-03
 1.890135e+00 -1.397236e-03
 1.891150e+00 -1.404557e-03
 1.892165e+00 -1.410368e-03
 1.893179e+00 -1.418259e-03
 1.894194e+00 -1.425903e-03
 1.895209e+00 -1.432242e-03
 1.896224e+00 -1.437551e-03
 1.897239e+00 -1.445006e-03
 1.898254e+00 -1.449100e-03
 1.899268e+00 -1.452429e-03
 1.900283e+00 -1.460087e-03
 1.901298e+00 -1.465632e-03
 1.902313e+00 -1.475207e-03
 1.903328e+00 -1.477135e-03
 1.904342e+00 -1.480902e-03
 1.905357e+00 -1.488326e-03
 1.906372e+00 -1.492680e-03
 1.907387e+00 -1.499217e-03
 1.908402e+00 -1.504223e-03
 1.909417e+00 -1.512721e-03
 1.910431e+00 -1.521186e-03
 1.911446e+00 -1.529224e-03
 1.912461e+00 -1.537322e-03
 1.913476e+00 -1.543838e-03
 1.914491e+00 -1.553152e-03
 1.915505e+00 -1.560420e-03
 1.916520e+00 -1.568100e-03
 1.917535e+00 -1.577893e-03
 1.918550e+00 -1.586553e-03
 1.919565e+00 -1.592511e-03
 1.920580e+00 -1.598470e-03
 1.921594e+00 -1.603009e-03
 1.922609e+00 -1.607641e-03
 1.923624e+00 -1.613695e-03
 1.924639e+00 -1.620533e-03
 1.925654e+00 -1.630528e-03
 1.926668e+00 -1.636370e-03
 1.927683e+00 -1.644769e-03
 1.928698e+00 -1.651991e-03
 1.929713e+00 -1.657842e-03
 1.930728e+00 -1.664870e-03
 1.931743e+00 -1.672255e-03
 1.932757e+00 -1.681113e-03
 1.933772e+00 -1.689176e-03
 1.934787e+00 -1.698300e-03
 1.935802e+00 -1.702467e-03
 1.936817e+00 -1.707687e-03
 1.937832e+00 -1.715429e-03
 1.938846e+00 -1.720163e-03
 1.939861e+00 -1.726689e-03
 1.940876e+00 -1.729831e-03
 1.941891e+00 -1.738075e-03
 1.942906e+00 -1.745374e-03
 1.943920e+00 -1.753485e-03
 1.944935e+00 -1.759991e-03
 1.945950e+00 -1.766570e-03
 1.946965e+00 -1.776088e-03
 1.947980e+00 -1.785579e-03
 1.948995e+00 -1.794879e-03
 1.950009e+00 -1.800498e-03
 1.951024e+00 -1.809324e-03
 1.952039e+00 -1.818019e-03
 1.953054e+00 -1.822861e-03
 1.954069e+00 -1.829451e-03
 1.955083e+00 -1.835324e-03
 1.956098e+00 -1.842590e-03
 1.957113e+00 -1.846683e-03
 1.958128e+00 -1.850966e-03
 1.959143e+00 -1.855685e-03
 1.960158e+00 -1.850479e-03
 1.961172e+00 -1.841449e-03
 1.962187e+00 -1.828616e-03
 1.963202e+00 -1.825091e-03
 1.964217e+00 -1.817399e-03
 1.965232e+00 -1.808996e-03
 1.966246e+00 -1.797689e-03
 1.967261e+00 -1.777683e-03
 1.968276e+00 -1.765771e-03
 1.969291e+00 -1.749819e-03
 1.970306e+00 -1.736614e-03
 1.971321e+00 -1.718762e-03
 1.972335e+00 -1.701211e-03
 1.973350e+00 -1.685758e-03
 1.974365e+00 -1.663196e-03
 1.975380e+00 -1.644055e-03
 1.976395e+00 -1.622733e-03
 1.977409e+00 -1.598796e-03
 1.978424e+00 -1.570504e-03
 1.979439e+00 -1.540375e-03
 1.980454e+00 -1.509391e-03
 1.981469e+00 -1.483244e-03
 1.982484e+00 -1.460446e-03
 1.983498e+00 -1.433099e-03
 1.984513e+00 -1.401674e-03
 1.985528e+00 -1.373086e-03
 1.986543e+00 -1.343647e-03
 1.987558e+00 -1.312212e-03
 1.988572e+00 -1.281005e-03
 1.989587e+00 -1.251324e-03
 1.990602e+00 -1.230212e-03
 1.991617e+00 -1.205732e-03
 1.992632e+00 -1.171563e-03
 1.993647e+00 -1.135758e-03
 1.994661e+00 -1.107525e-03
 1.995676e+00 -1.077356e-03
 1.996691e+00 -1.046454e-03
 1.997706e+00 -1.013488e-03
 1.998721e+00 -9.817274e-04
 1.999735e+00 -9.538298e-04
