acne-pp15-s5-h7 acne-pp15-s5-h7
2001 0.0
 9.129252e-04  1.859361e-09
 1.912173e-03  2.514673e-08
 2.911421e-03  8.396723e-08
 3.910668e-03  1.960678e-07
 4.909916e-03  3.781436e-07
 5.909163e-03  6.456476e-07
 6.908411e-03  1.012782e-06
 7.907659e-03  1.492613e-06
 8.906906e-03  2.097224e-06
 9.906154e-03  2.837862e-06
 1.090540e-02  3.725037e-06
 1.190465e-02  4.768559e-06
 1.290390e-02  5.977554e-06
 1.390314e-02  7.360441e-06
 1.490239e-02  8.924907e-06
 1.590164e-02  1.067788e-05
 1.690089e-02  1.262550e-05
 1.790014e-02  1.477311e-05
 1.889938e-02  1.712519e-05
 1.989863e-02  1.968538e-05
 2.089788e-02  2.245637e-05
 2.189713e-02  2.543989e-05
 2.289637e-02  2.863664e-05
 2.389562e-02  3.204624e-05
 2.489487e-02  3.566719e-05
 2.589412e-02  3.949683e-05
 2.689336e-02  4.353130e-05
 2.789261e-02  4.776562e-05
 2.889186e-02  5.219360e-05
 2.989111e-02  5.680800e-05
 3.089035e-02  6.160047e-05
 3.188960e-02  6.656171e-05
 3.288885e-02  7.168150e-05
 3.388810e-02  7.694880e-05
 3.488735e-02  8.235184e-05
 3.588659e-02  8.787819e-05
 3.688584e-02  9.351488e-05
 3.788509e-02  9.924845e-05
 3.888434e-02  1.050650e-04
 3.988358e-02  1.109505e-04
 4.088283e-02  1.168903e-04
 4.188208e-02  1.228700e-04
 4.288133e-02  1.288747e-04
 4.388057e-02  1.348895e-04
 4.487982e-02  1.408998e-04
 4.587907e-02  1.468905e-04
 4.687832e-02  1.528471e-04
 4.787757e-02  1.587550e-04
 4.887681e-02  1.645997e-04
 4.987606e-02  1.703672e-04
 5.087531e-02  1.760435e-04
 5.187456e-02  1.816154e-04
 5.287380e-02  1.870698e-04
 5.387305e-02  1.923942e-04
 5.487230e-02  1.975767e-04
 5.587155e-02  2.026059e-04
 5.687079e-02  2.074713e-04
 5.787004e-02  2.121628e-04
 5.886929e-02  2.166713e-04
 5.986854e-02  2.209885e-04
 6.086778e-02  2.251070e-04
 6.186703e-02  2.290202e-04
 6.286628e-02  2.327223e-04
 6.386553e-02  2.362087e-04
 6.486478e-02  2.394757e-04
 6.586402e-02  2.425203e-04
 6.686327e-02  2.453407e-04
 6.786252e-02  2.479361e-04
 6.886177e-02  2.503065e-04
 6.986101e-02  2.524528e-04
 7.086026e-02  2.543769e-04
 7.185951e-02  2.560817e-04
 7.285876e-02  2.575707e-04
 7.385800e-02  2.588486e-04
 7.485725e-02  2.599206e-04
 7.585650e-02  2.607928e-04
 7.685575e-02  2.614721e-04
 7.785499e-02  2.619660e-04
 7.885424e-02  2.622828e-04
 7.985349e-02  2.624312e-04
 8.085274e-02  2.624208e-04
 8.185199e-02  2.622614e-04
 8.285123e-02  2.619635e-04
 8.385048e-02  2.615380e-04
 8.484973e-02  2.609960e-04
 8.584898e-02  2.603490e-04
 8.684822e-02  2.596089e-04
 8.784747e-02  2.587877e-04
 8.884672e-02  2.578973e-04
 8.984597e-02  2.569499e-04
 9.084521e-02  2.559578e-04
 9.184446e-02  2.549331e-04
 9.284371e-02  2.538876e-04
 9.384296e-02  2.528334e-04
 9.484220e-02  2.517819e-04
 9.584145e-02  2.507445e-04
 9.684070e-02  2.497321e-04
 9.783995e-02  2.487552e-04
 9.883920e-02  2.478241e-04
 9.983844e-02  2.469483e-04
 1.008377e-01  2.461370e-04
 1.018369e-01  2.453986e-04
 1.028362e-01  2.447410e-04
 1.038354e-01  2.441716e-04
 1.048347e-01  2.436968e-04
 1.058339e-01  2.433226e-04
 1.068332e-01  2.430542e-04
 1.078324e-01  2.428958e-04
 1.088317e-01  2.428512e-04
 1.098309e-01  2.429233e-04
 1.108302e-01  2.431140e-04
 1.118294e-01  2.434247e-04
 1.128287e-01  2.438558e-04
 1.138279e-01  2.444071e-04
 1.148272e-01  2.450775e-04
 1.158264e-01  2.458650e-04
 1.168257e-01  2.467672e-04
 1.178249e-01  2.477806e-04
 1.188241e-01  2.489011e-04
 1.198234e-01  2.501239e-04
 1.208226e-01  2.514437e-04
 1.218219e-01  2.528542e-04
 1.228211e-01  2.543489e-04
 1.238204e-01  2.559204e-04
 1.248196e-01  2.575609e-04
 1.258189e-01  2.592622e-04
 1.268181e-01  2.610156e-04
 1.278174e-01  2.628118e-04
 1.288166e-01  2.646415e-04
 1.298159e-01  2.664948e-04
 1.308151e-01  2.683618e-04
 1.318144e-01  2.702321e-04
 1.328136e-01  2.720954e-04
 1.338129e-01  2.739413e-04
 1.348121e-01  2.757591e-04
 1.358114e-01  2.775383e-04
 1.368106e-01  2.792685e-04
 1.378099e-01  2.809393e-04
 1.388091e-01  2.825405e-04
 1.398083e-01  2.840620e-04
 1.408076e-01  2.854941e-04
 1.418068e-01  2.868274e-04
 1.428061e-01  2.880526e-04
 1.438053e-01  2.891611e-04
 1.448046e-01  2.901446e-04
 1.458038e-01  2.909951e-04
 1.468031e-01  2.917053e-04
 1.478023e-01  2.922685e-04
 1.488016e-01  2.926782e-04
 1.498008e-01  2.929288e-04
 1.508001e-01  2.930154e-04
 1.517993e-01  2.929333e-04
 1.527986e-01  2.926788e-04
 1.537978e-01  2.922488e-04
 1.547971e-01  2.916408e-04
 1.557963e-01  2.908532e-04
 1.567956e-01  2.898846e-04
 1.577948e-01  2.887349e-04
 1.587941e-01  2.874043e-04
 1.597933e-01  2.858938e-04
 1.607926e-01  2.842050e-04
 1.617918e-01  2.823402e-04
 1.627910e-01  2.803024e-04
 1.637903e-01  2.780953e-04
 1.647895e-01  2.757230e-04
 1.657888e-01  2.731903e-04
 1.667880e-01  2.705025e-04
 1.677873e-01  2.676656e-04
 1.687865e-01  2.646860e-04
 1.697858e-01  2.615704e-04
 1.707850e-01  2.583262e-04
 1.717843e-01  2.549610e-04
 1.727835e-01  2.514829e-04
 1.737828e-01  2.479003e-04
 1.747820e-01  2.442217e-04
 1.757813e-01  2.404560e-04
 1.767805e-01  2.366124e-04
 1.777798e-01  2.326999e-04
 1.787790e-01  2.287279e-04
 1.797783e-01  2.247057e-04
 1.807775e-01  2.206428e-04
 1.817768e-01  2.165484e-04
 1.827760e-01  2.124319e-04
 1.837752e-01  2.083024e-04
 1.847745e-01  2.041690e-04
 1.857737e-01  2.000403e-04
 1.867730e-01  1.959250e-04
 1.877722e-01  1.918315e-04
 1.887715e-01  1.877676e-04
 1.897707e-01  1.837409e-04
 1.907700e-01  1.797589e-04
 1.917692e-01  1.758283e-04
 1.927685e-01  1.719554e-04
 1.937677e-01  1.681464e-04
 1.947670e-01  1.644066e-04
 1.957662e-01  1.607409e-04
 1.967655e-01  1.571539e-04
 1.977647e-01  1.536494e-04
 1.987640e-01  1.502306e-04
 1.997632e-01  1.469005e-04
 2.007625e-01  1.436611e-04
 2.017617e-01  1.405140e-04
 2.027610e-01  1.374604e-04
 2.037602e-01  1.345007e-04
 2.047594e-01  1.316347e-04
 2.057587e-01  1.288617e-04
 2.067579e-01  1.261806e-04
 2.077572e-01  1.235895e-04
 2.087564e-01  1.210861e-04
 2.097557e-01  1.186675e-04
 2.107549e-01  1.163305e-04
 2.117542e-01  1.140713e-04
 2.127534e-01  1.118856e-04
 2.137527e-01  1.097687e-04
 2.147519e-01  1.077155e-04
 2.157512e-01  1.057208e-04
 2.167504e-01  1.037786e-04
 2.177497e-01  1.018829e-04
 2.187489e-01  1.000274e-04
 2.197482e-01  9.820557e-05
 2.207474e-01  9.641060e-05
 2.217467e-01  9.463560e-05
 2.227459e-01  9.287352e-05
 2.237452e-01  9.111723e-05
 2.247444e-01  8.935958e-05
 2.257436e-01  8.759336e-05
 2.267429e-01  8.581143e-05
 2.277421e-01  8.400670e-05
 2.287414e-01  8.217217e-05
 2.297406e-01  8.030098e-05
 2.307399e-01  7.838646e-05
 2.317391e-01  7.642211e-05
 2.327384e-01  7.440170e-05
 2.337376e-01  7.231925e-05
 2.347369e-01  7.016908e-05
 2.357361e-01  6.794584e-05
 2.367354e-01  6.564451e-05
 2.377346e-01  6.326049e-05
 2.387339e-01  6.078953e-05
 2.397331e-01  5.822783e-05
 2.407324e-01  5.557201e-05
 2.417316e-01  5.281916e-05
 2.427309e-01  4.996682e-05
 2.437301e-01  4.701300e-05
 2.447294e-01  4.395623e-05
 2.457286e-01  4.079549e-05
 2.467278e-01  3.753029e-05
 2.477271e-01  3.416061e-05
 2.487263e-01  3.068696e-05
 2.497256e-01  2.711031e-05
 2.507248e-01  2.343333e-05
 2.517241e-01  1.967043e-05
 2.527233e-01  1.584258e-05
 2.537226e-01  1.197067e-05
 2.547218e-01  8.074982e-06
 2.557211e-01  4.174971e-06
 2.567203e-01  2.892041e-07
 2.577196e-01 -3.564539e-06
 2.587188e-01 -7.369121e-06
 2.597181e-01 -1.110791e-05
 2.607173e-01 -1.476472e-05
 2.617166e-01 -1.832373e-05
 2.627158e-01 -2.176958e-05
 2.637151e-01 -2.508734e-05
 2.647143e-01 -2.826263e-05
 2.657136e-01 -3.128163e-05
 2.667128e-01 -3.413118e-05
 2.677120e-01 -3.679880e-05
 2.687113e-01 -3.927277e-05
 2.697105e-01 -4.154218e-05
 2.707098e-01 -4.359702e-05
 2.717090e-01 -4.542827e-05
 2.727083e-01 -4.702796e-05
 2.737075e-01 -4.838929e-05
 2.747068e-01 -4.950667e-05
 2.757060e-01 -5.037583e-05
 2.767053e-01 -5.099385e-05
 2.777045e-01 -5.135916e-05
 2.787038e-01 -5.147160e-05
 2.797030e-01 -5.133237e-05
 2.807023e-01 -5.094402e-05
 2.817015e-01 -5.031041e-05
 2.827008e-01 -4.943662e-05
 2.837000e-01 -4.832892e-05
 2.846993e-01 -4.699471e-05
 2.856985e-01 -4.544238e-05
 2.866978e-01 -4.368131e-05
 2.876970e-01 -4.172178e-05
 2.886963e-01 -3.957486e-05
 2.896955e-01 -3.725240e-05
 2.906947e-01 -3.476691e-05
 2.916940e-01 -3.213154e-05
 2.926932e-01 -2.936003e-05
 2.936925e-01 -2.646661e-05
 2.946917e-01 -2.346595e-05
 2.956910e-01 -2.037314e-05
 2.966902e-01 -1.720360e-05
 2.976895e-01 -1.397302e-05
 2.986887e-01 -1.069729e-05
 2.996880e-01 -7.392451e-06
 3.006872e-01 -4.074595e-06
 3.016865e-01 -7.598173e-07
 3.026857e-01  2.535879e-06
 3.036850e-01  5.796658e-06
 3.046842e-01  9.006931e-06
 3.056835e-01  1.215144e-05
 3.066827e-01  1.521533e-05
 3.076820e-01  1.818425e-05
 3.086812e-01  2.104439e-05
 3.096805e-01  2.378257e-05
 3.106797e-01  2.638632e-05
 3.116789e-01  2.884392e-05
 3.126782e-01  3.114446e-05
 3.136774e-01  3.327788e-05
 3.146767e-01  3.523505e-05
 3.156759e-01  3.700773e-05
 3.166752e-01  3.858868e-05
 3.176744e-01  3.997165e-05
 3.186737e-01  4.115137e-05
 3.196729e-01  4.212363e-05
 3.206722e-01  4.288522e-05
 3.216714e-01  4.343398e-05
 3.226707e-01  4.376880e-05
 3.236699e-01  4.388959e-05
 3.246692e-01  4.379727e-05
 3.256684e-01  4.349381e-05
 3.266677e-01  4.298214e-05
 3.276669e-01  4.226619e-05
 3.286662e-01  4.135083e-05
 3.296654e-01  4.024188e-05
 3.306647e-01  3.894603e-05
 3.316639e-01  3.747082e-05
 3.326631e-01  3.582463e-05
 3.336624e-01  3.401661e-05
 3.346616e-01  3.205661e-05
 3.356609e-01  2.995518e-05
 3.366601e-01  2.772346e-05
 3.376594e-01  2.537318e-05
 3.386586e-01  2.291653e-05
 3.396579e-01  2.036617e-05
 3.406571e-01  1.773509e-05
 3.416564e-01  1.503663e-05
 3.426556e-01  1.228431e-05
 3.436549e-01  9.491854e-06
 3.446541e-01  6.673068e-06
 3.456534e-01  3.841790e-06
 3.466526e-01  1.011816e-06
 3.476519e-01 -1.803162e-06
 3.486511e-01 -4.589625e-06
 3.496504e-01 -7.334290e-06
 3.506496e-01 -1.002417e-05
 3.516489e-01 -1.264664e-05
 3.526481e-01 -1.518949e-05
 3.536473e-01 -1.764098e-05
 3.546466e-01 -1.998989e-05
 3.556458e-01 -2.222559e-05
 3.566451e-01 -2.433806e-05
 3.576443e-01 -2.631795e-05
 3.586436e-01 -2.815661e-05
 3.596428e-01 -2.984614e-05
 3.606421e-01 -3.137940e-05
 3.616413e-01 -3.275008e-05
 3.626406e-01 -3.395269e-05
 3.636398e-01 -3.498257e-05
 3.646391e-01 -3.583595e-05
 3.656383e-01 -3.650994e-05
 3.666376e-01 -3.700253e-05
 3.676368e-01 -3.731260e-05
 3.686361e-01 -3.743993e-05
 3.696353e-01 -3.738519e-05
 3.706346e-01 -3.714992e-05
 3.716338e-01 -3.673652e-05
 3.726331e-01 -3.614823e-05
 3.736323e-01 -3.538914e-05
 3.746315e-01 -3.446412e-05
 3.756308e-01 -3.337881e-05
 3.766300e-01 -3.213958e-05
 3.776293e-01 -3.075352e-05
 3.786285e-01 -2.922837e-05
 3.796278e-01 -2.757248e-05
 3.806270e-01 -2.579479e-05
 3.816263e-01 -2.390476e-05
 3.826255e-01 -2.191231e-05
 3.836248e-01 -1.982782e-05
 3.846240e-01 -1.766201e-05
 3.856233e-01 -1.542593e-05
 3.866225e-01 -1.313090e-05
 3.876218e-01 -1.078844e-05
 3.886210e-01 -8.410203e-06
 3.896203e-01 -6.007960e-06
 3.906195e-01 -3.593499e-06
 3.916188e-01 -1.178589e-06
 3.926180e-01  1.225083e-06
 3.936173e-01  3.605964e-06
 3.946165e-01  5.952693e-06
 3.956157e-01  8.254153e-06
 3.966150e-01  1.049953e-05
 3.976142e-01  1.267834e-05
 3.986135e-01  1.478052e-05
 3.996127e-01  1.679642e-05
 4.006120e-01  1.871691e-05
 4.016112e-01  2.053334e-05
 4.026105e-01  2.223767e-05
 4.036097e-01  2.382243e-05
 4.046090e-01  2.528079e-05
 4.056082e-01  2.660659e-05
 4.066075e-01  2.779432e-05
 4.076067e-01  2.883923e-05
 4.086060e-01  2.973725e-05
 4.096052e-01  3.048506e-05
 4.106045e-01  3.108011e-05
 4.116037e-01  3.152058e-05
 4.126030e-01  3.180544e-05
 4.136022e-01  3.193438e-05
 4.146015e-01  3.190789e-05
 4.156007e-01  3.172719e-05
 4.166000e-01  3.139422e-05
 4.175992e-01  3.091167e-05
 4.185984e-01  3.028292e-05
 4.195977e-01  2.951204e-05
 4.205969e-01  2.860377e-05
 4.215962e-01  2.756345e-05
 4.225954e-01  2.639705e-05
 4.235947e-01  2.511110e-05
 4.245939e-01  2.371265e-05
 4.255932e-01  2.220928e-05
 4.265924e-01  2.060897e-05
 4.275917e-01  1.892017e-05
 4.285909e-01  1.715166e-05
 4.295902e-01  1.531257e-05
 4.305894e-01  1.341227e-05
 4.315887e-01  1.146041e-05
 4.325879e-01  9.466785e-06
 4.335872e-01  7.441337e-06
 4.345864e-01  5.394091e-06
 4.355857e-01  3.335106e-06
 4.365849e-01  1.274430e-06
 4.375842e-01 -7.779547e-07
 4.385834e-01 -2.812174e-06
 4.395826e-01 -4.818513e-06
 4.405819e-01 -6.787456e-06
 4.415811e-01 -8.709740e-06
 4.425804e-01 -1.057639e-05
 4.435796e-01 -1.237876e-05
 4.445789e-01 -1.410859e-05
 4.455781e-01 -1.575800e-05
 4.465774e-01 -1.731959e-05
 4.475766e-01 -1.878641e-05
 4.485759e-01 -2.015203e-05
 4.495751e-01 -2.141055e-05
 4.505744e-01 -2.255663e-05
 4.515736e-01 -2.358552e-05
 4.525729e-01 -2.449306e-05
 4.535721e-01 -2.527571e-05
 4.545714e-01 -2.593056e-05
 4.555706e-01 -2.645533e-05
 4.565699e-01 -2.684841e-05
 4.575691e-01 -2.710880e-05
 4.585684e-01 -2.723618e-05
 4.595676e-01 -2.723088e-05
 4.605668e-01 -2.709384e-05
 4.615661e-01 -2.682665e-05
 4.625653e-01 -2.643152e-05
 4.635646e-01 -2.591126e-05
 4.645638e-01 -2.526927e-05
 4.655631e-01 -2.450950e-05
 4.665623e-01 -2.363646e-05
 4.675616e-01 -2.265516e-05
 4.685608e-01 -2.157112e-05
 4.695601e-01 -2.039031e-05
 4.705593e-01 -1.911910e-05
 4.715586e-01 -1.776430e-05
 4.725578e-01 -1.633305e-05
 4.735571e-01 -1.483279e-05
 4.745563e-01 -1.327129e-05
 4.755556e-01 -1.165653e-05
 4.765548e-01 -9.996683e-06
 4.775541e-01 -8.300111e-06
 4.785533e-01 -6.575279e-06
 4.795526e-01 -4.830731e-06
 4.805518e-01 -3.075047e-06
 4.815510e-01 -1.316802e-06
 4.825503e-01  4.354790e-07
 4.835495e-01  2.173358e-06
 4.845488e-01  3.888526e-06
 4.855480e-01  5.572843e-06
 4.865473e-01  7.218375e-06
 4.875465e-01  8.817432e-06
 4.885458e-01  1.036260e-05
 4.895450e-01  1.184678e-05
 4.905443e-01  1.326322e-05
 4.915435e-01  1.460554e-05
 4.925428e-01  1.586777e-05
 4.935420e-01  1.704435e-05
 4.945413e-01  1.813020e-05
 4.955405e-01  1.912070e-05
 4.965398e-01  2.001173e-05
 4.975390e-01  2.079966e-05
 4.985383e-01  2.148141e-05
 4.995375e-01  2.205443e-05
 5.005368e-01  2.251671e-05
 5.015360e-01  2.286679e-05
 5.025352e-01  2.310375e-05
 5.035345e-01  2.322725e-05
 5.045337e-01  2.323749e-05
 5.055330e-01  2.313521e-05
 5.065322e-01  2.292169e-05
 5.075315e-01  2.259875e-05
 5.085307e-01  2.216872e-05
 5.095300e-01  2.163444e-05
 5.105292e-01  2.099921e-05
 5.115285e-01  2.026682e-05
 5.125277e-01  1.944150e-05
 5.135270e-01  1.852789e-05
 5.145262e-01  1.753103e-05
 5.155255e-01  1.645633e-05
 5.165247e-01  1.530955e-05
 5.175240e-01  1.409672e-05
 5.185232e-01  1.282419e-05
 5.195225e-01  1.149853e-05
 5.205217e-01  1.012653e-05
 5.215210e-01  8.715153e-06
 5.225202e-01  7.271507e-06
 5.235194e-01  5.802802e-06
 5.245187e-01  4.316322e-06
 5.255179e-01  2.819385e-06
 5.265172e-01  1.319308e-06
 5.275164e-01 -1.766274e-07
 5.285157e-01 -1.661213e-06
 5.295149e-01 -3.127343e-06
 5.305142e-01 -4.568052e-06
 5.315134e-01 -5.976548e-06
 5.325127e-01 -7.346241e-06
 5.335119e-01 -8.670774e-06
 5.345112e-01 -9.944055e-06
 5.355104e-01 -1.116028e-05
 5.365097e-01 -1.231397e-05
 5.375089e-01 -1.339998e-05
 5.385082e-01 -1.441352e-05
 5.395074e-01 -1.535021e-05
 5.405067e-01 -1.620604e-05
 5.415059e-01 -1.697744e-05
 5.425052e-01 -1.766128e-05
 5.435044e-01 -1.825485e-05
 5.445037e-01 -1.875593e-05
 5.455029e-01 -1.916273e-05
 5.465021e-01 -1.947394e-05
 5.475014e-01 -1.968873e-05
 5.485006e-01 -1.980675e-05
 5.494999e-01 -1.982808e-05
 5.504991e-01 -1.975332e-05
 5.514984e-01 -1.958350e-05
 5.524976e-01 -1.932010e-05
 5.534969e-01 -1.896506e-05
 5.544961e-01 -1.852074e-05
 5.554954e-01 -1.798991e-05
 5.564946e-01 -1.737576e-05
 5.574939e-01 -1.668183e-05
 5.584931e-01 -1.591204e-05
 5.594924e-01 -1.507066e-05
 5.604916e-01 -1.416225e-05
 5.614909e-01 -1.319168e-05
 5.624901e-01 -1.216409e-05
 5.634894e-01 -1.108485e-05
 5.644886e-01 -9.959537e-06
 5.654879e-01 -8.793926e-06
 5.664871e-01 -7.593939e-06
 5.674863e-01 -6.365625e-06
 5.684856e-01 -5.115124e-06
 5.694848e-01 -3.848646e-06
 5.704841e-01 -2.572430e-06
 5.714833e-01 -1.292720e-06
 5.724826e-01 -1.573402e-08
 5.734818e-01  1.252369e-06
 5.744811e-01  2.505513e-06
 5.754803e-01  3.737741e-06
 5.764796e-01  4.943236e-06
 5.774788e-01  6.116352e-06
 5.784781e-01  7.251640e-06
 5.794773e-01  8.343871e-06
 5.804766e-01  9.388062e-06
 5.814758e-01  1.037950e-05
 5.824751e-01  1.131375e-05
 5.834743e-01  1.218670e-05
 5.844736e-01  1.299455e-05
 5.854728e-01  1.373385e-05
 5.864721e-01  1.440151e-05
 5.874713e-01  1.499479e-05
 5.884705e-01  1.551135e-05
 5.894698e-01  1.594922e-05
 5.904690e-01  1.630684e-05
 5.914683e-01  1.658305e-05
 5.924675e-01  1.677707e-05
 5.934668e-01  1.688854e-05
 5.944660e-01  1.691751e-05
 5.954653e-01  1.686440e-05
 5.964645e-01  1.673007e-05
 5.974638e-01  1.651571e-05
 5.984630e-01  1.622295e-05
 5.994623e-01  1.585373e-05
 6.004615e-01  1.541038e-05
 6.014608e-01  1.489558e-05
 6.024600e-01  1.431230e-05
 6.034593e-01  1.366386e-05
 6.044585e-01  1.295385e-05
 6.054578e-01  1.218614e-05
 6.064570e-01  1.136484e-05
 6.074563e-01  1.049432e-05
 6.084555e-01  9.579113e-06
 6.094547e-01  8.623977e-06
 6.104540e-01  7.633812e-06
 6.114532e-01  6.613653e-06
 6.124525e-01  5.568649e-06
 6.134517e-01  4.504029e-06
 6.144510e-01  3.425085e-06
 6.154502e-01  2.337136e-06
 6.164495e-01  1.245511e-06
 6.174487e-01  1.555188e-07
 6.184480e-01 -9.275785e-07
 6.194472e-01 -1.998588e-06
 6.204465e-01 -3.052411e-06
 6.214457e-01 -4.084069e-06
 6.224450e-01 -5.088726e-06
 6.234442e-01 -6.061709e-06
 6.244435e-01 -6.998532e-06
 6.254427e-01 -7.894916e-06
 6.264420e-01 -8.746807e-06
 6.274412e-01 -9.550394e-06
 6.284405e-01 -1.030213e-05
 6.294397e-01 -1.099873e-05
 6.304389e-01 -1.163723e-05
 6.314382e-01 -1.221493e-05
 6.324374e-01 -1.272947e-05
 6.334367e-01 -1.317880e-05
 6.344359e-01 -1.356121e-05
 6.354352e-01 -1.387531e-05
 6.364344e-01 -1.412006e-05
 6.374337e-01 -1.429477e-05
 6.384329e-01 -1.439908e-05
 6.394322e-01 -1.443298e-05
 6.404314e-01 -1.439679e-05
 6.414307e-01 -1.429120e-05
 6.424299e-01 -1.411719e-05
 6.434292e-01 -1.387609e-05
 6.444284e-01 -1.356953e-05
 6.454277e-01 -1.319946e-05
 6.464269e-01 -1.276811e-05
 6.474262e-01 -1.227800e-05
 6.484254e-01 -1.173192e-05
 6.494247e-01 -1.113290e-05
 6.504239e-01 -1.048421e-05
 6.514231e-01 -9.789338e-06
 6.524224e-01 -9.051969e-06
 6.534216e-01 -8.275971e-06
 6.544209e-01 -7.465370e-06
 6.554201e-01 -6.624331e-06
 6.564194e-01 -5.757137e-06
 6.574186e-01 -4.868169e-06
 6.584179e-01 -3.961881e-06
 6.594171e-01 -3.042780e-06
 6.604164e-01 -2.115404e-06
 6.614156e-01 -1.184298e-06
 6.624149e-01 -2.539940e-07
 6.634141e-01  6.710115e-07
 6.644134e-01  1.586280e-06
 6.654126e-01  2.487450e-06
 6.664119e-01  3.370260e-06
 6.674111e-01  4.230568e-06
 6.684104e-01  5.064367e-06
 6.694096e-01  5.867809e-06
 6.704089e-01  6.637219e-06
 6.714081e-01  7.369113e-06
 6.724074e-01  8.060212e-06
 6.734066e-01  8.707458e-06
 6.744058e-01  9.308027e-06
 6.754051e-01  9.859340e-06
 6.764043e-01  1.035907e-05
 6.774036e-01  1.080517e-05
 6.784028e-01  1.119586e-05
 6.794021e-01  1.152962e-05
 6.804013e-01  1.180525e-05
 6.814006e-01  1.202182e-05
 6.823998e-01  1.217870e-05
 6.833991e-01  1.227554e-05
 6.843983e-01  1.231230e-05
 6.853976e-01  1.228923e-05
 6.863968e-01  1.220684e-05
 6.873961e-01  1.206597e-05
 6.883953e-01  1.186770e-05
 6.893946e-01  1.161338e-05
 6.903938e-01  1.130466e-05
 6.913931e-01  1.094340e-05
 6.923923e-01  1.053171e-05
 6.933916e-01  1.007195e-05
 6.943908e-01  9.566682e-06
 6.953900e-01  9.018662e-06
 6.963893e-01  8.430846e-06
 6.973885e-01  7.806356e-06
 6.983878e-01  7.148473e-06
 6.993870e-01  6.460613e-06
 7.003863e-01  5.746317e-06
 7.013855e-01  5.009226e-06
 7.023848e-01  4.253067e-06
 7.033840e-01  3.481632e-06
 7.043833e-01  2.698762e-06
 7.053825e-01  1.908326e-06
 7.063818e-01  1.114201e-06
 7.073810e-01  3.202570e-07
 7.083803e-01 -4.696666e-07
 7.093795e-01 -1.251775e-06
 7.103788e-01 -2.022338e-06
 7.113780e-01 -2.777709e-06
 7.123773e-01 -3.514338e-06
 7.133765e-01 -4.228793e-06
 7.143758e-01 -4.917771e-06
 7.153750e-01 -5.578118e-06
 7.163742e-01 -6.206839e-06
 7.173735e-01 -6.801113e-06
 7.183727e-01 -7.358306e-06
 7.193720e-01 -7.875983e-06
 7.203712e-01 -8.351915e-06
 7.213705e-01 -8.784092e-06
 7.223697e-01 -9.170731e-06
 7.233690e-01 -9.510279e-06
 7.243682e-01 -9.801423e-06
 7.253675e-01 -1.004310e-05
 7.263667e-01 -1.023447e-05
 7.273660e-01 -1.037498e-05
 7.283652e-01 -1.046430e-05
 7.293645e-01 -1.050236e-05
 7.303637e-01 -1.048932e-05
 7.313630e-01 -1.042562e-05
 7.323622e-01 -1.031192e-05
 7.333615e-01 -1.014911e-05
 7.343607e-01 -9.938335e-06
 7.353600e-01 -9.680946e-06
 7.363592e-01 -9.378516e-06
 7.373584e-01 -9.032825e-06
 7.383577e-01 -8.645849e-06
 7.393569e-01 -8.219750e-06
 7.403562e-01 -7.756865e-06
 7.413554e-01 -7.259693e-06
 7.423547e-01 -6.730878e-06
 7.433539e-01 -6.173203e-06
 7.443532e-01 -5.589568e-06
 7.453524e-01 -4.982980e-06
 7.463517e-01 -4.356535e-06
 7.473509e-01 -3.713404e-06
 7.483502e-01 -3.056817e-06
 7.493494e-01 -2.390044e-06
 7.503487e-01 -1.716383e-06
 7.513479e-01 -1.039144e-06
 7.523472e-01 -3.616281e-07
 7.533464e-01  3.128840e-07
 7.543457e-01  9.811494e-07
 7.553449e-01  1.639978e-06
 7.563442e-01  2.286248e-06
 7.573434e-01  2.916921e-06
 7.583426e-01  3.529053e-06
 7.593419e-01  4.119813e-06
 7.603411e-01  4.686492e-06
 7.613404e-01  5.226517e-06
 7.623396e-01  5.737461e-06
 7.633389e-01  6.217056e-06
 7.643381e-01  6.663202e-06
 7.653374e-01  7.073974e-06
 7.663366e-01  7.447632e-06
 7.673359e-01  7.782629e-06
 7.683351e-01  8.077615e-06
 7.693344e-01  8.331443e-06
 7.703336e-01  8.543174e-06
 7.713329e-01  8.712078e-06
 7.723321e-01  8.837639e-06
 7.733314e-01  8.919553e-06
 7.743306e-01  8.957731e-06
 7.753299e-01  8.952293e-06
 7.763291e-01  8.903573e-06
 7.773284e-01  8.812110e-06
 7.783276e-01  8.678647e-06
 7.793268e-01  8.504123e-06
 7.803261e-01  8.289672e-06
 7.813253e-01  8.036611e-06
 7.823246e-01  7.746437e-06
 7.833238e-01  7.420813e-06
 7.843231e-01  7.061564e-06
 7.853223e-01  6.670664e-06
 7.863216e-01  6.250228e-06
 7.873208e-01  5.802496e-06
 7.883201e-01  5.329827e-06
 7.893193e-01  4.834683e-06
 7.903186e-01  4.319618e-06
 7.913178e-01  3.787264e-06
 7.923171e-01  3.240318e-06
 7.933163e-01  2.681530e-06
 7.943156e-01  2.113686e-06
 7.953148e-01  1.539599e-06
 7.963141e-01  9.620893e-07
 7.973133e-01  3.839761e-07
 7.983126e-01 -1.919389e-07
 7.993118e-01 -7.628842e-07
 8.003110e-01 -1.326132e-06
 8.013103e-01 -1.879010e-06
 8.023095e-01 -2.418917e-06
 8.033088e-01 -2.943330e-06
 8.043080e-01 -3.449821e-06
 8.053073e-01 -3.936064e-06
 8.063065e-01 -4.399849e-06
 8.073058e-01 -4.839088e-06
 8.083050e-01 -5.251829e-06
 8.093043e-01 -5.636260e-06
 8.103035e-01 -5.990720e-06
 8.113028e-01 -6.313703e-06
 8.123020e-01 -6.603867e-06
 8.133013e-01 -6.860039e-06
 8.143005e-01 -7.081218e-06
 8.152998e-01 -7.266578e-06
 8.162990e-01 -7.415475e-06
 8.172983e-01 -7.527442e-06
 8.182975e-01 -7.602199e-06
 8.192968e-01 -7.639643e-06
 8.202960e-01 -7.639856e-06
 8.212953e-01 -7.603098e-06
 8.222945e-01 -7.529806e-06
 8.232937e-01 -7.420592e-06
 8.242930e-01 -7.276234e-06
 8.252922e-01 -7.097680e-06
 8.262915e-01 -6.886032e-06
 8.272907e-01 -6.642547e-06
 8.282900e-01 -6.368628e-06
 8.292892e-01 -6.065812e-06
 8.302885e-01 -5.735767e-06
 8.312877e-01 -5.380283e-06
 8.322870e-01 -5.001258e-06
 8.332862e-01 -4.600690e-06
 8.342855e-01 -4.180670e-06
 8.352847e-01 -3.743367e-06
 8.362840e-01 -3.291018e-06
 8.372832e-01 -2.825917e-06
 8.382825e-01 -2.350405e-06
 8.392817e-01 -1.866855e-06
 8.402810e-01 -1.377664e-06
 8.412802e-01 -8.852392e-07
 8.422795e-01 -3.919856e-07
 8.432787e-01  9.970396e-08
 8.442779e-01  5.874612e-07
 8.452772e-01  1.068953e-06
 8.462764e-01  1.541894e-06
 8.472757e-01  2.004056e-06
 8.482749e-01  2.453277e-06
 8.492742e-01  2.887474e-06
 8.502734e-01  3.304653e-06
 8.512727e-01  3.702912e-06
 8.522719e-01  4.080459e-06
 8.532712e-01  4.435612e-06
 8.542704e-01  4.766808e-06
 8.552697e-01  5.072613e-06
 8.562689e-01  5.351727e-06
 8.572682e-01  5.602984e-06
 8.582674e-01  5.825366e-06
 8.592667e-01  6.017998e-06
 8.602659e-01  6.180157e-06
 8.612652e-01  6.311272e-06
 8.622644e-01  6.410926e-06
 8.632637e-01  6.478859e-06
 8.642629e-01  6.514963e-06
 8.652621e-01  6.519287e-06
 8.662614e-01  6.492035e-06
 8.672606e-01  6.433558e-06
 8.682599e-01  6.344359e-06
 8.692591e-01  6.225085e-06
 8.702584e-01  6.076524e-06
 8.712576e-01  5.899601e-06
 8.722569e-01  5.695371e-06
 8.732561e-01  5.465014e-06
 8.742554e-01  5.209828e-06
 8.752546e-01  4.931221e-06
 8.762539e-01  4.630707e-06
 8.772531e-01  4.309893e-06
 8.782524e-01  3.970474e-06
 8.792516e-01  3.614224e-06
 8.802509e-01  3.242983e-06
 8.812501e-01  2.858655e-06
 8.822494e-01  2.463189e-06
 8.832486e-01  2.058579e-06
 8.842479e-01  1.646847e-06
 8.852471e-01  1.230034e-06
 8.862463e-01  8.101933e-07
 8.872456e-01  3.893779e-07
 8.882448e-01 -3.036913e-08
 8.892441e-01 -4.470241e-07
 8.902433e-01 -8.585924e-07
 8.912426e-01 -1.263118e-06
 8.922418e-01 -1.658693e-06
 8.932411e-01 -2.043467e-06
 8.942403e-01 -2.415652e-06
 8.952396e-01 -2.773536e-06
 8.962388e-01 -3.115488e-06
 8.972381e-01 -3.439964e-06
 8.982373e-01 -3.745518e-06
 8.992366e-01 -4.030803e-06
 9.002358e-01 -4.294581e-06
 9.012351e-01 -4.535726e-06
 9.022343e-01 -4.753231e-06
 9.032336e-01 -4.946209e-06
 9.042328e-01 -5.113898e-06
 9.052321e-01 -5.255663e-06
 9.062313e-01 -5.371002e-06
 9.072305e-01 -5.459541e-06
 9.082298e-01 -5.521039e-06
 9.092290e-01 -5.555389e-06
 9.102283e-01 -5.562616e-06
 9.112275e-01 -5.542874e-06
 9.122268e-01 -5.496448e-06
 9.132260e-01 -5.423751e-06
 9.142253e-01 -5.325317e-06
 9.152245e-01 -5.201805e-06
 9.162238e-01 -5.053987e-06
 9.172230e-01 -4.882751e-06
 9.182223e-01 -4.689087e-06
 9.192215e-01 -4.474092e-06
 9.202208e-01 -4.238955e-06
 9.212200e-01 -3.984955e-06
 9.222193e-01 -3.713454e-06
 9.232185e-01 -3.425889e-06
 9.242178e-01 -3.123763e-06
 9.252170e-01 -2.808640e-06
 9.262163e-01 -2.482138e-06
 9.272155e-01 -2.145915e-06
 9.282147e-01 -1.801667e-06
 9.292140e-01 -1.451116e-06
 9.302132e-01 -1.096003e-06
 9.312125e-01 -7.380778e-07
 9.322117e-01 -3.790923e-07
 9.332110e-01 -2.079111e-08
 9.342102e-01  3.350967e-07
 9.352095e-01  6.868659e-07
 9.362087e-01  1.032843e-06
 9.372080e-01  1.371395e-06
 9.382072e-01  1.700935e-06
 9.392065e-01  2.019932e-06
 9.402057e-01  2.326916e-06
 9.412050e-01  2.620486e-06
 9.422042e-01  2.899316e-06
 9.432035e-01  3.162159e-06
 9.442027e-01  3.407857e-06
 9.452020e-01  3.635339e-06
 9.462012e-01  3.843634e-06
 9.472005e-01  4.031868e-06
 9.481997e-01  4.199271e-06
 9.491990e-01  4.345178e-06
 9.501982e-01  4.469035e-06
 9.511974e-01  4.570398e-06
 9.521967e-01  4.648932e-06
 9.531959e-01  4.704420e-06
 9.541952e-01  4.736753e-06
 9.551944e-01  4.745937e-06
 9.561937e-01  4.732092e-06
 9.571929e-01  4.695445e-06
 9.581922e-01  4.636333e-06
 9.591914e-01  4.555200e-06
 9.601907e-01  4.452594e-06
 9.611899e-01  4.329162e-06
 9.621892e-01  4.185647e-06
 9.631884e-01  4.022884e-06
 9.641877e-01  3.841796e-06
 9.651869e-01  3.643387e-06
 9.661862e-01  3.428741e-06
 9.671854e-01  3.199009e-06
 9.681847e-01  2.955408e-06
 9.691839e-01  2.699215e-06
 9.701832e-01  2.431758e-06
 9.711824e-01  2.154411e-06
 9.721816e-01  1.868584e-06
 9.731809e-01  1.575720e-06
 9.741801e-01  1.277286e-06
 9.751794e-01  9.747653e-07
 9.761786e-01  6.696502e-07
 9.771779e-01  3.634354e-07
 9.781771e-01  5.761044e-08
 9.791764e-01 -2.463475e-07
 9.801756e-01 -5.469806e-07
 9.811749e-01 -8.428575e-07
 9.821741e-01 -1.132580e-06
 9.831734e-01 -1.414789e-06
 9.841726e-01 -1.688171e-06
 9.851719e-01 -1.951466e-06
 9.861711e-01 -2.203471e-06
 9.871704e-01 -2.443045e-06
 9.881696e-01 -2.669115e-06
 9.891689e-01 -2.880684e-06
 9.901681e-01 -3.076828e-06
 9.911674e-01 -3.256707e-06
 9.921666e-01 -3.419565e-06
 9.931658e-01 -3.564732e-06
 9.941651e-01 -3.691631e-06
 9.951643e-01 -3.799776e-06
 9.961636e-01 -3.888774e-06
 9.971628e-01 -3.958330e-06
 9.981621e-01 -4.008244e-06
 9.991613e-01 -4.038411e-06
 1.000161e+00 -4.048824e-06
 1.001160e+00 -4.039572e-06
 1.002159e+00 -4.010837e-06
 1.003158e+00 -3.962895e-06
 1.004158e+00 -3.896112e-06
 1.005157e+00 -3.810945e-06
 1.006156e+00 -3.707934e-06
 1.007155e+00 -3.587703e-06
 1.008155e+00 -3.450954e-06
 1.009154e+00 -3.298466e-06
 1.010153e+00 -3.131085e-06
 1.011152e+00 -2.949728e-06
 1.012152e+00 -2.755370e-06
 1.013151e+00 -2.549041e-06
 1.014150e+00 -2.331826e-06
 1.015149e+00 -2.104850e-06
 1.016149e+00 -1.869282e-06
 1.017148e+00 -1.626321e-06
 1.018147e+00 -1.377195e-06
 1.019146e+00 -1.123153e-06
 1.020146e+00 -8.654575e-07
 1.021145e+00 -6.053826e-07
 1.022144e+00 -3.442030e-07
 1.023143e+00 -8.319033e-08
 1.024143e+00  1.763935e-07
 1.025142e+00  4.333025e-07
 1.026141e+00  6.863121e-07
 1.027140e+00  9.342253e-07
 1.028140e+00  1.175878e-06
 1.029139e+00  1.410146e-06
 1.030138e+00  1.635946e-06
 1.031137e+00  1.852245e-06
 1.032137e+00  2.058063e-06
 1.033136e+00  2.252478e-06
 1.034135e+00  2.434629e-06
 1.035134e+00  2.603721e-06
 1.036133e+00  2.759027e-06
 1.037133e+00  2.899892e-06
 1.038132e+00  3.025736e-06
 1.039131e+00  3.136056e-06
 1.040130e+00  3.230425e-06
 1.041130e+00  3.308501e-06
 1.042129e+00  3.370018e-06
 1.043128e+00  3.414797e-06
 1.044127e+00  3.442736e-06
 1.045127e+00  3.453820e-06
 1.046126e+00  3.448113e-06
 1.047125e+00  3.425761e-06
 1.048124e+00  3.386988e-06
 1.049124e+00  3.332097e-06
 1.050123e+00  3.261467e-06
 1.051122e+00  3.175550e-06
 1.052121e+00  3.074869e-06
 1.053121e+00  2.960016e-06
 1.054120e+00  2.831644e-06
 1.055119e+00  2.690471e-06
 1.056118e+00  2.537269e-06
 1.057118e+00  2.372863e-06
 1.058117e+00  2.198129e-06
 1.059116e+00  2.013984e-06
 1.060115e+00  1.821386e-06
 1.061115e+00  1.621325e-06
 1.062114e+00  1.414822e-06
 1.063113e+00  1.202921e-06
 1.064112e+00  9.866864e-07
 1.065112e+00  7.671942e-07
 1.066111e+00  5.455295e-07
 1.067110e+00  3.227803e-07
 1.068109e+00  1.000321e-07
 1.069109e+00 -1.216374e-07
 1.070108e+00 -3.411629e-07
 1.071107e+00 -5.574972e-07
 1.072106e+00 -7.696158e-07
 1.073106e+00 -9.765220e-07
 1.074105e+00 -1.177251e-06
 1.075104e+00 -1.370875e-06
 1.076103e+00 -1.556506e-06
 1.077103e+00 -1.733303e-06
 1.078102e+00 -1.900472e-06
 1.079101e+00 -2.057272e-06
 1.080100e+00 -2.203016e-06
 1.081100e+00 -2.337077e-06
 1.082099e+00 -2.458888e-06
 1.083098e+00 -2.567946e-06
 1.084097e+00 -2.663812e-06
 1.085097e+00 -2.746115e-06
 1.086096e+00 -2.814552e-06
 1.087095e+00 -2.868889e-06
 1.088094e+00 -2.908962e-06
 1.089094e+00 -2.934678e-06
 1.090093e+00 -2.946012e-06
 1.091092e+00 -2.943010e-06
 1.092091e+00 -2.925788e-06
 1.093091e+00 -2.894529e-06
 1.094090e+00 -2.849483e-06
 1.095089e+00 -2.790963e-06
 1.096088e+00 -2.719349e-06
 1.097088e+00 -2.635078e-06
 1.098087e+00 -2.538647e-06
 1.099086e+00 -2.430608e-06
 1.100085e+00 -2.311565e-06
 1.101085e+00 -2.182172e-06
 1.102084e+00 -2.043127e-06
 1.103083e+00 -1.895171e-06
 1.104082e+00 -1.739081e-06
 1.105082e+00 -1.575672e-06
 1.106081e+00 -1.405785e-06
 1.107080e+00 -1.230286e-06
 1.108079e+00 -1.050066e-06
 1.109079e+00 -8.660289e-07
 1.110078e+00 -6.790923e-07
 1.111077e+00 -4.901812e-07
 1.112076e+00 -3.002235e-07
 1.113076e+00 -1.101458e-07
 1.114075e+00  7.913116e-08
 1.115074e+00  2.666972e-07
 1.116073e+00  4.516566e-07
 1.117073e+00  6.331327e-07
 1.118072e+00  8.102717e-07
 1.119071e+00  9.822469e-07
 1.120070e+00  1.148262e-06
 1.121070e+00  1.307556e-06
 1.122069e+00  1.459405e-06
 1.123068e+00  1.603127e-06
 1.124067e+00  1.738082e-06
 1.125067e+00  1.863680e-06
 1.126066e+00  1.979378e-06
 1.127065e+00  2.084686e-06
 1.128064e+00  2.179168e-06
 1.129064e+00  2.262441e-06
 1.130063e+00  2.334182e-06
 1.131062e+00  2.394124e-06
 1.132061e+00  2.442060e-06
 1.133061e+00  2.477843e-06
 1.134060e+00  2.501384e-06
 1.135059e+00  2.512656e-06
 1.136058e+00  2.511690e-06
 1.137058e+00  2.498576e-06
 1.138057e+00  2.473464e-06
 1.139056e+00  2.436559e-06
 1.140055e+00  2.388121e-06
 1.141055e+00  2.328468e-06
 1.142054e+00  2.257965e-06
 1.143053e+00  2.177031e-06
 1.144052e+00  2.086130e-06
 1.145051e+00  1.985772e-06
 1.146051e+00  1.876508e-06
 1.147050e+00  1.758931e-06
 1.148049e+00  1.633667e-06
 1.149048e+00  1.501377e-06
 1.150048e+00  1.362750e-06
 1.151047e+00  1.218500e-06
 1.152046e+00  1.069367e-06
 1.153045e+00  9.161052e-07
 1.154045e+00  7.594857e-07
 1.155044e+00  6.002899e-07
 1.156043e+00  4.393063e-07
 1.157042e+00  2.773263e-07
 1.158042e+00  1.151409e-07
 1.159041e+00 -4.646374e-08
 1.160040e+00 -2.067097e-07
 1.161039e+00 -3.648309e-07
 1.162039e+00 -5.200773e-07
 1.163038e+00 -6.717178e-07
 1.164037e+00 -8.190438e-07
 1.165036e+00 -9.613727e-07
 1.166036e+00 -1.098051e-06
 1.167035e+00 -1.228456e-06
 1.168034e+00 -1.352002e-06
 1.169033e+00 -1.468139e-06
 1.170033e+00 -1.576357e-06
 1.171032e+00 -1.676187e-06
 1.172031e+00 -1.767205e-06
 1.173030e+00 -1.849034e-06
 1.174030e+00 -1.921340e-06
 1.175029e+00 -1.983842e-06
 1.176028e+00 -2.036305e-06
 1.177027e+00 -2.078547e-06
 1.178027e+00 -2.110434e-06
 1.179026e+00 -2.131884e-06
 1.180025e+00 -2.142868e-06
 1.181024e+00 -2.143405e-06
 1.182024e+00 -2.133567e-06
 1.183023e+00 -2.113473e-06
 1.184022e+00 -2.083293e-06
 1.185021e+00 -2.043243e-06
 1.186021e+00 -1.993587e-06
 1.187020e+00 -1.934632e-06
 1.188019e+00 -1.866730e-06
 1.189018e+00 -1.790270e-06
 1.190018e+00 -1.705684e-06
 1.191017e+00 -1.613437e-06
 1.192016e+00 -1.514030e-06
 1.193015e+00 -1.407994e-06
 1.194015e+00 -1.295889e-06
 1.195014e+00 -1.178299e-06
 1.196013e+00 -1.055833e-06
 1.197012e+00 -9.291162e-07
 1.198012e+00 -7.987929e-07
 1.199011e+00 -6.655185e-07
 1.200010e+00 -5.299588e-07
 1.201009e+00 -3.927857e-07
 1.202009e+00 -2.546744e-07
 1.203008e+00 -1.162997e-07
 1.204007e+00  2.166683e-08
 1.205006e+00  1.585605e-07
 1.206006e+00  2.937264e-07
 1.207005e+00  4.265226e-07
 1.208004e+00  5.563230e-07
 1.209003e+00  6.825206e-07
 1.210003e+00  8.045300e-07
 1.211002e+00  9.217902e-07
 1.212001e+00  1.033767e-06
 1.213000e+00  1.139956e-06
 1.214000e+00  1.239883e-06
 1.214999e+00  1.333109e-06
 1.215998e+00  1.419231e-06
 1.216997e+00  1.497880e-06
 1.217997e+00  1.568729e-06
 1.218996e+00  1.631490e-06
 1.219995e+00  1.685915e-06
 1.220994e+00  1.731801e-06
 1.221994e+00  1.768984e-06
 1.222993e+00  1.797346e-06
 1.223992e+00  1.816812e-06
 1.224991e+00  1.827349e-06
 1.225991e+00  1.828970e-06
 1.226990e+00  1.821729e-06
 1.227989e+00  1.805724e-06
 1.228988e+00  1.781092e-06
 1.229988e+00  1.748015e-06
 1.230987e+00  1.706711e-06
 1.231986e+00  1.657438e-06
 1.232985e+00  1.600490e-06
 1.233985e+00  1.536197e-06
 1.234984e+00  1.464921e-06
 1.235983e+00  1.387057e-06
 1.236982e+00  1.303027e-06
 1.237982e+00  1.213281e-06
 1.238981e+00  1.118294e-06
 1.239980e+00  1.018561e-06
 1.240979e+00  9.145997e-07
 1.241979e+00  8.069418e-07
 1.242978e+00  6.961344e-07
 1.243977e+00  5.827359e-07
 1.244976e+00  4.673132e-07
 1.245976e+00  3.504389e-07
 1.246975e+00  2.326889e-07
 1.247974e+00  1.146391e-07
 1.248973e+00 -3.137160e-09
 1.249972e+00 -1.200719e-07
 1.250972e+00 -2.356051e-07
 1.251971e+00 -3.491876e-07
 1.252970e+00 -4.602834e-07
 1.253969e+00 -5.683724e-07
 1.254969e+00 -6.729526e-07
 1.255968e+00 -7.735426e-07
 1.256967e+00 -8.696835e-07
 1.257966e+00 -9.609415e-07
 1.258966e+00 -1.046909e-06
 1.259965e+00 -1.127207e-06
 1.260964e+00 -1.201488e-06
 1.261963e+00 -1.269433e-06
 1.262963e+00 -1.330758e-06
 1.263962e+00 -1.385214e-06
 1.264961e+00 -1.432584e-06
 1.265960e+00 -1.472690e-06
 1.266960e+00 -1.505388e-06
 1.267959e+00 -1.530572e-06
 1.268958e+00 -1.548172e-06
 1.269957e+00 -1.558158e-06
 1.270957e+00 -1.560533e-06
 1.271956e+00 -1.555340e-06
 1.272955e+00 -1.542657e-06
 1.273954e+00 -1.522598e-06
 1.274954e+00 -1.495312e-06
 1.275953e+00 -1.460982e-06
 1.276952e+00 -1.419823e-06
 1.277951e+00 -1.372081e-06
 1.278951e+00 -1.318036e-06
 1.279950e+00 -1.257991e-06
 1.280949e+00 -1.192280e-06
 1.281948e+00 -1.121261e-06
 1.282948e+00 -1.045314e-06
 1.283947e+00 -9.648418e-07
 1.284946e+00 -8.802652e-07
 1.285945e+00 -7.920224e-07
 1.286945e+00 -7.005661e-07
 1.287944e+00 -6.063614e-07
 1.288943e+00 -5.098835e-07
 1.289942e+00 -4.116152e-07
 1.290942e+00 -3.120445e-07
 1.291941e+00 -2.116625e-07
 1.292940e+00 -1.109605e-07
 1.293939e+00 -1.042814e-08
 1.294939e+00  8.944930e-08
 1.295938e+00  1.881931e-07
 1.296937e+00  2.853334e-07
 1.297936e+00  3.804114e-07
 1.298936e+00  4.729814e-07
 1.299935e+00  5.626132e-07
 1.300934e+00  6.488935e-07
 1.301933e+00  7.314284e-07
 1.302933e+00  8.098448e-07
 1.303932e+00  8.837922e-07
 1.304931e+00  9.529439e-07
 1.305930e+00  1.016999e-06
 1.306930e+00  1.075684e-06
 1.307929e+00  1.128751e-06
 1.308928e+00  1.175984e-06
 1.309927e+00  1.217195e-06
 1.310927e+00  1.252227e-06
 1.311926e+00  1.280953e-06
 1.312925e+00  1.303279e-06
 1.313924e+00  1.319142e-06
 1.314924e+00  1.328510e-06
 1.315923e+00  1.331384e-06
 1.316922e+00  1.327795e-06
 1.317921e+00  1.317805e-06
 1.318921e+00  1.301509e-06
 1.319920e+00  1.279030e-06
 1.320919e+00  1.250518e-06
 1.321918e+00  1.216156e-06
 1.322918e+00  1.176149e-06
 1.323917e+00  1.130732e-06
 1.324916e+00  1.080161e-06
 1.325915e+00  1.024719e-06
 1.326915e+00  9.647069e-07
 1.327914e+00  9.004475e-07
 1.328913e+00  8.322818e-07
 1.329912e+00  7.605668e-07
 1.330912e+00  6.856746e-07
 1.331911e+00  6.079899e-07
 1.332910e+00  5.279081e-07
 1.333909e+00  4.458337e-07
 1.334909e+00  3.621777e-07
 1.335908e+00  2.773560e-07
 1.336907e+00  1.917874e-07
 1.337906e+00  1.058911e-07
 1.338906e+00  2.008504e-08
 1.339905e+00 -6.521614e-08
 1.340904e+00 -1.496032e-07
 1.341903e+00 -2.326743e-07
 1.342903e+00 -3.140366e-07
 1.343902e+00 -3.933083e-07
 1.344901e+00 -4.701207e-07
 1.345900e+00 -5.441191e-07
 1.346900e+00 -6.149653e-07
 1.347899e+00 -6.823386e-07
 1.348898e+00 -7.459372e-07
 1.349897e+00 -8.054800e-07
 1.350897e+00 -8.607073e-07
 1.351896e+00 -9.113821e-07
 1.352895e+00 -9.572911e-07
 1.353894e+00 -9.982455e-07
 1.354893e+00 -1.034082e-06
 1.355893e+00 -1.064663e-06
 1.356892e+00 -1.089878e-06
 1.357891e+00 -1.109642e-06
 1.358890e+00 -1.123897e-06
 1.359890e+00 -1.132614e-06
 1.360889e+00 -1.135789e-06
 1.361888e+00 -1.133445e-06
 1.362887e+00 -1.125633e-06
 1.363887e+00 -1.112429e-06
 1.364886e+00 -1.093934e-06
 1.365885e+00 -1.070276e-06
 1.366884e+00 -1.041604e-06
 1.367884e+00 -1.008094e-06
 1.368883e+00 -9.699399e-07
 1.369882e+00 -9.273601e-07
 1.370881e+00 -8.805916e-07
 1.371881e+00 -8.298900e-07
 1.372880e+00 -7.755282e-07
 1.373879e+00 -7.177951e-07
 1.374878e+00 -6.569936e-07
 1.375878e+00 -5.934394e-07
 1.376877e+00 -5.274595e-07
 1.377876e+00 -4.593901e-07
 1.378875e+00 -3.895754e-07
 1.379875e+00 -3.183652e-07
 1.380874e+00 -2.461142e-07
 1.381873e+00 -1.731791e-07
 1.382872e+00 -9.991776e-08
 1.383872e+00 -2.668693e-08
 1.384871e+00  4.615922e-08
 1.385870e+00  1.182709e-07
 1.386869e+00  1.893043e-07
 1.387869e+00  2.589232e-07
 1.388868e+00  3.268007e-07
 1.389867e+00  3.926206e-07
 1.390866e+00  4.560787e-07
 1.391866e+00  5.168845e-07
 1.392865e+00  5.747625e-07
 1.393864e+00  6.294531e-07
 1.394863e+00  6.807141e-07
 1.395863e+00  7.283213e-07
 1.396862e+00  7.720701e-07
 1.397861e+00  8.117759e-07
 1.398860e+00  8.472748e-07
 1.399860e+00  8.784247e-07
 1.400859e+00  9.051052e-07
 1.401858e+00  9.272187e-07
 1.402857e+00  9.446902e-07
 1.403857e+00  9.574677e-07
 1.404856e+00  9.655222e-07
 1.405855e+00  9.688481e-07
 1.406854e+00  9.674623e-07
 1.407854e+00  9.614046e-07
 1.408853e+00  9.507372e-07
 1.409852e+00  9.355439e-07
 1.410851e+00  9.159301e-07
 1.411851e+00  8.920216e-07
 1.412850e+00  8.639644e-07
 1.413849e+00  8.319233e-07
 1.414848e+00  7.960812e-07
 1.415848e+00  7.566384e-07
 1.416847e+00  7.138109e-07
 1.417846e+00  6.678297e-07
 1.418845e+00  6.189394e-07
 1.419845e+00  5.673972e-07
 1.420844e+00  5.134708e-07
 1.421843e+00  4.574382e-07
 1.422842e+00  3.995851e-07
 1.423842e+00  3.402044e-07
 1.424841e+00  2.795940e-07
 1.425840e+00  2.180559e-07
 1.426839e+00  1.558944e-07
 1.427839e+00  9.341464e-08
 1.428838e+00  3.092126e-08
 1.429837e+00 -3.128328e-08
 1.430836e+00 -9.289999e-08
 1.431836e+00 -1.536348e-07
 1.432835e+00 -2.132001e-07
 1.433834e+00 -2.713157e-07
 1.434833e+00 -3.277106e-07
 1.435833e+00 -3.821241e-07
 1.436832e+00 -4.343066e-07
 1.437831e+00 -4.840214e-07
 1.438830e+00 -5.310451e-07
 1.439830e+00 -5.751692e-07
 1.440829e+00 -6.162003e-07
 1.441828e+00 -6.539618e-07
 1.442827e+00 -6.882938e-07
 1.443827e+00 -7.190541e-07
 1.444826e+00 -7.461191e-07
 1.445825e+00 -7.693837e-07
 1.446824e+00 -7.887620e-07
 1.447824e+00 -8.041874e-07
 1.448823e+00 -8.156131e-07
 1.449822e+00 -8.230119e-07
 1.450821e+00 -8.263761e-07
 1.451821e+00 -8.257179e-07
 1.452820e+00 -8.210685e-07
 1.453819e+00 -8.124786e-07
 1.454818e+00 -8.000173e-07
 1.455818e+00 -7.837722e-07
 1.456817e+00 -7.638483e-07
 1.457816e+00 -7.403679e-07
 1.458815e+00 -7.134695e-07
 1.459815e+00 -6.833074e-07
 1.460814e+00 -6.500503e-07
 1.461813e+00 -6.138810e-07
 1.462812e+00 -5.749948e-07
 1.463811e+00 -5.335991e-07
 1.464811e+00 -4.899116e-07
 1.465810e+00 -4.441600e-07
 1.466809e+00 -3.965801e-07
 1.467808e+00 -3.474150e-07
 1.468808e+00 -2.969137e-07
 1.469807e+00 -2.453299e-07
 1.470806e+00 -1.929209e-07
 1.471805e+00 -1.399460e-07
 1.472805e+00 -8.666565e-08
 1.473804e+00 -3.333975e-08
 1.474803e+00  1.977333e-08
 1.475802e+00  7.241806e-08
 1.476802e+00  1.243430e-07
 1.477801e+00  1.753019e-07
 1.478800e+00  2.250549e-07
 1.479799e+00  2.733698e-07
 1.480799e+00  3.200229e-07
 1.481798e+00  3.648000e-07
 1.482797e+00  4.074976e-07
 1.483796e+00  4.479238e-07
 1.484796e+00  4.858988e-07
 1.485795e+00  5.212560e-07
 1.486794e+00  5.538428e-07
 1.487793e+00  5.835209e-07
 1.488793e+00  6.101670e-07
 1.489792e+00  6.336735e-07
 1.490791e+00  6.539488e-07
 1.491790e+00  6.709172e-07
 1.492790e+00  6.845201e-07
 1.493789e+00  6.947150e-07
 1.494788e+00  7.014766e-07
 1.495787e+00  7.047964e-07
 1.496787e+00  7.046822e-07
 1.497786e+00  7.011589e-07
 1.498785e+00  6.942674e-07
 1.499784e+00  6.840646e-07
 1.500784e+00  6.706232e-07
 1.501783e+00  6.540309e-07
 1.502782e+00  6.343901e-07
 1.503781e+00  6.118173e-07
 1.504781e+00  5.864422e-07
 1.505780e+00  5.584074e-07
 1.506779e+00  5.278671e-07
 1.507778e+00  4.949867e-07
 1.508778e+00  4.599417e-07
 1.509777e+00  4.229170e-07
 1.510776e+00  3.841055e-07
 1.511775e+00  3.437076e-07
 1.512775e+00  3.019300e-07
 1.513774e+00  2.589844e-07
 1.514773e+00  2.150869e-07
 1.515772e+00  1.704566e-07
 1.516772e+00  1.253146e-07
 1.517771e+00  7.988291e-08
 1.518770e+00  3.438344e-08
 1.519769e+00 -1.096317e-08
 1.520769e+00 -5.593856e-08
 1.521768e+00 -1.003277e-07
 1.522767e+00 -1.439199e-07
 1.523766e+00 -1.865098e-07
 1.524766e+00 -2.278983e-07
 1.525765e+00 -2.678936e-07
 1.526764e+00 -3.063120e-07
 1.527763e+00 -3.429785e-07
 1.528763e+00 -3.777281e-07
 1.529762e+00 -4.104060e-07
 1.530761e+00 -4.408686e-07
 1.531760e+00 -4.689841e-07
 1.532760e+00 -4.946329e-07
 1.533759e+00 -5.177082e-07
 1.534758e+00 -5.381164e-07
 1.535757e+00 -5.557774e-07
 1.536757e+00 -5.706250e-07
 1.537756e+00 -5.826072e-07
 1.538755e+00 -5.916861e-07
 1.539754e+00 -5.978380e-07
 1.540754e+00 -6.010538e-07
 1.541753e+00 -6.013385e-07
 1.542752e+00 -5.987113e-07
 1.543751e+00 -5.932053e-07
 1.544751e+00 -5.848674e-07
 1.545750e+00 -5.737578e-07
 1.546749e+00 -5.599498e-07
 1.547748e+00 -5.435289e-07
 1.548748e+00 -5.245931e-07
 1.549747e+00 -5.032517e-07
 1.550746e+00 -4.796247e-07
 1.551745e+00 -4.538426e-07
 1.552745e+00 -4.260452e-07
 1.553744e+00 -3.963811e-07
 1.554743e+00 -3.650071e-07
 1.555742e+00 -3.320870e-07
 1.556742e+00 -2.977908e-07
 1.557741e+00 -2.622943e-07
 1.558740e+00 -2.257775e-07
 1.559739e+00 -1.884244e-07
 1.560739e+00 -1.504217e-07
 1.561738e+00 -1.119576e-07
 1.562737e+00 -7.322167e-08
 1.563736e+00 -3.440319e-08
 1.564736e+00  4.309397e-09
 1.565735e+00  4.272951e-08
 1.566734e+00  8.067328e-08
 1.567733e+00  1.179604e-07
 1.568732e+00  1.544152e-07
 1.569732e+00  1.898669e-07
 1.570731e+00  2.241511e-07
 1.571730e+00  2.571100e-07
 1.572729e+00  2.885936e-07
 1.573729e+00  3.184597e-07
 1.574728e+00  3.465752e-07
 1.575727e+00  3.728164e-07
 1.576726e+00  3.970693e-07
 1.577726e+00  4.192307e-07
 1.578725e+00  4.392078e-07
 1.579724e+00  4.569195e-07
 1.580723e+00  4.722958e-07
 1.581723e+00  4.852788e-07
 1.582722e+00  4.958224e-07
 1.583721e+00  5.038927e-07
 1.584720e+00  5.094680e-07
 1.585720e+00  5.125388e-07
 1.586719e+00  5.131079e-07
 1.587718e+00  5.111900e-07
 1.588717e+00  5.068120e-07
 1.589717e+00  5.000121e-07
 1.590716e+00  4.908404e-07
 1.591715e+00  4.793578e-07
 1.592714e+00  4.656362e-07
 1.593714e+00  4.497576e-07
 1.594713e+00  4.318140e-07
 1.595712e+00  4.119067e-07
 1.596711e+00  3.901459e-07
 1.597711e+00  3.666498e-07
 1.598710e+00  3.415443e-07
 1.599709e+00  3.149622e-07
 1.600708e+00  2.870425e-07
 1.601708e+00  2.579297e-07
 1.602707e+00  2.277731e-07
 1.603706e+00  1.967258e-07
 1.604705e+00  1.649444e-07
 1.605705e+00  1.325878e-07
 1.606704e+00  9.981663e-08
 1.607703e+00  6.679239e-08
 1.608702e+00  3.367664e-08
 1.609702e+00  6.302842e-10
 1.610701e+00 -3.218726e-08
 1.611700e+00 -6.461878e-08
 1.612699e+00 -9.651005e-08
 1.613699e+00 -1.277105e-07
 1.614698e+00 -1.580741e-07
 1.615697e+00 -1.874597e-07
 1.616696e+00 -2.157320e-07
 1.617696e+00 -2.427620e-07
 1.618695e+00 -2.684276e-07
 1.619694e+00 -2.926142e-07
 1.620693e+00 -3.152151e-07
 1.621693e+00 -3.361321e-07
 1.622692e+00 -3.552757e-07
 1.623691e+00 -3.725659e-07
 1.624690e+00 -3.879318e-07
 1.625690e+00 -4.013128e-07
 1.626689e+00 -4.126578e-07
 1.627688e+00 -4.219264e-07
 1.628687e+00 -4.290882e-07
 1.629687e+00 -4.341234e-07
 1.630686e+00 -4.370225e-07
 1.631685e+00 -4.377865e-07
 1.632684e+00 -4.364267e-07
 1.633684e+00 -4.329645e-07
 1.634683e+00 -4.274315e-07
 1.635682e+00 -4.198689e-07
 1.636681e+00 -4.103276e-07
 1.637681e+00 -3.988677e-07
 1.638680e+00 -3.855580e-07
 1.639679e+00 -3.704760e-07
 1.640678e+00 -3.537070e-07
 1.641678e+00 -3.353441e-07
 1.642677e+00 -3.154873e-07
 1.643676e+00 -2.942432e-07
 1.644675e+00 -2.717242e-07
 1.645675e+00 -2.480484e-07
 1.646674e+00 -2.233384e-07
 1.647673e+00 -1.977210e-07
 1.648672e+00 -1.713265e-07
 1.649672e+00 -1.442882e-07
 1.650671e+00 -1.167414e-07
 1.651670e+00 -8.882293e-08
 1.652669e+00 -6.067054e-08
 1.653669e+00 -3.242210e-08
 1.654668e+00 -4.214963e-09
 1.655667e+00  2.381466e-08
 1.656666e+00  5.153237e-08
 1.657666e+00  7.880623e-08
 1.658665e+00  1.055074e-07
 1.659664e+00  1.315106e-07
 1.660663e+00  1.566950e-07
 1.661663e+00  1.809445e-07
 1.662662e+00  2.041482e-07
 1.663661e+00  2.262012e-07
 1.664660e+00  2.470049e-07
 1.665660e+00  2.664674e-07
 1.666659e+00  2.845038e-07
 1.667658e+00  3.010370e-07
 1.668657e+00  3.159974e-07
 1.669657e+00  3.293237e-07
 1.670656e+00  3.409629e-07
 1.671655e+00  3.508705e-07
 1.672654e+00  3.590107e-07
 1.673654e+00  3.653565e-07
 1.674653e+00  3.698898e-07
 1.675652e+00  3.726014e-07
 1.676651e+00  3.734909e-07
 1.677650e+00  3.725669e-07
 1.678650e+00  3.698464e-07
 1.679649e+00  3.653554e-07
 1.680648e+00  3.591278e-07
 1.681647e+00  3.512061e-07
 1.682647e+00  3.416405e-07
 1.683646e+00  3.304888e-07
 1.684645e+00  3.178161e-07
 1.685644e+00  3.036944e-07
 1.686644e+00  2.882022e-07
 1.687643e+00  2.714240e-07
 1.688642e+00  2.534501e-07
 1.689641e+00  2.343759e-07
 1.690641e+00  2.143013e-07
 1.691640e+00  1.933306e-07
 1.692639e+00  1.715715e-07
 1.693638e+00  1.491348e-07
 1.694638e+00  1.261339e-07
 1.695637e+00  1.026840e-07
 1.696636e+00  7.890172e-08
 1.697635e+00  5.490450e-08
 1.698635e+00  3.080997e-08
 1.699634e+00  6.735408e-09
 1.700633e+00 -1.720283e-08
 1.701632e+00 -4.088987e-08
 1.702632e+00 -6.421283e-08
 1.703631e+00 -8.706143e-08
 1.704630e+00 -1.093284e-07
 1.705629e+00 -1.309101e-07
 1.706629e+00 -1.517069e-07
 1.707628e+00 -1.716237e-07
 1.708627e+00 -1.905702e-07
 1.709626e+00 -2.084616e-07
 1.710626e+00 -2.252187e-07
 1.711625e+00 -2.407684e-07
 1.712624e+00 -2.550439e-07
 1.713623e+00 -2.679851e-07
 1.714623e+00 -2.795386e-07
 1.715622e+00 -2.896584e-07
 1.716621e+00 -2.983055e-07
 1.717620e+00 -3.054485e-07
 1.718620e+00 -3.110632e-07
 1.719619e+00 -3.151333e-07
 1.720618e+00 -3.176499e-07
 1.721617e+00 -3.186117e-07
 1.722617e+00 -3.180249e-07
 1.723616e+00 -3.159034e-07
 1.724615e+00 -3.122680e-07
 1.725614e+00 -3.071471e-07
 1.726614e+00 -3.005758e-07
 1.727613e+00 -2.925962e-07
 1.728612e+00 -2.832566e-07
 1.729611e+00 -2.726118e-07
 1.730611e+00 -2.607226e-07
 1.731610e+00 -2.476551e-07
 1.732609e+00 -2.334809e-07
 1.733608e+00 -2.182763e-07
 1.734608e+00 -2.021222e-07
 1.735607e+00 -1.851033e-07
 1.736606e+00 -1.673081e-07
 1.737605e+00 -1.488281e-07
 1.738605e+00 -1.297577e-07
 1.739604e+00 -1.101931e-07
 1.740603e+00 -9.023254e-08
 1.741602e+00 -6.997542e-08
 1.742602e+00 -4.952181e-08
 1.743601e+00 -2.897208e-08
 1.744600e+00 -8.426335e-09
 1.745599e+00  1.201603e-08
 1.746599e+00  3.225681e-08
 1.747598e+00  5.219949e-08
 1.748597e+00  7.174964e-08
 1.749596e+00  9.081542e-08
 1.750596e+00  1.093080e-07
 1.751595e+00  1.271418e-07
 1.752594e+00  1.442353e-07
 1.753593e+00  1.605109e-07
 1.754593e+00  1.758955e-07
 1.755592e+00  1.903211e-07
 1.756591e+00  2.037244e-07
 1.757590e+00  2.160479e-07
 1.758590e+00  2.272394e-07
 1.759589e+00  2.372528e-07
 1.760588e+00  2.460479e-07
 1.761587e+00  2.535906e-07
 1.762587e+00  2.598532e-07
 1.763586e+00  2.648145e-07
 1.764585e+00  2.684595e-07
 1.765584e+00  2.707798e-07
 1.766584e+00  2.717736e-07
 1.767583e+00  2.714452e-07
 1.768582e+00  2.698056e-07
 1.769581e+00  2.668719e-07
 1.770581e+00  2.626674e-07
 1.771580e+00  2.572213e-07
 1.772579e+00  2.505687e-07
 1.773578e+00  2.427503e-07
 1.774578e+00  2.338120e-07
 1.775577e+00  2.238051e-07
 1.776576e+00  2.127853e-07
 1.777575e+00  2.008132e-07
 1.778575e+00  1.879534e-07
 1.779574e+00  1.742742e-07
 1.780573e+00  1.598477e-07
 1.781572e+00  1.447489e-07
 1.782571e+00  1.290557e-07
 1.783571e+00  1.128480e-07
 1.784570e+00  9.620793e-08
 1.785569e+00  7.921909e-08
 1.786568e+00  6.196610e-08
 1.787568e+00  4.453431e-08
 1.788567e+00  2.700932e-08
 1.789566e+00  9.476599e-09
 1.790565e+00 -7.978966e-09
 1.791565e+00 -2.527345e-08
 1.792564e+00 -4.232428e-08
 1.793563e+00 -5.905067e-08
 1.794562e+00 -7.537395e-08
 1.795562e+00 -9.121796e-08
 1.796561e+00 -1.065094e-07
 1.797560e+00 -1.211781e-07
 1.798559e+00 -1.351576e-07
 1.799559e+00 -1.483849e-07
 1.800558e+00 -1.608013e-07
 1.801557e+00 -1.723525e-07
 1.802556e+00 -1.829887e-07
 1.803556e+00 -1.926647e-07
 1.804555e+00 -2.013405e-07
 1.805554e+00 -2.089812e-07
 1.806553e+00 -2.155569e-07
 1.807553e+00 -2.210434e-07
 1.808552e+00 -2.254218e-07
 1.809551e+00 -2.286787e-07
 1.810550e+00 -2.308061e-07
 1.811550e+00 -2.318017e-07
 1.812549e+00 -2.316686e-07
 1.813548e+00 -2.304154e-07
 1.814547e+00 -2.280560e-07
 1.815547e+00 -2.246095e-07
 1.816546e+00 -2.201004e-07
 1.817545e+00 -2.145578e-07
 1.818544e+00 -2.080158e-07
 1.819544e+00 -2.005132e-07
 1.820543e+00 -1.920929e-07
 1.821542e+00 -1.828021e-07
 1.822541e+00 -1.726919e-07
 1.823541e+00 -1.618170e-07
 1.824540e+00 -1.502353e-07
 1.825539e+00 -1.380080e-07
 1.826538e+00 -1.251985e-07
 1.827538e+00 -1.118732e-07
 1.828537e+00 -9.809991e-08
 1.829536e+00 -8.394859e-08
 1.830535e+00 -6.949032e-08
 1.831535e+00 -5.479724e-08
 1.832534e+00 -3.994208e-08
 1.833533e+00 -2.499787e-08
 1.834532e+00 -1.003755e-08
 1.835532e+00  4.866375e-09
 1.836531e+00  1.964218e-08
 1.837530e+00  3.421926e-08
 1.838529e+00  4.852848e-08
 1.839529e+00  6.250246e-08
 1.840528e+00  7.607594e-08
 1.841527e+00  8.918605e-08
 1.842526e+00  1.017726e-07
 1.843526e+00  1.137784e-07
 1.844525e+00  1.251493e-07
 1.845524e+00  1.358348e-07
 1.846523e+00  1.457881e-07
 1.847523e+00  1.549660e-07
 1.848522e+00  1.633297e-07
 1.849521e+00  1.708443e-07
 1.850520e+00  1.774795e-07
 1.851520e+00  1.832093e-07
 1.852519e+00  1.880123e-07
 1.853518e+00  1.918718e-07
 1.854517e+00  1.947758e-07
 1.855517e+00  1.967168e-07
 1.856516e+00  1.976923e-07
 1.857515e+00  1.977043e-07
 1.858514e+00  1.967596e-07
 1.859514e+00  1.948693e-07
 1.860513e+00  1.920493e-07
 1.861512e+00  1.883198e-07
 1.862511e+00  1.837051e-07
 1.863511e+00  1.782339e-07
 1.864510e+00  1.719385e-07
 1.865509e+00  1.648554e-07
 1.866508e+00  1.570241e-07
 1.867508e+00  1.484880e-07
 1.868507e+00  1.392932e-07
 1.869506e+00  1.294889e-07
 1.870505e+00  1.191268e-07
 1.871505e+00  1.082609e-07
 1.872504e+00  9.694735e-08
 1.873503e+00  8.524407e-08
 1.874502e+00  7.321041e-08
 1.875502e+00  6.090691e-08
 1.876501e+00  4.839500e-08
 1.877500e+00  3.573670e-08
 1.878499e+00  2.299428e-08
 1.879499e+00  1.023000e-08
 1.880498e+00 -2.494231e-09
 1.881497e+00 -1.511711e-08
 1.882496e+00 -2.757827e-08
 1.883496e+00 -3.981854e-08
 1.884495e+00 -5.178025e-08
 1.885494e+00 -6.340746e-08
 1.886493e+00 -7.464626e-08
 1.887492e+00 -8.544498e-08
 1.888492e+00 -9.575447e-08
 1.889491e+00 -1.055283e-07
 1.890490e+00 -1.147228e-07
 1.891489e+00 -1.232977e-07
 1.892489e+00 -1.312158e-07
 1.893488e+00 -1.384433e-07
 1.894487e+00 -1.449503e-07
 1.895486e+00 -1.507101e-07
 1.896486e+00 -1.557002e-07
 1.897485e+00 -1.599019e-07
 1.898484e+00 -1.633003e-07
 1.899483e+00 -1.658847e-07
 1.900483e+00 -1.676482e-07
 1.901482e+00 -1.685880e-07
 1.902481e+00 -1.687055e-07
 1.903480e+00 -1.680058e-07
 1.904480e+00 -1.664980e-07
 1.905479e+00 -1.641950e-07
 1.906478e+00 -1.611137e-07
 1.907477e+00 -1.572744e-07
 1.908477e+00 -1.527009e-07
 1.909476e+00 -1.474206e-07
 1.910475e+00 -1.414640e-07
 1.911474e+00 -1.348646e-07
 1.912474e+00 -1.276589e-07
 1.913473e+00 -1.198860e-07
 1.914472e+00 -1.115876e-07
 1.915471e+00 -1.028073e-07
 1.916471e+00 -9.359121e-08
 1.917470e+00 -8.398686e-08
 1.918469e+00 -7.404348e-08
 1.919468e+00 -6.381157e-08
 1.920468e+00 -5.334266e-08
 1.921467e+00 -4.268908e-08
 1.922466e+00 -3.190367e-08
 1.923465e+00 -2.103955e-08
 1.924465e+00 -1.014985e-08
 1.925464e+00  7.125552e-10
 1.926463e+00  1.149530e-08
 1.927462e+00  2.214676e-08
 1.928462e+00  3.261632e-08
 1.929461e+00  4.285459e-08
 1.930460e+00  5.281365e-08
 1.931459e+00  6.244726e-08
 1.932459e+00  7.171109e-08
 1.933458e+00  8.056291e-08
 1.934457e+00  8.896278e-08
 1.935456e+00  9.687321e-08
 1.936456e+00  1.042594e-07
 1.937455e+00  1.110892e-07
 1.938454e+00  1.173335e-07
 1.939453e+00  1.229662e-07
 1.940453e+00  1.279644e-07
 1.941452e+00  1.323083e-07
 1.942451e+00  1.359814e-07
 1.943450e+00  1.389708e-07
 1.944450e+00  1.412666e-07
 1.945449e+00  1.428628e-07
 1.946448e+00  1.437565e-07
 1.947447e+00  1.439482e-07
 1.948447e+00  1.434421e-07
 1.949446e+00  1.422453e-07
 1.950445e+00  1.403686e-07
 1.951444e+00  1.378259e-07
 1.952444e+00  1.346340e-07
 1.953443e+00  1.308130e-07
 1.954442e+00  1.263859e-07
 1.955441e+00  1.213781e-07
 1.956441e+00  1.158182e-07
 1.957440e+00  1.097369e-07
 1.958439e+00  1.031671e-07
 1.959438e+00  9.614429e-08
 1.960438e+00  8.870547e-08
 1.961437e+00  8.088959e-08
 1.962436e+00  7.273712e-08
 1.963435e+00  6.428987e-08
 1.964435e+00  5.559079e-08
 1.965434e+00  4.668373e-08
 1.966433e+00  3.761327e-08
 1.967432e+00  2.842444e-08
 1.968432e+00  1.916253e-08
 1.969431e+00  9.872883e-09
 1.970430e+00  6.006368e-10
 1.971429e+00 -8.609458e-09
 1.972429e+00 -1.771327e-08
 1.973428e+00 -2.666749e-08
 1.974427e+00 -3.542984e-08
 1.975426e+00 -4.395926e-08
 1.976426e+00 -5.221611e-08
 1.977425e+00 -6.016235e-08
 1.978424e+00 -6.776171e-08
 1.979423e+00 -7.497985e-08
 1.980423e+00 -8.178451e-08
 1.981422e+00 -8.814566e-08
 1.982421e+00 -9.403564e-08
 1.983420e+00 -9.942926e-08
 1.984420e+00 -1.043039e-07
 1.985419e+00 -1.086396e-07
 1.986418e+00 -1.124191e-07
 1.987417e+00 -1.156282e-07
 1.988417e+00 -1.182551e-07
 1.989416e+00 -1.202915e-07
 1.990415e+00 -1.217314e-07
 1.991414e+00 -1.225721e-07
 1.992414e+00 -1.228139e-07
 1.993413e+00 -1.224596e-07
 1.994412e+00 -1.215152e-07
 1.995411e+00 -1.199895e-07
 1.996410e+00 -1.178938e-07
 1.997410e+00 -1.152423e-07
 1.998409e+00 -1.120517e-07
 1.999408e+00 -1.083413e-07
