acnek-pp15-mx5-h7 acnek-pp15-mx5-h7
1971 0.0
 7.442009e-04  6.079671e-08
 1.759020e-03  1.559450e-07
 2.773840e-03  2.839289e-07
 3.788659e-03  4.644810e-07
 4.803479e-03  7.056464e-07
 5.818298e-03  1.037867e-06
 6.833117e-03  1.459486e-06
 7.847937e-03  1.990619e-06
 8.862756e-03  2.652736e-06
 9.877576e-03  3.455221e-06
 1.089240e-02  4.411405e-06
 1.190721e-02  5.526437e-06
 1.292203e-02  6.817847e-06
 1.393685e-02  8.295207e-06
 1.495167e-02  9.957996e-06
 1.596649e-02  1.181045e-05
 1.698131e-02  1.386995e-05
 1.799613e-02  1.613747e-05
 1.901095e-02  1.862059e-05
 2.002577e-02  2.133517e-05
 2.104059e-02  2.426852e-05
 2.205541e-02  2.743437e-05
 2.307023e-02  3.082771e-05
 2.408505e-02  3.445340e-05
 2.509987e-02  3.830791e-05
 2.611469e-02  4.238890e-05
 2.712951e-02  4.668896e-05
 2.814433e-02  5.121653e-05
 2.915914e-02  5.596126e-05
 3.017396e-02  6.090794e-05
 3.118878e-02  6.605959e-05
 3.220360e-02  7.139520e-05
 3.321842e-02  7.690968e-05
 3.423324e-02  8.258520e-05
 3.524806e-02  8.841538e-05
 3.626288e-02  9.438206e-05
 3.727770e-02  1.004771e-04
 3.829252e-02  1.066815e-04
 3.930734e-02  1.129856e-04
 4.032216e-02  1.193706e-04
 4.133698e-02  1.258187e-04
 4.235180e-02  1.323219e-04
 4.336662e-02  1.388602e-04
 4.438144e-02  1.454219e-04
 4.539626e-02  1.519884e-04
 4.641107e-02  1.585506e-04
 4.742589e-02  1.650909e-04
 4.844071e-02  1.715934e-04
 4.945553e-02  1.780399e-04
 5.047035e-02  1.844177e-04
 5.148517e-02  1.907109e-04
 5.249999e-02  1.969030e-04
 5.351481e-02  2.029839e-04
 5.452963e-02  2.089366e-04
 5.554445e-02  2.147491e-04
 5.655927e-02  2.204071e-04
 5.757409e-02  2.259006e-04
 5.858891e-02  2.312155e-04
 5.960373e-02  2.363394e-04
 6.061855e-02  2.412648e-04
 6.163337e-02  2.459836e-04
 6.264819e-02  2.504903e-04
 6.366301e-02  2.547763e-04
 6.467782e-02  2.588397e-04
 6.569264e-02  2.626742e-04
 6.670746e-02  2.662798e-04
 6.772228e-02  2.696508e-04
 6.873710e-02  2.727889e-04
 6.975192e-02  2.756938e-04
 7.076674e-02  2.783645e-04
 7.178156e-02  2.808059e-04
 7.279638e-02  2.830198e-04
 7.381120e-02  2.850093e-04
 7.482602e-02  2.867766e-04
 7.584084e-02  2.883303e-04
 7.685566e-02  2.896713e-04
 7.787048e-02  2.908095e-04
 7.888530e-02  2.917495e-04
 7.990012e-02  2.925015e-04
 8.091494e-02  2.930748e-04
 8.192975e-02  2.934776e-04
 8.294457e-02  2.937199e-04
 8.395939e-02  2.938131e-04
 8.497421e-02  2.937688e-04
 8.598903e-02  2.935970e-04
 8.700385e-02  2.933128e-04
 8.801867e-02  2.929264e-04
 8.903349e-02  2.924531e-04
 9.004831e-02  2.919052e-04
 9.106313e-02  2.912969e-04
 9.207795e-02  2.906404e-04
 9.309277e-02  2.899477e-04
 9.410759e-02  2.892316e-04
 9.512241e-02  2.885047e-04
 9.613723e-02  2.877788e-04
 9.715205e-02  2.870647e-04
 9.816687e-02  2.863749e-04
 9.918168e-02  2.857190e-04
 1.001965e-01  2.851083e-04
 1.012113e-01  2.845513e-04
 1.022261e-01  2.840573e-04
 1.032410e-01  2.836352e-04
 1.042558e-01  2.832922e-04
 1.052706e-01  2.830362e-04
 1.062854e-01  2.828746e-04
 1.073002e-01  2.828133e-04
 1.083151e-01  2.828572e-04
 1.093299e-01  2.830126e-04
 1.103447e-01  2.832819e-04
 1.113595e-01  2.836685e-04
 1.123743e-01  2.841748e-04
 1.133892e-01  2.848019e-04
 1.144040e-01  2.855511e-04
 1.154188e-01  2.864213e-04
 1.164336e-01  2.874115e-04
 1.174484e-01  2.885190e-04
 1.184633e-01  2.897414e-04
 1.194781e-01  2.910734e-04
 1.204929e-01  2.925109e-04
 1.215077e-01  2.940476e-04
 1.225225e-01  2.956777e-04
 1.235374e-01  2.973943e-04
 1.245522e-01  2.991903e-04
 1.255670e-01  3.010576e-04
 1.265818e-01  3.029871e-04
 1.275966e-01  3.049708e-04
 1.286114e-01  3.069988e-04
 1.296263e-01  3.090617e-04
 1.306411e-01  3.111490e-04
 1.316559e-01  3.132511e-04
 1.326707e-01  3.153573e-04
 1.336855e-01  3.174577e-04
 1.347004e-01  3.195409e-04
 1.357152e-01  3.215962e-04
 1.367300e-01  3.236128e-04
 1.377448e-01  3.255791e-04
 1.387596e-01  3.274845e-04
 1.397745e-01  3.293179e-04
 1.407893e-01  3.310687e-04
 1.418041e-01  3.327259e-04
 1.428189e-01  3.342799e-04
 1.438337e-01  3.357202e-04
 1.448486e-01  3.370374e-04
 1.458634e-01  3.382222e-04
 1.468782e-01  3.392660e-04
 1.478930e-01  3.401610e-04
 1.489078e-01  3.408996e-04
 1.499227e-01  3.414750e-04
 1.509375e-01  3.418813e-04
 1.519523e-01  3.421132e-04
 1.529671e-01  3.421657e-04
 1.539819e-01  3.420348e-04
 1.549968e-01  3.417170e-04
 1.560116e-01  3.412098e-04
 1.570264e-01  3.405111e-04
 1.580412e-01  3.396197e-04
 1.590560e-01  3.385353e-04
 1.600709e-01  3.372577e-04
 1.610857e-01  3.357879e-04
 1.621005e-01  3.341274e-04
 1.631153e-01  3.322783e-04
 1.641301e-01  3.302431e-04
 1.651449e-01  3.280254e-04
 1.661598e-01  3.256293e-04
 1.671746e-01  3.230597e-04
 1.681894e-01  3.203220e-04
 1.692042e-01  3.174219e-04
 1.702190e-01  3.143664e-04
 1.712339e-01  3.111623e-04
 1.722487e-01  3.078174e-04
 1.732635e-01  3.043396e-04
 1.742783e-01  3.007375e-04
 1.752931e-01  2.970197e-04
 1.763080e-01  2.931956e-04
 1.773228e-01  2.892746e-04
 1.783376e-01  2.852662e-04
 1.793524e-01  2.811800e-04
 1.803672e-01  2.770259e-04
 1.813821e-01  2.728138e-04
 1.823969e-01  2.685532e-04
 1.834117e-01  2.642539e-04
 1.844265e-01  2.599258e-04
 1.854413e-01  2.555781e-04
 1.864562e-01  2.512204e-04
 1.874710e-01  2.468616e-04
 1.884858e-01  2.425106e-04
 1.895006e-01  2.381759e-04
 1.905154e-01  2.338659e-04
 1.915303e-01  2.295883e-04
 1.925451e-01  2.253508e-04
 1.935599e-01  2.211605e-04
 1.945747e-01  2.170243e-04
 1.955895e-01  2.129482e-04
 1.966043e-01  2.089382e-04
 1.976192e-01  2.049993e-04
 1.986340e-01  2.011362e-04
 1.996488e-01  1.973530e-04
 2.006636e-01  1.936531e-04
 2.016784e-01  1.900393e-04
 2.026933e-01  1.865139e-04
 2.037081e-01  1.830785e-04
 2.047229e-01  1.797340e-04
 2.057377e-01  1.764808e-04
 2.067525e-01  1.733185e-04
 2.077674e-01  1.702463e-04
 2.087822e-01  1.672625e-04
 2.097970e-01  1.643651e-04
 2.108118e-01  1.615517e-04
 2.118266e-01  1.588189e-04
 2.128415e-01  1.561632e-04
 2.138563e-01  1.535805e-04
 2.148711e-01  1.510663e-04
 2.158859e-01  1.486156e-04
 2.169007e-01  1.462230e-04
 2.179156e-01  1.438829e-04
 2.189304e-01  1.415893e-04
 2.199452e-01  1.393358e-04
 2.209600e-01  1.371159e-04
 2.219748e-01  1.349227e-04
 2.229897e-01  1.327493e-04
 2.240045e-01  1.305885e-04
 2.250193e-01  1.284328e-04
 2.260341e-01  1.262749e-04
 2.270489e-01  1.241074e-04
 2.280638e-01  1.219228e-04
 2.290786e-01  1.197137e-04
 2.300934e-01  1.174727e-04
 2.311082e-01  1.151927e-04
 2.321230e-01  1.128666e-04
 2.331378e-01  1.104876e-04
 2.341527e-01  1.080491e-04
 2.351675e-01  1.055448e-04
 2.361823e-01  1.029686e-04
 2.371971e-01  1.003150e-04
 2.382119e-01  9.757878e-05
 2.392268e-01  9.475497e-05
 2.402416e-01  9.183918e-05
 2.412564e-01  8.882740e-05
 2.422712e-01  8.571608e-05
 2.432860e-01  8.250213e-05
 2.443009e-01  7.918296e-05
 2.453157e-01  7.575647e-05
 2.463305e-01  7.222102e-05
 2.473453e-01  6.857551e-05
 2.483601e-01  6.481936e-05
 2.493750e-01  6.095246e-05
 2.503898e-01  5.697533e-05
 2.514046e-01  5.289611e-05
 2.524194e-01  4.873489e-05
 2.534342e-01  4.451336e-05
 2.544491e-01  4.025363e-05
 2.554639e-01  3.597700e-05
 2.564787e-01  3.170367e-05
 2.574935e-01  2.745300e-05
 2.585083e-01  2.324027e-05
 2.595232e-01  1.908099e-05
 2.605380e-01  1.499089e-05
 2.615528e-01  1.098618e-05
 2.625676e-01  7.082981e-06
 2.635824e-01  3.298405e-06
 2.645973e-01 -3.501191e-07
 2.656121e-01 -3.846054e-06
 2.666269e-01 -7.175091e-06
 2.676417e-01 -1.032537e-05
 2.686565e-01 -1.328572e-05
 2.696713e-01 -1.604603e-05
 2.706862e-01 -1.859491e-05
 2.717010e-01 -2.092081e-05
 2.727158e-01 -2.301192e-05
 2.737306e-01 -2.485752e-05
 2.747454e-01 -2.644794e-05
 2.757603e-01 -2.777522e-05
 2.767751e-01 -2.883463e-05
 2.777899e-01 -2.962471e-05
 2.788047e-01 -3.014573e-05
 2.798195e-01 -3.039892e-05
 2.808344e-01 -3.038754e-05
 2.818492e-01 -3.011544e-05
 2.828640e-01 -2.958809e-05
 2.838788e-01 -2.881212e-05
 2.848936e-01 -2.779534e-05
 2.859085e-01 -2.654695e-05
 2.869233e-01 -2.507673e-05
 2.879381e-01 -2.339494e-05
 2.889529e-01 -2.151236e-05
 2.899677e-01 -1.943998e-05
 2.909826e-01 -1.718906e-05
 2.919974e-01 -1.477253e-05
 2.930122e-01 -1.220379e-05
 2.940270e-01 -9.496849e-06
 2.950418e-01 -6.666454e-06
 2.960567e-01 -3.727590e-06
 2.970715e-01 -6.953484e-07
 2.980863e-01  2.415765e-06
 2.991011e-01  5.590933e-06
 3.001159e-01  8.814620e-06
 3.011307e-01  1.206999e-05
 3.021456e-01  1.533953e-05
 3.031604e-01  1.860461e-05
 3.041752e-01  2.184659e-05
 3.051900e-01  2.504694e-05
 3.062048e-01  2.818781e-05
 3.072197e-01  3.125245e-05
 3.082345e-01  3.422524e-05
 3.092493e-01  3.709198e-05
 3.102641e-01  3.983883e-05
 3.112789e-01  4.245251e-05
 3.122938e-01  4.492036e-05
 3.133086e-01  4.723100e-05
 3.143234e-01  4.937370e-05
 3.153382e-01  5.133909e-05
 3.163530e-01  5.311893e-05
 3.173679e-01  5.470613e-05
 3.183827e-01  5.609472e-05
 3.193975e-01  5.727942e-05
 3.204123e-01  5.825591e-05
 3.214271e-01  5.902056e-05
 3.224420e-01  5.957068e-05
 3.234568e-01  5.990450e-05
 3.244716e-01  6.002142e-05
 3.254864e-01  5.992138e-05
 3.265012e-01  5.960530e-05
 3.275161e-01  5.907495e-05
 3.285309e-01  5.833286e-05
 3.295457e-01  5.738251e-05
 3.305605e-01  5.622853e-05
 3.315753e-01  5.487716e-05
 3.325902e-01  5.333608e-05
 3.336050e-01  5.161425e-05
 3.346198e-01  4.972171e-05
 3.356346e-01  4.766947e-05
 3.366494e-01  4.546909e-05
 3.376642e-01  4.313258e-05
 3.386791e-01  4.067237e-05
 3.396939e-01  3.810120e-05
 3.407087e-01  3.543240e-05
 3.417235e-01  3.267973e-05
 3.427383e-01  2.985756e-05
 3.437532e-01  2.698035e-05
 3.447680e-01  2.406247e-05
 3.457828e-01  2.111821e-05
 3.467976e-01  1.816167e-05
 3.478124e-01  1.520659e-05
 3.488273e-01  1.226643e-05
 3.498421e-01  9.354450e-06
 3.508569e-01  6.483784e-06
 3.518717e-01  3.667479e-06
 3.528865e-01  9.182528e-07
 3.539014e-01 -1.751338e-06
 3.549162e-01 -4.329170e-06
 3.559310e-01 -6.803487e-06
 3.569458e-01 -9.162941e-06
 3.579606e-01 -1.139660e-05
 3.589755e-01 -1.349418e-05
 3.599903e-01 -1.544604e-05
 3.610051e-01 -1.724331e-05
 3.620199e-01 -1.887814e-05
 3.630347e-01 -2.034370e-05
 3.640496e-01 -2.163433e-05
 3.650644e-01 -2.274528e-05
 3.660792e-01 -2.367283e-05
 3.670940e-01 -2.441423e-05
 3.681088e-01 -2.496767e-05
 3.691237e-01 -2.533220e-05
 3.701385e-01 -2.550792e-05
 3.711533e-01 -2.549593e-05
 3.721681e-01 -2.529839e-05
 3.731829e-01 -2.491851e-05
 3.741977e-01 -2.436033e-05
 3.752126e-01 -2.362867e-05
 3.762274e-01 -2.272894e-05
 3.772422e-01 -2.166717e-05
 3.782570e-01 -2.044995e-05
 3.792718e-01 -1.908446e-05
 3.802867e-01 -1.757839e-05
 3.813015e-01 -1.594013e-05
 3.823163e-01 -1.417873e-05
 3.833311e-01 -1.230381e-05
 3.843459e-01 -1.032555e-05
 3.853608e-01 -8.254623e-06
 3.863756e-01 -6.102148e-06
 3.873904e-01 -3.879640e-06
 3.884052e-01 -1.598977e-06
 3.894200e-01  7.276530e-07
 3.904349e-01  3.087871e-06
 3.914497e-01  5.469174e-06
 3.924645e-01  7.859019e-06
 3.934793e-01  1.024493e-05
 3.944941e-01  1.261462e-05
 3.955090e-01  1.495597e-05
 3.965238e-01  1.725716e-05
 3.975386e-01  1.950661e-05
 3.985534e-01  2.169319e-05
 3.995682e-01  2.380617e-05
 4.005831e-01  2.583534e-05
 4.015979e-01  2.777110e-05
 4.026127e-01  2.960450e-05
 4.036275e-01  3.132724e-05
 4.046423e-01  3.293167e-05
 4.056572e-01  3.441075e-05
 4.066720e-01  3.575802e-05
 4.076868e-01  3.696761e-05
 4.087016e-01  3.803426e-05
 4.097164e-01  3.895338e-05
 4.107312e-01  3.972109e-05
 4.117461e-01  4.033421e-05
 4.127609e-01  4.079038e-05
 4.137757e-01  4.108806e-05
 4.147905e-01  4.122648e-05
 4.158053e-01  4.120566e-05
 4.168202e-01  4.102640e-05
 4.178350e-01  4.069032e-05
 4.188498e-01  4.019983e-05
 4.198646e-01  3.955812e-05
 4.208794e-01  3.876920e-05
 4.218943e-01  3.783783e-05
 4.229091e-01  3.676948e-05
 4.239239e-01  3.557031e-05
 4.249387e-01  3.424712e-05
 4.259535e-01  3.280727e-05
 4.269684e-01  3.125865e-05
 4.279832e-01  2.960965e-05
 4.289980e-01  2.786906e-05
 4.300128e-01  2.604602e-05
 4.310276e-01  2.414998e-05
 4.320425e-01  2.219059e-05
 4.330573e-01  2.017768e-05
 4.340721e-01  1.812123e-05
 4.350869e-01  1.603128e-05
 4.361017e-01  1.391800e-05
 4.371166e-01  1.179161e-05
 4.381314e-01  9.662347e-06
 4.391462e-01  7.540448e-06
 4.401610e-01  5.436074e-06
 4.411758e-01  3.359258e-06
 4.421906e-01  1.319844e-06
 4.432055e-01 -6.725583e-07
 4.442203e-01 -2.608623e-06
 4.452351e-01 -4.479350e-06
 4.462499e-01 -6.276086e-06
 4.472647e-01 -7.990571e-06
 4.482796e-01 -9.614995e-06
 4.492944e-01 -1.114205e-05
 4.503092e-01 -1.256499e-05
 4.513240e-01 -1.387763e-05
 4.523388e-01 -1.507446e-05
 4.533537e-01 -1.615058e-05
 4.543685e-01 -1.710181e-05
 4.553833e-01 -1.792460e-05
 4.563981e-01 -1.861614e-05
 4.574129e-01 -1.917427e-05
 4.584278e-01 -1.959752e-05
 4.594426e-01 -1.988511e-05
 4.604574e-01 -2.003692e-05
 4.614722e-01 -2.005348e-05
 4.624870e-01 -1.993594e-05
 4.635019e-01 -1.968608e-05
 4.645167e-01 -1.930628e-05
 4.655315e-01 -1.879952e-05
 4.665463e-01 -1.816934e-05
 4.675611e-01 -1.741990e-05
 4.685760e-01 -1.655588e-05
 4.695908e-01 -1.558250e-05
 4.706056e-01 -1.450550e-05
 4.716204e-01 -1.333109e-05
 4.726352e-01 -1.206591e-05
 4.736501e-01 -1.071703e-05
 4.746649e-01 -9.291888e-06
 4.756797e-01 -7.798266e-06
 4.766945e-01 -6.244264e-06
 4.777093e-01 -4.638253e-06
 4.787241e-01 -2.988829e-06
 4.797390e-01 -1.304752e-06
 4.807538e-01  4.051055e-07
 4.817686e-01  2.131819e-06
 4.827834e-01  3.866463e-06
 4.837982e-01  5.600158e-06
 4.848131e-01  7.324124e-06
 4.858279e-01  9.029717e-06
 4.868427e-01  1.070846e-05
 4.878575e-01  1.235211e-05
 4.888723e-01  1.395263e-05
 4.898872e-01  1.550232e-05
 4.909020e-01  1.699375e-05
 4.919168e-01  1.841987e-05
 4.929316e-01  1.977397e-05
 4.939464e-01  2.104975e-05
 4.949613e-01  2.224132e-05
 4.959761e-01  2.334324e-05
 4.969909e-01  2.435053e-05
 4.980057e-01  2.525872e-05
 4.990205e-01  2.606383e-05
 5.000354e-01  2.676241e-05
 5.010502e-01  2.735158e-05
 5.020650e-01  2.782897e-05
 5.030798e-01  2.819281e-05
 5.040946e-01  2.844190e-05
 5.051095e-01  2.857562e-05
 5.061243e-01  2.859395e-05
 5.071391e-01  2.849743e-05
 5.081539e-01  2.828724e-05
 5.091687e-01  2.796508e-05
 5.101836e-01  2.753326e-05
 5.111984e-01  2.699460e-05
 5.122132e-01  2.635242e-05
 5.132280e-01  2.561056e-05
 5.142428e-01  2.477331e-05
 5.152576e-01  2.384538e-05
 5.162725e-01  2.283189e-05
 5.172873e-01  2.173837e-05
 5.183021e-01  2.057064e-05
 5.193169e-01  1.933489e-05
 5.203317e-01  1.803755e-05
 5.213466e-01  1.668533e-05
 5.223614e-01  1.528513e-05
 5.233762e-01  1.384405e-05
 5.243910e-01  1.236932e-05
 5.254058e-01  1.086831e-05
 5.264207e-01  9.348464e-06
 5.274355e-01  7.817264e-06
 5.284503e-01  6.282215e-06
 5.294651e-01  4.750797e-06
 5.304799e-01  3.230429e-06
 5.314948e-01  1.728433e-06
 5.325096e-01  2.519994e-07
 5.335244e-01 -1.191850e-06
 5.345392e-01 -2.596301e-06
 5.355540e-01 -3.954777e-06
 5.365689e-01 -5.260986e-06
 5.375837e-01 -6.508942e-06
 5.385985e-01 -7.693003e-06
 5.396133e-01 -8.807894e-06
 5.406281e-01 -9.848731e-06
 5.416430e-01 -1.081104e-05
 5.426578e-01 -1.169077e-05
 5.436726e-01 -1.248431e-05
 5.446874e-01 -1.318853e-05
 5.457022e-01 -1.380072e-05
 5.467170e-01 -1.431869e-05
 5.477319e-01 -1.474069e-05
 5.487467e-01 -1.506549e-05
 5.497615e-01 -1.529233e-05
 5.507763e-01 -1.542091e-05
 5.517911e-01 -1.545145e-05
 5.528060e-01 -1.538462e-05
 5.538208e-01 -1.522155e-05
 5.548356e-01 -1.496385e-05
 5.558504e-01 -1.461358e-05
 5.568652e-01 -1.417322e-05
 5.578801e-01 -1.364571e-05
 5.588949e-01 -1.303438e-05
 5.599097e-01 -1.234295e-05
 5.609245e-01 -1.157555e-05
 5.619393e-01 -1.073662e-05
 5.629542e-01 -9.830960e-06
 5.639690e-01 -8.863656e-06
 5.649838e-01 -7.840073e-06
 5.659986e-01 -6.765820e-06
 5.670134e-01 -5.646717e-06
 5.680283e-01 -4.488763e-06
 5.690431e-01 -3.298103e-06
 5.700579e-01 -2.080996e-06
 5.710727e-01 -8.437816e-07
 5.720875e-01  4.071542e-07
 5.731024e-01  1.665408e-06
 5.741172e-01  2.924591e-06
 5.751320e-01  4.178363e-06
 5.761468e-01  5.420461e-06
 5.771616e-01  6.644729e-06
 5.781765e-01  7.845149e-06
 5.791913e-01  9.015864e-06
 5.802061e-01  1.015121e-05
 5.812209e-01  1.124574e-05
 5.822357e-01  1.229423e-05
 5.832505e-01  1.329173e-05
 5.842654e-01  1.423357e-05
 5.852802e-01  1.511538e-05
 5.862950e-01  1.593313e-05
 5.873098e-01  1.668311e-05
 5.883246e-01  1.736198e-05
 5.893395e-01  1.796679e-05
 5.903543e-01  1.849496e-05
 5.913691e-01  1.894432e-05
 5.923839e-01  1.931311e-05
 5.933987e-01  1.959997e-05
 5.944136e-01  1.980398e-05
 5.954284e-01  1.992463e-05
 5.964432e-01  1.996185e-05
 5.974580e-01  1.991595e-05
 5.984728e-01  1.978769e-05
 5.994877e-01  1.957822e-05
 6.005025e-01  1.928908e-05
 6.015173e-01  1.892220e-05
 6.025321e-01  1.847987e-05
 6.035469e-01  1.796476e-05
 6.045618e-01  1.737985e-05
 6.055766e-01  1.672846e-05
 6.065914e-01  1.601420e-05
 6.076062e-01  1.524097e-05
 6.086210e-01  1.441293e-05
 6.096359e-01  1.353447e-05
 6.106507e-01  1.261022e-05
 6.116655e-01  1.164496e-05
 6.126803e-01  1.064369e-05
 6.136951e-01  9.611523e-06
 6.147100e-01  8.553698e-06
 6.157248e-01  7.475550e-06
 6.167396e-01  6.382477e-06
 6.177544e-01  5.279918e-06
 6.187692e-01  4.173319e-06
 6.197840e-01  3.068112e-06
 6.207989e-01  1.969683e-06
 6.218137e-01  8.833486e-07
 6.228285e-01 -1.856730e-07
 6.238433e-01 -1.232286e-06
 6.248581e-01 -2.251546e-06
 6.258730e-01 -3.238678e-06
 6.268878e-01 -4.189105e-06
 6.279026e-01 -5.098465e-06
 6.289174e-01 -5.962636e-06
 6.299322e-01 -6.777747e-06
 6.309471e-01 -7.540204e-06
 6.319619e-01 -8.246696e-06
 6.329767e-01 -8.894218e-06
 6.339915e-01 -9.480076e-06
 6.350063e-01 -1.000190e-05
 6.360212e-01 -1.045765e-05
 6.370360e-01 -1.084563e-05
 6.380508e-01 -1.116449e-05
 6.390656e-01 -1.141321e-05
 6.400804e-01 -1.159116e-05
 6.410953e-01 -1.169802e-05
 6.421101e-01 -1.173386e-05
 6.431249e-01 -1.169906e-05
 6.441397e-01 -1.159439e-05
 6.451545e-01 -1.142092e-05
 6.461694e-01 -1.118009e-05
 6.471842e-01 -1.087363e-05
 6.481990e-01 -1.050361e-05
 6.492138e-01 -1.007238e-05
 6.502286e-01 -9.582596e-06
 6.512435e-01 -9.037174e-06
 6.522583e-01 -8.439289e-06
 6.532731e-01 -7.792355e-06
 6.542879e-01 -7.100001e-06
 6.553027e-01 -6.366059e-06
 6.563175e-01 -5.594535e-06
 6.573324e-01 -4.789593e-06
 6.583472e-01 -3.955530e-06
 6.593620e-01 -3.096754e-06
 6.603768e-01 -2.217761e-06
 6.613916e-01 -1.323114e-06
 6.624065e-01 -4.174157e-07
 6.634213e-01  4.947084e-07
 6.644361e-01  1.408637e-06
 6.654509e-01  2.319774e-06
 6.664657e-01  3.223571e-06
 6.674806e-01  4.115550e-06
 6.684954e-01  4.991322e-06
 6.695102e-01  5.846608e-06
 6.705250e-01  6.677264e-06
 6.715398e-01  7.479292e-06
 6.725547e-01  8.248868e-06
 6.735695e-01  8.982354e-06
 6.745843e-01  9.676315e-06
 6.755991e-01  1.032754e-05
 6.766139e-01  1.093305e-05
 6.776288e-01  1.149011e-05
 6.786436e-01  1.199625e-05
 6.796584e-01  1.244928e-05
 6.806732e-01  1.284727e-05
 6.816880e-01  1.318859e-05
 6.827029e-01  1.347191e-05
 6.837177e-01  1.369619e-05
 6.847325e-01  1.386068e-05
 6.857473e-01  1.396495e-05
 6.867621e-01  1.400888e-05
 6.877769e-01  1.399262e-05
 6.887918e-01  1.391664e-05
 6.898066e-01  1.378169e-05
 6.908214e-01  1.358883e-05
 6.918362e-01  1.333936e-05
 6.928510e-01  1.303488e-05
 6.938659e-01  1.267724e-05
 6.948807e-01  1.226854e-05
 6.958955e-01  1.181112e-05
 6.969103e-01  1.130753e-05
 6.979251e-01  1.076055e-05
 6.989400e-01  1.017315e-05
 6.999548e-01  9.548470e-06
 7.009696e-01  8.889815e-06
 7.019844e-01  8.200641e-06
 7.029992e-01  7.484526e-06
 7.040141e-01  6.745159e-06
 7.050289e-01  5.986319e-06
 7.060437e-01  5.211854e-06
 7.070585e-01  4.425662e-06
 7.080733e-01  3.631672e-06
 7.090882e-01  2.833825e-06
 7.101030e-01  2.036052e-06
 7.111178e-01  1.242256e-06
 7.121326e-01  4.562901e-07
 7.131474e-01 -3.180571e-07
 7.141623e-01 -1.077084e-06
 7.151771e-01 -1.817191e-06
 7.161919e-01 -2.534901e-06
 7.172067e-01 -3.226869e-06
 7.182215e-01 -3.889907e-06
 7.192364e-01 -4.520988e-06
 7.202512e-01 -5.117269e-06
 7.212660e-01 -5.676099e-06
 7.222808e-01 -6.195030e-06
 7.232956e-01 -6.671828e-06
 7.243104e-01 -7.104485e-06
 7.253253e-01 -7.491223e-06
 7.263401e-01 -7.830506e-06
 7.273549e-01 -8.121039e-06
 7.283697e-01 -8.361782e-06
 7.293845e-01 -8.551945e-06
 7.303994e-01 -8.690994e-06
 7.314142e-01 -8.778651e-06
 7.324290e-01 -8.814898e-06
 7.334438e-01 -8.799965e-06
 7.344586e-01 -8.734340e-06
 7.354735e-01 -8.618755e-06
 7.364883e-01 -8.454186e-06
 7.375031e-01 -8.241844e-06
 7.385179e-01 -7.983167e-06
 7.395327e-01 -7.679814e-06
 7.405476e-01 -7.333652e-06
 7.415624e-01 -6.946748e-06
 7.425772e-01 -6.521354e-06
 7.435920e-01 -6.059896e-06
 7.446068e-01 -5.564961e-06
 7.456217e-01 -5.039283e-06
 7.466365e-01 -4.485726e-06
 7.476513e-01 -3.907273e-06
 7.486661e-01 -3.307006e-06
 7.496809e-01 -2.688092e-06
 7.506958e-01 -2.053768e-06
 7.517106e-01 -1.407325e-06
 7.527254e-01 -7.520853e-07
 7.537402e-01 -9.139455e-08
 7.547550e-01  5.714010e-07
 7.557699e-01  1.232968e-06
 7.567847e-01  1.890005e-06
 7.577995e-01  2.539254e-06
 7.588143e-01  3.177521e-06
 7.598291e-01  3.801688e-06
 7.608439e-01  4.408729e-06
 7.618588e-01  4.995728e-06
 7.628736e-01  5.559885e-06
 7.638884e-01  6.098535e-06
 7.649032e-01  6.609160e-06
 7.659180e-01  7.089398e-06
 7.669329e-01  7.537054e-06
 7.679477e-01  7.950112e-06
 7.689625e-01  8.326744e-06
 7.699773e-01  8.665312e-06
 7.709921e-01  8.964383e-06
 7.720070e-01  9.222726e-06
 7.730218e-01  9.439326e-06
 7.740366e-01  9.613377e-06
 7.750514e-01  9.744295e-06
 7.760662e-01  9.831710e-06
 7.770811e-01  9.875471e-06
 7.780959e-01  9.875645e-06
 7.791107e-01  9.832514e-06
 7.801255e-01  9.746573e-06
 7.811403e-01  9.618523e-06
 7.821552e-01  9.449271e-06
 7.831700e-01  9.239919e-06
 7.841848e-01  8.991761e-06
 7.851996e-01  8.706274e-06
 7.862144e-01  8.385108e-06
 7.872293e-01  8.030079e-06
 7.882441e-01  7.643158e-06
 7.892589e-01  7.226459e-06
 7.902737e-01  6.782228e-06
 7.912885e-01  6.312834e-06
 7.923033e-01  5.820752e-06
 7.933182e-01  5.308551e-06
 7.943330e-01  4.778883e-06
 7.953478e-01  4.234467e-06
 7.963626e-01  3.678077e-06
 7.973774e-01  3.112522e-06
 7.983923e-01  2.540642e-06
 7.994071e-01  1.965284e-06
 8.004219e-01  1.389293e-06
 8.014367e-01  8.154962e-07
 8.024515e-01  2.466891e-07
 8.034664e-01 -3.143773e-07
 8.044812e-01 -8.650102e-07
 8.054960e-01 -1.402588e-06
 8.065108e-01 -1.924572e-06
 8.075256e-01 -2.428520e-06
 8.085405e-01 -2.912096e-06
 8.095553e-01 -3.373082e-06
 8.105701e-01 -3.809387e-06
 8.115849e-01 -4.219057e-06
 8.125997e-01 -4.600284e-06
 8.136146e-01 -4.951414e-06
 8.146294e-01 -5.270953e-06
 8.156442e-01 -5.557574e-06
 8.166590e-01 -5.810122e-06
 8.176738e-01 -6.027619e-06
 8.186887e-01 -6.209268e-06
 8.197035e-01 -6.354454e-06
 8.207183e-01 -6.462747e-06
 8.217331e-01 -6.533905e-06
 8.227479e-01 -6.567867e-06
 8.237628e-01 -6.564762e-06
 8.247776e-01 -6.524897e-06
 8.257924e-01 -6.448761e-06
 8.268072e-01 -6.337019e-06
 8.278220e-01 -6.190506e-06
 8.288368e-01 -6.010225e-06
 8.298517e-01 -5.797336e-06
 8.308665e-01 -5.553156e-06
 8.318813e-01 -5.279142e-06
 8.328961e-01 -4.976893e-06
 8.339109e-01 -4.648133e-06
 8.349258e-01 -4.294705e-06
 8.359406e-01 -3.918560e-06
 8.369554e-01 -3.521748e-06
 8.379702e-01 -3.106407e-06
 8.389850e-01 -2.674749e-06
 8.399999e-01 -2.229053e-06
 8.410147e-01 -1.771648e-06
 8.420295e-01 -1.304906e-06
 8.430443e-01 -8.312285e-07
 8.440591e-01 -3.530316e-07
 8.450740e-01  1.272620e-07
 8.460888e-01  6.072370e-07
 8.471036e-01  1.084497e-06
 8.481184e-01  1.556677e-06
 8.491332e-01  2.021455e-06
 8.501481e-01  2.476560e-06
 8.511629e-01  2.919788e-06
 8.521777e-01  3.349009e-06
 8.531925e-01  3.762177e-06
 8.542073e-01  4.157341e-06
 8.552222e-01  4.532654e-06
 8.562370e-01  4.886382e-06
 8.572518e-01  5.216906e-06
 8.582666e-01  5.522740e-06
 8.592814e-01  5.802526e-06
 8.602963e-01  6.055048e-06
 8.613111e-01  6.279232e-06
 8.623259e-01  6.474154e-06
 8.633407e-01  6.639040e-06
 8.643555e-01  6.773272e-06
 8.653703e-01  6.876386e-06
 8.663852e-01  6.948079e-06
 8.674000e-01  6.988201e-06
 8.684148e-01  6.996765e-06
 8.694296e-01  6.973935e-06
 8.704444e-01  6.920032e-06
 8.714593e-01  6.835529e-06
 8.724741e-01  6.721045e-06
 8.734889e-01  6.577345e-06
 8.745037e-01  6.405333e-06
 8.755185e-01  6.206045e-06
 8.765334e-01  5.980647e-06
 8.775482e-01  5.730425e-06
 8.785630e-01  5.456777e-06
 8.795778e-01  5.161211e-06
 8.805926e-01  4.845329e-06
 8.816075e-01  4.510824e-06
 8.826223e-01  4.159469e-06
 8.836371e-01  3.793107e-06
 8.846519e-01  3.413643e-06
 8.856667e-01  3.023033e-06
 8.866816e-01  2.623272e-06
 8.876964e-01  2.216390e-06
 8.887112e-01  1.804434e-06
 8.897260e-01  1.389463e-06
 8.907408e-01  9.735356e-07
 8.917557e-01  5.587008e-07
 8.927705e-01  1.469868e-07
 8.937853e-01 -2.596076e-07
 8.948001e-01 -6.591237e-07
 8.958149e-01 -1.049652e-06
 8.968298e-01 -1.429341e-06
 8.978446e-01 -1.796406e-06
 8.988594e-01 -2.149138e-06
 8.998742e-01 -2.485911e-06
 9.008890e-01 -2.805189e-06
 9.019038e-01 -3.105534e-06
 9.029187e-01 -3.385613e-06
 9.039335e-01 -3.644202e-06
 9.049483e-01 -3.880191e-06
 9.059631e-01 -4.092591e-06
 9.069779e-01 -4.280538e-06
 9.079928e-01 -4.443292e-06
 9.090076e-01 -4.580246e-06
 9.100224e-01 -4.690925e-06
 9.110372e-01 -4.774985e-06
 9.120520e-01 -4.832217e-06
 9.130669e-01 -4.862549e-06
 9.140817e-01 -4.866039e-06
 9.150965e-01 -4.842880e-06
 9.161113e-01 -4.793393e-06
 9.171261e-01 -4.718030e-06
 9.181410e-01 -4.617365e-06
 9.191558e-01 -4.492094e-06
 9.201706e-01 -4.343030e-06
 9.211854e-01 -4.171097e-06
 9.222002e-01 -3.977327e-06
 9.232151e-01 -3.762851e-06
 9.242299e-01 -3.528895e-06
 9.252447e-01 -3.276771e-06
 9.262595e-01 -3.007873e-06
 9.272743e-01 -2.723668e-06
 9.282892e-01 -2.425686e-06
 9.293040e-01 -2.115517e-06
 9.303188e-01 -1.794798e-06
 9.313336e-01 -1.465205e-06
 9.323484e-01 -1.128449e-06
 9.333632e-01 -7.862618e-07
 9.343781e-01 -4.403898e-07
 9.353929e-01 -9.258552e-08
 9.364077e-01  2.554021e-07
 9.374225e-01  6.018357e-07
 9.384373e-01  9.449987e-07
 9.394522e-01  1.283203e-06
 9.404670e-01  1.614796e-06
 9.414818e-01  1.938173e-06
 9.424966e-01  2.251778e-06
 9.435114e-01  2.554117e-06
 9.445263e-01  2.843763e-06
 9.455411e-01  3.119361e-06
 9.465559e-01  3.379635e-06
 9.475707e-01  3.623396e-06
 9.485855e-01  3.849544e-06
 9.496004e-01  4.057075e-06
 9.506152e-01  4.245084e-06
 9.516300e-01  4.412769e-06
 9.526448e-01  4.559436e-06
 9.536596e-01  4.684498e-06
 9.546745e-01  4.787481e-06
 9.556893e-01  4.868022e-06
 9.567041e-01  4.925874e-06
 9.577189e-01  4.960902e-06
 9.587337e-01  4.973087e-06
 9.597486e-01  4.962522e-06
 9.607634e-01  4.929411e-06
 9.617782e-01  4.874071e-06
 9.627930e-01  4.796925e-06
 9.638078e-01  4.698502e-06
 9.648227e-01  4.579430e-06
 9.658375e-01  4.440438e-06
 9.668523e-01  4.282346e-06
 9.678671e-01  4.106065e-06
 9.688819e-01  3.912588e-06
 9.698967e-01  3.702986e-06
 9.709116e-01  3.478403e-06
 9.719264e-01  3.240047e-06
 9.729412e-01  2.989189e-06
 9.739560e-01  2.727149e-06
 9.749708e-01  2.455295e-06
 9.759857e-01  2.175033e-06
 9.770005e-01  1.887802e-06
 9.780153e-01  1.595062e-06
 9.790301e-01  1.298294e-06
 9.800449e-01  9.989834e-07
 9.810598e-01  6.986216e-07
 9.820746e-01  3.986927e-07
 9.830894e-01  1.006682e-07
 9.841042e-01 -1.940005e-07
 9.851190e-01 -4.838890e-07
 9.861339e-01 -7.676068e-07
 9.871487e-01 -1.043804e-06
 9.881635e-01 -1.311177e-06
 9.891783e-01 -1.568476e-06
 9.901931e-01 -1.814510e-06
 9.912080e-01 -2.048152e-06
 9.922228e-01 -2.268345e-06
 9.932376e-01 -2.474105e-06
 9.942524e-01 -2.664527e-06
 9.952672e-01 -2.838790e-06
 9.962821e-01 -2.996156e-06
 9.972969e-01 -3.135978e-06
 9.983117e-01 -3.257700e-06
 9.993265e-01 -3.360859e-06
 1.000341e+00 -3.445089e-06
 1.001356e+00 -3.510119e-06
 1.002371e+00 -3.555773e-06
 1.003386e+00 -3.581976e-06
 1.004401e+00 -3.588748e-06
 1.005415e+00 -3.576203e-06
 1.006430e+00 -3.544554e-06
 1.007445e+00 -3.494103e-06
 1.008460e+00 -3.425245e-06
 1.009475e+00 -3.338463e-06
 1.010490e+00 -3.234325e-06
 1.011504e+00 -3.113480e-06
 1.012519e+00 -2.976655e-06
 1.013534e+00 -2.824653e-06
 1.014549e+00 -2.658343e-06
 1.015564e+00 -2.478661e-06
 1.016578e+00 -2.286601e-06
 1.017593e+00 -2.083212e-06
 1.018608e+00 -1.869591e-06
 1.019623e+00 -1.646878e-06
 1.020638e+00 -1.416248e-06
 1.021653e+00 -1.178909e-06
 1.022667e+00 -9.360927e-07
 1.023682e+00 -6.890485e-07
 1.024697e+00 -4.390378e-07
 1.025712e+00 -1.873277e-07
 1.026727e+00  6.481571e-08
 1.027741e+00  3.161332e-07
 1.028756e+00  5.653789e-07
 1.029771e+00  8.113261e-07
 1.030786e+00  1.052773e-06
 1.031801e+00  1.288551e-06
 1.032816e+00  1.517524e-06
 1.033830e+00  1.738602e-06
 1.034845e+00  1.950740e-06
 1.035860e+00  2.152944e-06
 1.036875e+00  2.344278e-06
 1.037890e+00  2.523867e-06
 1.038904e+00  2.690898e-06
 1.039919e+00  2.844630e-06
 1.040934e+00  2.984389e-06
 1.041949e+00  3.109577e-06
 1.042964e+00  3.219674e-06
 1.043979e+00  3.314235e-06
 1.044993e+00  3.392899e-06
 1.046008e+00  3.455385e-06
 1.047023e+00  3.501491e-06
 1.048038e+00  3.531103e-06
 1.049053e+00  3.544185e-06
 1.050067e+00  3.540786e-06
 1.051082e+00  3.521035e-06
 1.052097e+00  3.485141e-06
 1.053112e+00  3.433392e-06
 1.054127e+00  3.366151e-06
 1.055142e+00  3.283859e-06
 1.056156e+00  3.187023e-06
 1.057171e+00  3.076222e-06
 1.058186e+00  2.952099e-06
 1.059201e+00  2.815358e-06
 1.060216e+00  2.666762e-06
 1.061230e+00  2.507124e-06
 1.062245e+00  2.337309e-06
 1.063260e+00  2.158225e-06
 1.064275e+00  1.970819e-06
 1.065290e+00  1.776073e-06
 1.066305e+00  1.574997e-06
 1.067319e+00  1.368626e-06
 1.068334e+00  1.158015e-06
 1.069349e+00  9.442304e-07
 1.070364e+00  7.283474e-07
 1.071379e+00  5.114438e-07
 1.072394e+00  2.945948e-07
 1.073408e+00  7.886750e-08
 1.074423e+00 -1.346843e-07
 1.075438e+00 -3.450252e-07
 1.076453e+00 -5.511427e-07
 1.077468e+00 -7.520529e-07
 1.078482e+00 -9.468048e-07
 1.079497e+00 -1.134484e-06
 1.080512e+00 -1.314220e-06
 1.081527e+00 -1.485184e-06
 1.082542e+00 -1.646600e-06
 1.083557e+00 -1.797744e-06
 1.084571e+00 -1.937947e-06
 1.085586e+00 -2.066599e-06
 1.086601e+00 -2.183153e-06
 1.087616e+00 -2.287125e-06
 1.088631e+00 -2.378097e-06
 1.089645e+00 -2.455717e-06
 1.090660e+00 -2.519704e-06
 1.091675e+00 -2.569845e-06
 1.092690e+00 -2.605997e-06
 1.093705e+00 -2.628088e-06
 1.094720e+00 -2.636114e-06
 1.095734e+00 -2.630145e-06
 1.096749e+00 -2.610314e-06
 1.097764e+00 -2.576827e-06
 1.098779e+00 -2.529952e-06
 1.099794e+00 -2.470025e-06
 1.100808e+00 -2.397440e-06
 1.101823e+00 -2.312654e-06
 1.102838e+00 -2.216180e-06
 1.103853e+00 -2.108584e-06
 1.104868e+00 -1.990486e-06
 1.105883e+00 -1.862551e-06
 1.106897e+00 -1.725487e-06
 1.107912e+00 -1.580045e-06
 1.108927e+00 -1.427010e-06
 1.109942e+00 -1.267198e-06
 1.110957e+00 -1.101456e-06
 1.111971e+00 -9.306516e-07
 1.112986e+00 -7.556712e-07
 1.114001e+00 -5.774161e-07
 1.115016e+00 -3.967972e-07
 1.116031e+00 -2.147303e-07
 1.117046e+00 -3.213203e-08
 1.118060e+00  1.500853e-07
 1.119075e+00  3.310179e-07
 1.120090e+00  5.097747e-07
 1.121105e+00  6.854820e-07
 1.122120e+00  8.572878e-07
 1.123134e+00  1.024365e-06
 1.124149e+00  1.185916e-06
 1.125164e+00  1.341178e-06
 1.126179e+00  1.489422e-06
 1.127194e+00  1.629961e-06
 1.128209e+00  1.762150e-06
 1.129223e+00  1.885392e-06
 1.130238e+00  1.999137e-06
 1.131253e+00  2.102885e-06
 1.132268e+00  2.196192e-06
 1.133283e+00  2.278667e-06
 1.134297e+00  2.349976e-06
 1.135312e+00  2.409842e-06
 1.136327e+00  2.458047e-06
 1.137342e+00  2.494434e-06
 1.138357e+00  2.518903e-06
 1.139372e+00  2.531415e-06
 1.140386e+00  2.531991e-06
 1.141401e+00  2.520710e-06
 1.142416e+00  2.497711e-06
 1.143431e+00  2.463186e-06
 1.144446e+00  2.417388e-06
 1.145461e+00  2.360620e-06
 1.146475e+00  2.293238e-06
 1.147490e+00  2.215650e-06
 1.148505e+00  2.128308e-06
 1.149520e+00  2.031713e-06
 1.150535e+00  1.926406e-06
 1.151549e+00  1.812966e-06
 1.152564e+00  1.692011e-06
 1.153579e+00  1.564190e-06
 1.154594e+00  1.430182e-06
 1.155609e+00  1.290691e-06
 1.156624e+00  1.146444e-06
 1.157638e+00  9.981846e-07
 1.158653e+00  8.466734e-07
 1.159668e+00  6.926799e-07
 1.160683e+00  5.369809e-07
 1.161698e+00  3.803557e-07
 1.162712e+00  2.235829e-07
 1.163727e+00  6.743606e-08
 1.164742e+00 -8.731975e-08
 1.165757e+00 -2.399320e-07
 1.166772e+00 -3.896642e-07
 1.167787e+00 -5.357994e-07
 1.168801e+00 -6.776438e-07
 1.169816e+00 -8.145294e-07
 1.170831e+00 -9.458180e-07
 1.171846e+00 -1.070903e-06
 1.172861e+00 -1.189215e-06
 1.173875e+00 -1.300218e-06
 1.174890e+00 -1.403421e-06
 1.175905e+00 -1.498372e-06
 1.176920e+00 -1.584664e-06
 1.177935e+00 -1.661935e-06
 1.178950e+00 -1.729872e-06
 1.179964e+00 -1.788209e-06
 1.180979e+00 -1.836730e-06
 1.181994e+00 -1.875268e-06
 1.183009e+00 -1.903709e-06
 1.184024e+00 -1.921988e-06
 1.185038e+00 -1.930091e-06
 1.186053e+00 -1.928054e-06
 1.187068e+00 -1.915964e-06
 1.188083e+00 -1.893957e-06
 1.189098e+00 -1.862216e-06
 1.190113e+00 -1.820972e-06
 1.191127e+00 -1.770501e-06
 1.192142e+00 -1.711123e-06
 1.193157e+00 -1.643198e-06
 1.194172e+00 -1.567128e-06
 1.195187e+00 -1.483352e-06
 1.196201e+00 -1.392342e-06
 1.197216e+00 -1.294604e-06
 1.198231e+00 -1.190674e-06
 1.199246e+00 -1.081115e-06
 1.200261e+00 -9.665110e-07
 1.201276e+00 -8.474699e-07
 1.202290e+00 -7.246156e-07
 1.203305e+00 -5.985866e-07
 1.204320e+00 -4.700327e-07
 1.205335e+00 -3.396113e-07
 1.206350e+00 -2.079842e-07
 1.207364e+00 -7.581468e-08
 1.208379e+00  5.623649e-08
 1.209394e+00  1.875137e-07
 1.210409e+00  3.173701e-07
 1.211424e+00  4.451702e-07
 1.212439e+00  5.702937e-07
 1.213453e+00  6.921378e-07
 1.214468e+00  8.101205e-07
 1.215483e+00  9.236831e-07
 1.216498e+00  1.032293e-06
 1.217513e+00  1.135445e-06
 1.218528e+00  1.232666e-06
 1.219542e+00  1.323515e-06
 1.220557e+00  1.407585e-06
 1.221572e+00  1.484508e-06
 1.222587e+00  1.553951e-06
 1.223602e+00  1.615622e-06
 1.224616e+00  1.669270e-06
 1.225631e+00  1.714685e-06
 1.226646e+00  1.751698e-06
 1.227661e+00  1.780185e-06
 1.228676e+00  1.800065e-06
 1.229691e+00  1.811298e-06
 1.230705e+00  1.813890e-06
 1.231720e+00  1.807887e-06
 1.232735e+00  1.793379e-06
 1.233750e+00  1.770496e-06
 1.234765e+00  1.739412e-06
 1.235779e+00  1.700336e-06
 1.236794e+00  1.653516e-06
 1.237809e+00  1.599240e-06
 1.238824e+00  1.537827e-06
 1.239839e+00  1.469630e-06
 1.240854e+00  1.395034e-06
 1.241868e+00  1.314452e-06
 1.242883e+00  1.228325e-06
 1.243898e+00  1.137116e-06
 1.244913e+00  1.041311e-06
 1.245928e+00  9.414156e-07
 1.246942e+00  8.379523e-07
 1.247957e+00  7.314564e-07
 1.248972e+00  6.224750e-07
 1.249987e+00  5.115635e-07
 1.251002e+00  3.992825e-07
 1.252017e+00  2.861959e-07
 1.253031e+00  1.728672e-07
 1.254046e+00  5.985706e-08
 1.255061e+00 -5.227950e-08
 1.256076e+00 -1.629957e-07
 1.257091e+00 -2.717559e-07
 1.258105e+00 -3.780378e-07
 1.259120e+00 -4.813352e-07
 1.260135e+00 -5.811604e-07
 1.261150e+00 -6.770462e-07
 1.262165e+00 -7.685486e-07
 1.263180e+00 -8.552483e-07
 1.264194e+00 -9.367527e-07
 1.265209e+00 -1.012698e-06
 1.266224e+00 -1.082750e-06
 1.267239e+00 -1.146607e-06
 1.268254e+00 -1.204000e-06
 1.269268e+00 -1.254692e-06
 1.270283e+00 -1.298484e-06
 1.271298e+00 -1.335211e-06
 1.272313e+00 -1.364743e-06
 1.273328e+00 -1.386988e-06
 1.274343e+00 -1.401891e-06
 1.275357e+00 -1.409433e-06
 1.276372e+00 -1.409631e-06
 1.277387e+00 -1.402541e-06
 1.278402e+00 -1.388250e-06
 1.279417e+00 -1.366885e-06
 1.280431e+00 -1.338603e-06
 1.281446e+00 -1.303596e-06
 1.282461e+00 -1.262089e-06
 1.283476e+00 -1.214335e-06
 1.284491e+00 -1.160618e-06
 1.285506e+00 -1.101248e-06
 1.286520e+00 -1.036563e-06
 1.287535e+00 -9.669216e-07
 1.288550e+00 -8.927073e-07
 1.289565e+00 -8.143220e-07
 1.290580e+00 -7.321856e-07
 1.291595e+00 -6.467334e-07
 1.292609e+00 -5.584141e-07
 1.293624e+00 -4.676874e-07
 1.294639e+00 -3.750215e-07
 1.295654e+00 -2.808908e-07
 1.296669e+00 -1.857735e-07
 1.297683e+00 -9.014917e-08
 1.298698e+00  5.503508e-09
 1.299713e+00  1.007092e-07
 1.300728e+00  1.949981e-07
 1.301743e+00  2.879087e-07
 1.302758e+00  3.789893e-07
 1.303772e+00  4.678007e-07
 1.304787e+00  5.539182e-07
 1.305802e+00  6.369334e-07
 1.306817e+00  7.164561e-07
 1.307832e+00  7.921164e-07
 1.308846e+00  8.635662e-07
 1.309861e+00  9.304808e-07
 1.310876e+00  9.925602e-07
 1.311891e+00  1.049531e-06
 1.312906e+00  1.101145e-06
 1.313921e+00  1.147186e-06
 1.314935e+00  1.187464e-06
 1.315950e+00  1.221820e-06
 1.316965e+00  1.250124e-06
 1.317980e+00  1.272281e-06
 1.318995e+00  1.288222e-06
 1.320009e+00  1.297912e-06
 1.321024e+00  1.301348e-06
 1.322039e+00  1.298555e-06
 1.323054e+00  1.289592e-06
 1.324069e+00  1.274546e-06
 1.325084e+00  1.253534e-06
 1.326098e+00  1.226702e-06
 1.327113e+00  1.194223e-06
 1.328128e+00  1.156299e-06
 1.329143e+00  1.113153e-06
 1.330158e+00  1.065038e-06
 1.331172e+00  1.012224e-06
 1.332187e+00  9.550074e-07
 1.333202e+00  8.937005e-07
 1.334217e+00  8.286357e-07
 1.335232e+00  7.601607e-07
 1.336247e+00  6.886380e-07
 1.337261e+00  6.144424e-07
 1.338276e+00  5.379592e-07
 1.339291e+00  4.595822e-07
 1.340306e+00  3.797120e-07
 1.341321e+00  2.987535e-07
 1.342335e+00  2.171140e-07
 1.343350e+00  1.352015e-07
 1.344365e+00  5.342197e-08
 1.345380e+00 -2.782179e-08
 1.346395e+00 -1.081327e-07
 1.347410e+00 -1.871212e-07
 1.348424e+00 -2.644069e-07
 1.349439e+00 -3.396209e-07
 1.350454e+00 -4.124069e-07
 1.351469e+00 -4.824235e-07
 1.352484e+00 -5.493452e-07
 1.353498e+00 -6.128642e-07
 1.354513e+00 -6.726920e-07
 1.355528e+00 -7.285601e-07
 1.356543e+00 -7.802219e-07
 1.357558e+00 -8.274532e-07
 1.358573e+00 -8.700533e-07
 1.359587e+00 -9.078459e-07
 1.360602e+00 -9.406800e-07
 1.361617e+00 -9.684298e-07
 1.362632e+00 -9.909960e-07
 1.363647e+00 -1.008305e-06
 1.364662e+00 -1.020312e-06
 1.365676e+00 -1.026994e-06
 1.366691e+00 -1.028360e-06
 1.367706e+00 -1.024442e-06
 1.368721e+00 -1.015299e-06
 1.369736e+00 -1.001014e-06
 1.370750e+00 -9.816976e-07
 1.371765e+00 -9.574816e-07
 1.372780e+00 -9.285228e-07
 1.373795e+00 -8.949998e-07
 1.374810e+00 -8.571128e-07
 1.375825e+00 -8.150819e-07
 1.376839e+00 -7.691461e-07
 1.377854e+00 -7.195621e-07
 1.378869e+00 -6.666027e-07
 1.379884e+00 -6.105555e-07
 1.380899e+00 -5.517214e-07
 1.381913e+00 -4.904128e-07
 1.382928e+00 -4.269519e-07
 1.383943e+00 -3.616697e-07
 1.384958e+00 -2.949033e-07
 1.385973e+00 -2.269949e-07
 1.386988e+00 -1.582901e-07
 1.388002e+00 -8.913559e-08
 1.389017e+00 -1.987799e-08
 1.390032e+00  4.913816e-08
 1.391047e+00  1.175720e-07
 1.392062e+00  1.850881e-07
 1.393076e+00  2.513579e-07
 1.394091e+00  3.160614e-07
 1.395106e+00  3.788886e-07
 1.396121e+00  4.395413e-07
 1.397136e+00  4.977340e-07
 1.398151e+00  5.531954e-07
 1.399165e+00  6.056700e-07
 1.400180e+00  6.549186e-07
 1.401195e+00  7.007199e-07
 1.402210e+00  7.428711e-07
 1.403225e+00  7.811892e-07
 1.404239e+00  8.155113e-07
 1.405254e+00  8.456955e-07
 1.406269e+00  8.716215e-07
 1.407284e+00  8.931908e-07
 1.408299e+00  9.103273e-07
 1.409314e+00  9.229775e-07
 1.410328e+00  9.311102e-07
 1.411343e+00  9.347171e-07
 1.412358e+00  9.338122e-07
 1.413373e+00  9.284318e-07
 1.414388e+00  9.186340e-07
 1.415402e+00  9.044985e-07
 1.416417e+00  8.861259e-07
 1.417432e+00  8.636369e-07
 1.418447e+00  8.371717e-07
 1.419462e+00  8.068895e-07
 1.420477e+00  7.729668e-07
 1.421491e+00  7.355972e-07
 1.422506e+00  6.949899e-07
 1.423521e+00  6.513683e-07
 1.424536e+00  6.049697e-07
 1.425551e+00  5.560428e-07
 1.426565e+00  5.048474e-07
 1.427580e+00  4.516527e-07
 1.428595e+00  3.967357e-07
 1.429610e+00  3.403799e-07
 1.430625e+00  2.828740e-07
 1.431640e+00  2.245101e-07
 1.432654e+00  1.655828e-07
 1.433669e+00  1.063870e-07
 1.434684e+00  4.721698e-08
 1.435699e+00 -1.163521e-08
 1.436714e+00 -6.988128e-08
 1.437729e+00 -1.272380e-07
 1.438743e+00 -1.834286e-07
 1.439758e+00 -2.381840e-07
 1.440773e+00 -2.912444e-07
 1.441788e+00 -3.423598e-07
 1.442803e+00 -3.912922e-07
 1.443817e+00 -4.378157e-07
 1.444832e+00 -4.817182e-07
 1.445847e+00 -5.228019e-07
 1.446862e+00 -5.608846e-07
 1.447877e+00 -5.958001e-07
 1.448892e+00 -6.273991e-07
 1.449906e+00 -6.555500e-07
 1.450921e+00 -6.801388e-07
 1.451936e+00 -7.010704e-07
 1.452951e+00 -7.182682e-07
 1.453966e+00 -7.316748e-07
 1.454980e+00 -7.412519e-07
 1.455995e+00 -7.469803e-07
 1.457010e+00 -7.488602e-07
 1.458025e+00 -7.469109e-07
 1.459040e+00 -7.411702e-07
 1.460055e+00 -7.316947e-07
 1.461069e+00 -7.185588e-07
 1.462084e+00 -7.018548e-07
 1.463099e+00 -6.816917e-07
 1.464114e+00 -6.581951e-07
 1.465129e+00 -6.315058e-07
 1.466143e+00 -6.017799e-07
 1.467158e+00 -5.691869e-07
 1.468173e+00 -5.339096e-07
 1.469188e+00 -4.961427e-07
 1.470203e+00 -4.560916e-07
 1.471218e+00 -4.139719e-07
 1.472232e+00 -3.700075e-07
 1.473247e+00 -3.244300e-07
 1.474262e+00 -2.774773e-07
 1.475277e+00 -2.293923e-07
 1.476292e+00 -1.804219e-07
 1.477306e+00 -1.308155e-07
 1.478321e+00 -8.082380e-08
 1.479336e+00 -3.069761e-08
 1.480351e+00  1.931337e-08
 1.481366e+00  6.896185e-08
 1.482381e+00  1.180041e-07
 1.483395e+00  1.662012e-07
 1.484410e+00  2.133200e-07
 1.485425e+00  2.591346e-07
 1.486440e+00  3.034271e-07
 1.487455e+00  3.459888e-07
 1.488469e+00  3.866207e-07
 1.489484e+00  4.251354e-07
 1.490499e+00  4.613567e-07
 1.491514e+00  4.951216e-07
 1.492529e+00  5.262801e-07
 1.493544e+00  5.546962e-07
 1.494558e+00  5.802488e-07
 1.495573e+00  6.028313e-07
 1.496588e+00  6.223531e-07
 1.497603e+00  6.387390e-07
 1.498618e+00  6.519302e-07
 1.499632e+00  6.618839e-07
 1.500647e+00  6.685739e-07
 1.501662e+00  6.719900e-07
 1.502677e+00  6.721386e-07
 1.503692e+00  6.690421e-07
 1.504707e+00  6.627387e-07
 1.505721e+00  6.532824e-07
 1.506736e+00  6.407424e-07
 1.507751e+00  6.252024e-07
 1.508766e+00  6.067607e-07
 1.509781e+00  5.855292e-07
 1.510796e+00  5.616324e-07
 1.511810e+00  5.352077e-07
 1.512825e+00  5.064036e-07
 1.513840e+00  4.753795e-07
 1.514855e+00  4.423045e-07
 1.515870e+00  4.073567e-07
 1.516884e+00  3.707223e-07
 1.517899e+00  3.325944e-07
 1.518914e+00  2.931719e-07
 1.519929e+00  2.526591e-07
 1.520944e+00  2.112639e-07
 1.521959e+00  1.691972e-07
 1.522973e+00  1.266716e-07
 1.523988e+00  8.390050e-08
 1.525003e+00  4.109705e-08
 1.526018e+00 -1.527092e-09
 1.527033e+00 -4.376265e-08
 1.528047e+00 -8.540380e-08
 1.529062e+00 -1.262491e-07
 1.530077e+00 -1.661025e-07
 1.531092e+00 -2.047744e-07
 1.532107e+00 -2.420822e-07
 1.533122e+00 -2.778516e-07
 1.534136e+00 -3.119170e-07
 1.535151e+00 -3.441225e-07
 1.536166e+00 -3.743225e-07
 1.537181e+00 -4.023825e-07
 1.538196e+00 -4.281794e-07
 1.539210e+00 -4.516023e-07
 1.540225e+00 -4.725528e-07
 1.541240e+00 -4.909455e-07
 1.542255e+00 -5.067082e-07
 1.543270e+00 -5.197823e-07
 1.544285e+00 -5.301229e-07
 1.545299e+00 -5.376990e-07
 1.546314e+00 -5.424934e-07
 1.547329e+00 -5.445029e-07
 1.548344e+00 -5.437381e-07
 1.549359e+00 -5.402232e-07
 1.550373e+00 -5.339959e-07
 1.551388e+00 -5.251070e-07
 1.552403e+00 -5.136202e-07
 1.553418e+00 -4.996114e-07
 1.554433e+00 -4.831686e-07
 1.555448e+00 -4.643911e-07
 1.556462e+00 -4.433893e-07
 1.557477e+00 -4.202834e-07
 1.558492e+00 -3.952035e-07
 1.559507e+00 -3.682883e-07
 1.560522e+00 -3.396847e-07
 1.561536e+00 -3.095469e-07
 1.562551e+00 -2.780355e-07
 1.563566e+00 -2.453168e-07
 1.564581e+00 -2.115619e-07
 1.565596e+00 -1.769456e-07
 1.566611e+00 -1.416459e-07
 1.567625e+00 -1.058429e-07
 1.568640e+00 -6.971767e-08
 1.569655e+00 -3.345182e-08
 1.570670e+00  2.773783e-09
 1.571685e+00  3.877977e-08
 1.572699e+00  7.438916e-08
 1.573714e+00  1.094282e-07
 1.574729e+00  1.437273e-07
 1.575744e+00  1.771216e-07
 1.576759e+00  2.094521e-07
 1.577774e+00  2.405661e-07
 1.578788e+00  2.703179e-07
 1.579803e+00  2.985700e-07
 1.580818e+00  3.251929e-07
 1.581833e+00  3.500664e-07
 1.582848e+00  3.730796e-07
 1.583862e+00  3.941318e-07
 1.584877e+00  4.131326e-07
 1.585892e+00  4.300024e-07
 1.586907e+00  4.446730e-07
 1.587922e+00  4.570873e-07
 1.588937e+00  4.671998e-07
 1.589951e+00  4.749768e-07
 1.590966e+00  4.803964e-07
 1.591981e+00  4.834486e-07
 1.592996e+00  4.841350e-07
 1.594011e+00  4.824692e-07
 1.595026e+00  4.784759e-07
 1.596040e+00  4.721917e-07
 1.597055e+00  4.636638e-07
 1.598070e+00  4.529505e-07
 1.599085e+00  4.401202e-07
 1.600100e+00  4.252516e-07
 1.601114e+00  4.084327e-07
 1.602129e+00  3.897605e-07
 1.603144e+00  3.693407e-07
 1.604159e+00  3.472867e-07
 1.605174e+00  3.237193e-07
 1.606189e+00  2.987657e-07
 1.607203e+00  2.725592e-07
 1.608218e+00  2.452384e-07
 1.609233e+00  2.169464e-07
 1.610248e+00  1.878298e-07
 1.611263e+00  1.580387e-07
 1.612277e+00  1.277250e-07
 1.613292e+00  9.704239e-08
 1.614307e+00  6.614512e-08
 1.615322e+00  3.518745e-08
 1.616337e+00  4.322801e-09
 1.617352e+00 -2.629695e-08
 1.618366e+00 -5.652223e-08
 1.619381e+00 -8.620652e-08
 1.620396e+00 -1.152071e-07
 1.621411e+00 -1.433855e-07
 1.622426e+00 -1.706084e-07
 1.623440e+00 -1.967484e-07
 1.624455e+00 -2.216839e-07
 1.625470e+00 -2.453006e-07
 1.626485e+00 -2.674913e-07
 1.627500e+00 -2.881567e-07
 1.628515e+00 -3.072058e-07
 1.629529e+00 -3.245563e-07
 1.630544e+00 -3.401346e-07
 1.631559e+00 -3.538768e-07
 1.632574e+00 -3.657284e-07
 1.633589e+00 -3.756446e-07
 1.634603e+00 -3.835905e-07
 1.635618e+00 -3.895412e-07
 1.636633e+00 -3.934821e-07
 1.637648e+00 -3.954082e-07
 1.638663e+00 -3.953250e-07
 1.639678e+00 -3.932475e-07
 1.640692e+00 -3.892007e-07
 1.641707e+00 -3.832191e-07
 1.642722e+00 -3.753464e-07
 1.643737e+00 -3.656357e-07
 1.644752e+00 -3.541484e-07
 1.645766e+00 -3.409546e-07
 1.646781e+00 -3.261319e-07
 1.647796e+00 -3.097660e-07
 1.648811e+00 -2.919490e-07
 1.649826e+00 -2.727800e-07
 1.650841e+00 -2.523638e-07
 1.651855e+00 -2.308107e-07
 1.652870e+00 -2.082359e-07
 1.653885e+00 -1.847586e-07
 1.654900e+00 -1.605019e-07
 1.655915e+00 -1.355917e-07
 1.656929e+00 -1.101561e-07
 1.657944e+00 -8.432522e-08
 1.658959e+00 -5.822987e-08
 1.659974e+00 -3.200137e-08
 1.660989e+00 -5.770724e-09
 1.662004e+00  2.033200e-08
 1.663018e+00  4.617833e-08
 1.664033e+00  7.164197e-08
 1.665048e+00  9.659943e-08
 1.666063e+00  1.209306e-07
 1.667078e+00  1.445195e-07
 1.668093e+00  1.672543e-07
 1.669107e+00  1.890287e-07
 1.670122e+00  2.097415e-07
 1.671137e+00  2.292977e-07
 1.672152e+00  2.476087e-07
 1.673167e+00  2.645927e-07
 1.674181e+00  2.801749e-07
 1.675196e+00  2.942883e-07
 1.676211e+00  3.068733e-07
 1.677226e+00  3.178786e-07
 1.678241e+00  3.272609e-07
 1.679256e+00  3.349853e-07
 1.680270e+00  3.410255e-07
 1.681285e+00  3.453635e-07
 1.682300e+00  3.479899e-07
 1.683315e+00  3.489041e-07
 1.684330e+00  3.481136e-07
 1.685344e+00  3.456346e-07
 1.686359e+00  3.414913e-07
 1.687374e+00  3.357161e-07
 1.688389e+00  3.283493e-07
 1.689404e+00  3.194387e-07
 1.690419e+00  3.090394e-07
 1.691433e+00  2.972134e-07
 1.692448e+00  2.840295e-07
 1.693463e+00  2.695626e-07
 1.694478e+00  2.538934e-07
 1.695493e+00  2.371080e-07
 1.696507e+00  2.192975e-07
 1.697522e+00  2.005572e-07
 1.698537e+00  1.809865e-07
 1.699552e+00  1.606881e-07
 1.700567e+00  1.397677e-07
 1.701582e+00  1.183330e-07
 1.702596e+00  9.649386e-08
 1.703611e+00  7.436109e-08
 1.704626e+00  5.204623e-08
 1.705641e+00  2.966092e-08
 1.706656e+00  7.316331e-09
 1.707670e+00 -1.487736e-08
 1.708685e+00 -3.681154e-08
 1.709700e+00 -5.837965e-08
 1.710715e+00 -7.947771e-08
 1.711730e+00 -1.000048e-07
 1.712745e+00 -1.198637e-07
 1.713759e+00 -1.389609e-07
 1.714774e+00 -1.572076e-07
 1.715789e+00 -1.745197e-07
 1.716804e+00 -1.908186e-07
 1.717819e+00 -2.060309e-07
 1.718833e+00 -2.200893e-07
 1.719848e+00 -2.329328e-07
 1.720863e+00 -2.445066e-07
 1.721878e+00 -2.547629e-07
 1.722893e+00 -2.636604e-07
 1.723908e+00 -2.711652e-07
 1.724922e+00 -2.772502e-07
 1.725937e+00 -2.818958e-07
 1.726952e+00 -2.850896e-07
 1.727967e+00 -2.868262e-07
 1.728982e+00 -2.871079e-07
 1.729996e+00 -2.859438e-07
 1.731011e+00 -2.833503e-07
 1.732026e+00 -2.793508e-07
 1.733041e+00 -2.739753e-07
 1.734056e+00 -2.672605e-07
 1.735071e+00 -2.592495e-07
 1.736085e+00 -2.499914e-07
 1.737100e+00 -2.395412e-07
 1.738115e+00 -2.279594e-07
 1.739130e+00 -2.153117e-07
 1.740145e+00 -2.016684e-07
 1.741160e+00 -1.871045e-07
 1.742174e+00 -1.716988e-07
 1.743189e+00 -1.555338e-07
 1.744204e+00 -1.386952e-07
 1.745219e+00 -1.212712e-07
 1.746234e+00 -1.033525e-07
 1.747248e+00 -8.503159e-08
 1.748263e+00 -6.640205e-08
 1.749278e+00 -4.755851e-08
 1.750293e+00 -2.859592e-08
 1.751308e+00 -9.609113e-09
 1.752323e+00  9.307614e-09
 1.753337e+00  2.806100e-08
 1.754352e+00  4.655928e-08
 1.755367e+00  6.471261e-08
 1.756382e+00  8.243350e-08
 1.757397e+00  9.963726e-08
 1.758411e+00  1.162424e-07
 1.759426e+00  1.321708e-07
 1.760441e+00  1.473485e-07
 1.761456e+00  1.617056e-07
 1.762471e+00  1.751769e-07
 1.763486e+00  1.877021e-07
 1.764500e+00  1.992258e-07
 1.765515e+00  2.096981e-07
 1.766530e+00  2.190747e-07
 1.767545e+00  2.273171e-07
 1.768560e+00  2.343923e-07
 1.769574e+00  2.402739e-07
 1.770589e+00  2.449412e-07
 1.771604e+00  2.483798e-07
 1.772619e+00  2.505814e-07
 1.773634e+00  2.515440e-07
 1.774649e+00  2.512717e-07
 1.775663e+00  2.497747e-07
 1.776678e+00  2.470691e-07
 1.777693e+00  2.431769e-07
 1.778708e+00  2.381260e-07
 1.779723e+00  2.319495e-07
 1.780737e+00  2.246862e-07
 1.781752e+00  2.163797e-07
 1.782767e+00  2.070786e-07
 1.783782e+00  1.968361e-07
 1.784797e+00  1.857095e-07
 1.785812e+00  1.737602e-07
 1.786826e+00  1.610533e-07
 1.787841e+00  1.476571e-07
 1.788856e+00  1.336427e-07
 1.789871e+00  1.190839e-07
 1.790886e+00  1.040566e-07
 1.791900e+00  8.863854e-08
 1.792915e+00  7.290872e-08
 1.793930e+00  5.694721e-08
 1.794945e+00  4.083460e-08
 1.795960e+00  2.465166e-08
 1.796975e+00  8.478909e-09
 1.797989e+00 -7.603749e-09
 1.799004e+00 -2.351744e-08
 1.800019e+00 -3.918469e-08
 1.801034e+00 -5.452981e-08
 1.802049e+00 -6.947926e-08
 1.803063e+00 -8.396197e-08
 1.804078e+00 -9.790971e-08
 1.805093e+00 -1.112574e-07
 1.806108e+00 -1.239434e-07
 1.807123e+00 -1.359097e-07
 1.808138e+00 -1.471025e-07
 1.809152e+00 -1.574719e-07
 1.810167e+00 -1.669727e-07
 1.811182e+00 -1.755643e-07
 1.812197e+00 -1.832107e-07
 1.813212e+00 -1.898810e-07
 1.814227e+00 -1.955493e-07
 1.815241e+00 -2.001950e-07
 1.816256e+00 -2.038024e-07
 1.817271e+00 -2.063613e-07
 1.818286e+00 -2.078667e-07
 1.819301e+00 -2.083189e-07
 1.820315e+00 -2.077233e-07
 1.821330e+00 -2.060905e-07
 1.822345e+00 -2.034361e-07
 1.823360e+00 -1.997809e-07
 1.824375e+00 -1.951501e-07
 1.825390e+00 -1.895739e-07
 1.826404e+00 -1.830868e-07
 1.827419e+00 -1.757275e-07
 1.828434e+00 -1.675388e-07
 1.829449e+00 -1.585674e-07
 1.830464e+00 -1.488635e-07
 1.831478e+00 -1.384803e-07
 1.832493e+00 -1.274744e-07
 1.833508e+00 -1.159047e-07
 1.834523e+00 -1.038328e-07
 1.835538e+00 -9.132196e-08
 1.836553e+00 -7.843749e-08
 1.837567e+00 -6.524592e-08
 1.838582e+00 -5.181483e-08
 1.839597e+00 -3.821252e-08
 1.840612e+00 -2.450764e-08
 1.841627e+00 -1.076885e-08
 1.842641e+00  2.935532e-09
 1.843656e+00  1.653784e-08
 1.844671e+00  2.997142e-08
 1.845686e+00  4.317091e-08
 1.846701e+00  5.607261e-08
 1.847716e+00  6.861472e-08
 1.848730e+00  8.073768e-08
 1.849745e+00  9.238446e-08
 1.850760e+00  1.035008e-07
 1.851775e+00  1.140354e-07
 1.852790e+00  1.239402e-07
 1.853804e+00  1.331708e-07
 1.854819e+00  1.416863e-07
 1.855834e+00  1.494495e-07
 1.856849e+00  1.564275e-07
 1.857864e+00  1.625913e-07
 1.858879e+00  1.679162e-07
 1.859893e+00  1.723819e-07
 1.860908e+00  1.759725e-07
 1.861923e+00  1.786763e-07
 1.862938e+00  1.804864e-07
 1.863953e+00  1.814003e-07
 1.864967e+00  1.814198e-07
 1.865982e+00  1.805512e-07
 1.866997e+00  1.788052e-07
 1.868012e+00  1.761967e-07
 1.869027e+00  1.727448e-07
 1.870042e+00  1.684727e-07
 1.871056e+00  1.634074e-07
 1.872071e+00  1.575796e-07
 1.873086e+00  1.510236e-07
 1.874101e+00  1.437771e-07
 1.875116e+00  1.358810e-07
 1.876130e+00  1.273788e-07
 1.877145e+00  1.183172e-07
 1.878160e+00  1.087448e-07
 1.879175e+00  9.871276e-08
 1.880190e+00  8.827398e-08
 1.881205e+00  7.748301e-08
 1.882219e+00  6.639579e-08
 1.883234e+00  5.506928e-08
 1.884249e+00  4.356123e-08
 1.885264e+00  3.192986e-08
 1.886279e+00  2.023359e-08
 1.887294e+00  8.530748e-09
 1.888308e+00 -3.120747e-09
 1.889323e+00 -1.466363e-08
 1.890338e+00 -2.604161e-08
 1.891353e+00 -3.719959e-08
 1.892368e+00 -4.808399e-08
 1.893382e+00 -5.864296e-08
 1.894397e+00 -6.882662e-08
 1.895412e+00 -7.858734e-08
 1.896427e+00 -8.787988e-08
 1.897442e+00 -9.666170e-08
 1.898457e+00 -1.048931e-07
 1.899471e+00 -1.125373e-07
 1.900486e+00 -1.195607e-07
 1.901501e+00 -1.259333e-07
 1.902516e+00 -1.316281e-07
 1.903531e+00 -1.366219e-07
 1.904545e+00 -1.408951e-07
 1.905560e+00 -1.444318e-07
 1.906575e+00 -1.472199e-07
 1.907590e+00 -1.492511e-07
 1.908605e+00 -1.505208e-07
 1.909620e+00 -1.510283e-07
 1.910634e+00 -1.507766e-07
 1.911649e+00 -1.497725e-07
 1.912664e+00 -1.480264e-07
 1.913679e+00 -1.455526e-07
 1.914694e+00 -1.423683e-07
 1.915708e+00 -1.384948e-07
 1.916723e+00 -1.339560e-07
 1.917738e+00 -1.287794e-07
 1.918753e+00 -1.229953e-07
 1.919768e+00 -1.166366e-07
 1.920783e+00 -1.097392e-07
 1.921797e+00 -1.023410e-07
 1.922812e+00 -9.448239e-08
 1.923827e+00 -8.620563e-08
 1.924842e+00 -7.755475e-08
 1.925857e+00 -6.857532e-08
 1.926871e+00 -5.931422e-08
 1.927886e+00 -4.981936e-08
 1.928901e+00 -4.013950e-08
 1.929916e+00 -3.032392e-08
 1.930931e+00 -2.042224e-08
 1.931946e+00 -1.048414e-08
 1.932960e+00 -5.591171e-10
 1.933975e+00  9.303746e-09
 1.934990e+00  1.905603e-08
 1.936005e+00  2.865023e-08
 1.937020e+00  3.803993e-08
 1.938034e+00  4.718011e-08
 1.939049e+00  5.602727e-08
 1.940064e+00  6.453972e-08
 1.941079e+00  7.267767e-08
 1.942094e+00  8.040353e-08
 1.943109e+00  8.768198e-08
 1.944123e+00  9.448019e-08
 1.945138e+00  1.007679e-07
 1.946153e+00  1.065178e-07
 1.947168e+00  1.117051e-07
 1.948183e+00  1.163082e-07
 1.949197e+00  1.203085e-07
 1.950212e+00  1.236905e-07
 1.951227e+00  1.264420e-07
 1.952242e+00  1.285538e-07
 1.953257e+00  1.300200e-07
 1.954272e+00  1.308382e-07
 1.955286e+00  1.310087e-07
 1.956301e+00  1.305355e-07
 1.957316e+00  1.294255e-07
 1.958331e+00  1.276888e-07
 1.959346e+00  1.253384e-07
 1.960361e+00  1.223905e-07
 1.961375e+00  1.188638e-07
 1.962390e+00  1.147801e-07
 1.963405e+00  1.101634e-07
 1.964420e+00  1.050405e-07
 1.965435e+00  9.944046e-08
 1.966449e+00  9.339428e-08
 1.967464e+00  8.693515e-08
 1.968479e+00  8.009798e-08
 1.969494e+00  7.291932e-08
 1.970509e+00  6.543715e-08
 1.971524e+00  5.769068e-08
 1.972538e+00  4.972012e-08
 1.973553e+00  4.156653e-08
 1.974568e+00  3.327156e-08
 1.975583e+00  2.487725e-08
 1.976598e+00  1.642587e-08
 1.977612e+00  7.959620e-09
 1.978627e+00 -4.795050e-10
 1.979642e+00 -8.849958e-09
 1.980657e+00 -1.711083e-08
 1.981672e+00 -2.522206e-08
 1.982687e+00 -3.314459e-08
 1.983701e+00 -4.084059e-08
 1.984716e+00 -4.827365e-08
 1.985731e+00 -5.540890e-08
 1.986746e+00 -6.221320e-08
 1.987761e+00 -6.865528e-08
 1.988775e+00 -7.470592e-08
 1.989790e+00 -8.033801e-08
 1.990805e+00 -8.552672e-08
 1.991820e+00 -9.024962e-08
 1.992835e+00 -9.448671e-08
 1.993850e+00 -9.822056e-08
 1.994864e+00 -1.014364e-07
 1.995879e+00 -1.041220e-07
 1.996894e+00 -1.062680e-07
 1.997909e+00 -1.078676e-07
 1.998924e+00 -1.089170e-07
 1.999938e+00 -1.094150e-07
