erzi       fp  Erzinican Meteorological Station, 13 Mar 92 E,   0.000    0.000  
   4156    5.00000E-03  0  0  0.  0.  0.  0.  0.
 -0.36606E+00 -0.27959E+01  0.32154E+01  0.43464E+01  0.49934E+01  0.57599E+01
  0.26934E+01  0.98552E+00 -0.33212E+01 -0.63082E+01 -0.75115E+01 -0.93067E+01
 -0.80393E+01 -0.73659E+01 -0.49257E+01 -0.30612E+01 -0.21648E+01 -0.93928E+00
 -0.27720E+01 -0.29181E+01 -0.30384E+01 -0.39155E+01 -0.24206E+01 -0.28549E+01
 -0.56949E+01 -0.60940E+01 -0.56447E+01 -0.63369E+01 -0.61683E+01 -0.61112E+01
 -0.63939E+01 -0.62398E+01 -0.63624E+01 -0.60818E+01 -0.55277E+01 -0.47707E+01
 -0.31204E+01 -0.17139E+01  0.17385E+00  0.19145E+01  0.34249E+01  0.47757E+01
  0.54720E+01  0.58704E+01  0.51464E+01  0.45400E+01  0.30070E+01  0.19020E+01
  0.13909E+01  0.71524E+00  0.13126E+01  0.16713E+01  0.26201E+01  0.35635E+01
  0.45664E+01  0.58958E+01  0.44637E+01  0.66037E+01  0.13554E+02  0.16920E+02
  0.23122E+02  0.27629E+02  0.25925E+02  0.28393E+02  0.30725E+02  0.30560E+02
  0.33105E+02  0.31386E+02  0.25299E+02  0.20668E+02  0.90377E+01  0.93234E+00
  0.17041E+00 -0.74757E+01 -0.20029E+02 -0.24658E+02 -0.22108E+02 -0.25388E+02
 -0.27702E+02 -0.27174E+02 -0.30064E+02 -0.29580E+02 -0.25391E+02 -0.21022E+02
 -0.22994E+02 -0.13334E+02  0.25931E+02  0.39611E+02  0.34413E+02  0.47859E+02
  0.56273E+02  0.53928E+02  0.51971E+02  0.42517E+02  0.10214E+01 -0.15261E+02
 -0.56231E+01 -0.19566E+02 -0.25937E+02 -0.25484E+02 -0.26506E+02 -0.23611E+02
 -0.18397E+02 -0.11985E+02 -0.44680E+01  0.45820E+01  0.16324E+02  0.26262E+02
  0.34431E+02  0.43199E+02  0.49531E+02  0.54667E+02  0.58056E+02  0.58766E+02
  0.57498E+02  0.52436E+02  0.41145E+02  0.30347E+02  0.11384E+02 -0.19147E+01
 -0.89324E+01 -0.18261E+02 -0.15757E+02 -0.17143E+02 -0.17611E+02 -0.14884E+02
 -0.16364E+02 -0.14484E+02 -0.90343E+01 -0.85139E+01 -0.13565E+02 -0.13861E+02
 -0.17787E+02 -0.18554E+02 -0.12077E+02 -0.89540E+01  0.11209E+01  0.76217E+01
  0.10667E+02  0.15330E+02  0.11869E+02  0.11889E+02  0.12066E+02  0.97469E+01
  0.10625E+02  0.85986E+01  0.47995E+01  0.25374E+01 -0.15841E+01 -0.54901E+01
 -0.48379E+01 -0.86606E+01 -0.23623E+02 -0.26320E+02 -0.17466E+02 -0.17768E+02
 -0.15119E+02 -0.81746E+01 -0.41916E+01  0.47353E+01  0.22827E+02  0.33423E+02
  0.42402E+02  0.51735E+02  0.51978E+02  0.53941E+02  0.51995E+02  0.47753E+02
  0.41535E+02  0.34610E+02  0.28355E+02  0.20763E+02  0.14993E+02  0.81058E+01
  0.64046E+00 -0.46905E+01 -0.11885E+02 -0.14709E+02 -0.78905E+01 -0.69662E+01
 -0.53696E+01 -0.13397E+01 -0.40795E+01 -0.27648E+00  0.66594E+01  0.11912E+02
  0.27648E+02  0.34742E+02  0.35516E+02  0.38875E+02  0.30167E+02  0.25219E+02
  0.19580E+02  0.11354E+02  0.53223E+01 -0.57215E+00 -0.14659E+01 -0.43991E+01
 -0.46908E+01 -0.54478E+01 -0.96740E+01 -0.11438E+02 -0.15127E+02 -0.14586E+02
 -0.22497E+02 -0.15762E+02  0.32571E+02  0.47281E+02  0.42883E+02  0.60235E+02
  0.63188E+02  0.65316E+02  0.72643E+02  0.69390E+02  0.59989E+02  0.52695E+02
  0.33651E+02  0.22957E+02  0.27107E+02  0.19909E+02  0.15995E+02  0.15554E+02
  0.13073E+02  0.13056E+02  0.12703E+02  0.14021E+02  0.16778E+02  0.20269E+02
  0.27126E+02  0.32560E+02  0.39005E+02  0.44530E+02  0.46538E+02  0.49144E+02
  0.50811E+02  0.48682E+02  0.41816E+02  0.35566E+02  0.22929E+02  0.13305E+02
  0.10550E+02  0.16164E+01 -0.95186E+01 -0.15125E+02 -0.17028E+02 -0.20749E+02
 -0.21075E+02 -0.21975E+02 -0.21616E+02 -0.23329E+02 -0.32152E+02 -0.35841E+02
 -0.44318E+02 -0.47789E+02 -0.41232E+02 -0.38674E+02 -0.28209E+02 -0.18619E+02
 -0.98277E+01  0.10866E+01  0.88540E+01  0.17433E+02  0.24246E+02  0.29817E+02
  0.33872E+02  0.36315E+02  0.36145E+02  0.36021E+02  0.32012E+02  0.31248E+02
  0.35099E+02  0.36609E+02  0.43316E+02  0.48565E+02  0.54503E+02  0.58922E+02
  0.63937E+02  0.62227E+02  0.45955E+02  0.36253E+02  0.14610E+02  0.36362E+00
  0.15596E+01 -0.66007E+01 -0.34760E+01 -0.21378E+01 -0.45626E+01 -0.16976E+01
 -0.41024E+00 -0.16502E+00  0.42389E-01 -0.20596E+01 -0.12084E+02 -0.16016E+02
 -0.20069E+02 -0.22762E+02 -0.14771E+02 -0.10814E+02 -0.44895E+01  0.50737E+01
  0.16970E+02  0.26786E+02  0.37029E+02  0.42556E+02  0.41843E+02  0.37358E+02
  0.14774E+02  0.71448E-01 -0.20020E+02 -0.37303E+02 -0.37800E+02 -0.45791E+02
 -0.45304E+02 -0.41991E+02 -0.37511E+02 -0.29573E+02 -0.19069E+02 -0.99115E+01
 -0.25110E+01  0.39323E+01  0.66623E+01  0.69031E+01 -0.31857E+01 -0.98405E+01
 -0.15369E+02 -0.25334E+02 -0.40460E+02 -0.47603E+02 -0.42553E+02 -0.44241E+02
 -0.42589E+02 -0.35865E+02 -0.26747E+02 -0.17463E+02 -0.35185E+01  0.57156E+01
  0.78404E+01  0.12519E+02  0.77517E+01  0.61213E+01  0.53110E+01  0.25510E+01
  0.38500E+01  0.44377E+01  0.95417E+01  0.12701E+02  0.17982E+02  0.19838E+02
  0.17341E+02  0.13215E+02 -0.34181E+01 -0.14920E+02 -0.28446E+02 -0.42877E+02
 -0.51604E+02 -0.60747E+02 -0.66828E+02 -0.67879E+02 -0.57495E+02 -0.51217E+02
 -0.41117E+02 -0.30830E+02 -0.27071E+02 -0.19925E+02 -0.17455E+02 -0.14996E+02
 -0.14032E+02 -0.13544E+02 -0.13430E+02 -0.12244E+02 -0.65088E+01 -0.54657E+01
  0.30839E+01  0.23167E+01 -0.24585E+02 -0.30299E+02 -0.26324E+02 -0.34371E+02
 -0.32583E+02 -0.32575E+02 -0.32146E+02 -0.31942E+02 -0.37484E+02 -0.39572E+02
 -0.46826E+02 -0.50310E+02 -0.48766E+02 -0.47349E+02 -0.43467E+02 -0.35457E+02
 -0.43361E+01  0.61058E+01 -0.73499E+01 -0.76526E+00 -0.54243E+01 -0.83492E+01
 -0.19957E+01  0.42150E+00  0.16837E+02  0.24369E+02  0.35062E+02  0.38185E+02
  0.18156E+02  0.79387E+01 -0.19649E+02 -0.39858E+02 -0.46241E+02 -0.61880E+02
 -0.60834E+02 -0.66330E+02 -0.75954E+02 -0.79245E+02 -0.89384E+02 -0.94147E+02
 -0.10216E+03 -0.10181E+03 -0.88362E+02 -0.76697E+02 -0.46509E+02 -0.24740E+02
 -0.19827E+01  0.16993E+02  0.12156E+02  0.17309E+02  0.83092E+01  0.10787E+01
  0.86570E+01 -0.14986E+01 -0.13533E+02 -0.25004E+02 -0.55108E+02 -0.71296E+02
 -0.81167E+02 -0.92800E+02 -0.85303E+02 -0.82758E+02 -0.73201E+02 -0.62177E+02
 -0.52676E+02 -0.42812E+02 -0.41886E+02 -0.38035E+02 -0.38835E+02 -0.40102E+02
 -0.46490E+02 -0.47506E+02 -0.37561E+02 -0.34615E+02 -0.24984E+02 -0.17979E+02
 -0.14452E+02 -0.11620E+02 -0.17353E+02 -0.22847E+02 -0.36163E+02 -0.48381E+02
 -0.62497E+02 -0.76161E+02 -0.83032E+02 -0.92569E+02 -0.99756E+02 -0.10356E+03
 -0.10184E+03 -0.10081E+03 -0.10122E+03 -0.96610E+02 -0.82888E+02 -0.77982E+02
 -0.82776E+02 -0.79455E+02 -0.79980E+02 -0.81584E+02 -0.80593E+02 -0.81863E+02
 -0.82496E+02 -0.83030E+02 -0.83816E+02 -0.84054E+02 -0.83694E+02 -0.83563E+02
 -0.83018E+02 -0.82121E+02 -0.82242E+02 -0.80974E+02 -0.75659E+02 -0.74192E+02
 -0.77096E+02 -0.75531E+02 -0.75004E+02 -0.73760E+02 -0.68331E+02 -0.64492E+02
 -0.58326E+02 -0.52403E+02 -0.47247E+02 -0.41508E+02 -0.37379E+02 -0.33060E+02
 -0.29621E+02 -0.26783E+02 -0.24586E+02 -0.22919E+02 -0.22242E+02 -0.21326E+02
 -0.20878E+02 -0.19784E+02 -0.17139E+02 -0.15130E+02 -0.11220E+02 -0.76843E+01
 -0.67606E+01 -0.27817E+01  0.72252E+01  0.10950E+02  0.86407E+01  0.11554E+02
  0.13908E+02  0.13762E+02  0.13416E+02  0.13162E+02  0.12570E+02  0.12025E+02
  0.11825E+02  0.11959E+02  0.13401E+02  0.14342E+02  0.16809E+02  0.18150E+02
  0.16822E+02  0.17699E+02  0.18148E+02  0.18691E+02  0.20404E+02  0.22148E+02
  0.26292E+02  0.28980E+02  0.31294E+02  0.33723E+02  0.34145E+02  0.34817E+02
  0.34036E+02  0.33185E+02  0.31738E+02  0.30426E+02  0.29710E+02  0.29053E+02
  0.28147E+02  0.30640E+02  0.32529E+02  0.40491E+02  0.63159E+02  0.79103E+02
  0.94143E+02  0.11731E+03  0.14177E+03  0.16625E+03  0.19392E+03  0.22015E+03
  0.24165E+03  0.26744E+03  0.29255E+03  0.31700E+03  0.34724E+03  0.37083E+03
  0.39055E+03  0.40964E+03  0.42046E+03  0.43131E+03  0.43632E+03  0.44058E+03
  0.44817E+03  0.44829E+03  0.44646E+03  0.44213E+03  0.43305E+03  0.42052E+03
  0.40320E+03  0.38099E+03  0.35273E+03  0.32073E+03  0.27870E+03  0.23839E+03
  0.19977E+03  0.15566E+03  0.10969E+03  0.68249E+02  0.27594E+02 -0.68813E+01
 -0.29766E+02 -0.51138E+02 -0.56424E+02 -0.64940E+02 -0.71389E+02 -0.73966E+02
 -0.86108E+02 -0.90698E+02 -0.92076E+02 -0.97836E+02 -0.11075E+03 -0.11360E+03
 -0.10677E+03 -0.10594E+03 -0.98733E+02 -0.91709E+02 -0.86403E+02 -0.79501E+02
 -0.77199E+02 -0.72329E+02 -0.68994E+02 -0.64897E+02 -0.57650E+02 -0.51892E+02
 -0.44535E+02 -0.36805E+02 -0.28741E+02 -0.20065E+02 -0.12341E+02 -0.35140E+01
  0.93031E+01  0.16951E+02  0.20837E+02  0.25435E+02  0.23063E+02  0.22287E+02
  0.21569E+02  0.17790E+02  0.14457E+02  0.10269E+02  0.46189E+01  0.37833E+00
 -0.14373E+01 -0.56057E+01 -0.66335E+01 -0.11062E+02 -0.23499E+02 -0.30059E+02
 -0.36277E+02 -0.44665E+02 -0.50026E+02 -0.55915E+02 -0.62704E+02 -0.66425E+02
 -0.65304E+02 -0.66434E+02 -0.68932E+02 -0.67555E+02 -0.61259E+02 -0.60111E+02
 -0.61895E+02 -0.62181E+02 -0.68674E+02 -0.72885E+02 -0.78856E+02 -0.83272E+02
 -0.84237E+02 -0.84598E+02 -0.77629E+02 -0.71652E+02 -0.64080E+02 -0.54286E+02
 -0.37912E+02 -0.28534E+02 -0.32609E+02 -0.26070E+02 -0.21249E+02 -0.17954E+02
 -0.97650E+01 -0.16339E+01  0.10189E+02  0.23921E+02  0.43686E+02  0.61700E+02
  0.81015E+02  0.10050E+03  0.11382E+03  0.13192E+03  0.14781E+03  0.16570E+03
  0.19071E+03  0.21115E+03  0.23514E+03  0.25671E+03  0.27152E+03  0.28961E+03
  0.30301E+03  0.31772E+03  0.33236E+03  0.34742E+03  0.37137E+03  0.38801E+03
  0.40504E+03  0.41706E+03  0.42562E+03  0.42517E+03  0.39171E+03  0.37489E+03
  0.37499E+03  0.34362E+03  0.30088E+03  0.26184E+03  0.20625E+03  0.15040E+03
  0.90192E+02  0.28666E+02 -0.32585E+02 -0.87926E+02 -0.13481E+03 -0.17480E+03
 -0.18655E+03 -0.20758E+03 -0.22369E+03 -0.23119E+03 -0.25024E+03 -0.25504E+03
 -0.25073E+03 -0.25246E+03 -0.24532E+03 -0.24321E+03 -0.25635E+03 -0.25535E+03
 -0.26069E+03 -0.25792E+03 -0.23272E+03 -0.21718E+03 -0.19090E+03 -0.16507E+03
 -0.13862E+03 -0.11574E+03 -0.11316E+03 -0.10136E+03 -0.86338E+02 -0.87929E+02
 -0.10381E+03 -0.11293E+03 -0.13289E+03 -0.14760E+03 -0.14998E+03 -0.15769E+03
 -0.15014E+03 -0.14666E+03 -0.14409E+03 -0.13565E+03 -0.13030E+03 -0.12219E+03
 -0.11229E+03 -0.10460E+03 -0.96957E+02 -0.90195E+02 -0.89057E+02 -0.85420E+02
 -0.77919E+02 -0.77238E+02 -0.84122E+02 -0.85015E+02 -0.84826E+02 -0.87930E+02
 -0.87122E+02 -0.88929E+02 -0.92284E+02 -0.95716E+02 -0.99436E+02 -0.10634E+03
 -0.12225E+03 -0.13231E+03 -0.13951E+03 -0.15076E+03 -0.16012E+03 -0.16764E+03
 -0.17389E+03 -0.17814E+03 -0.17631E+03 -0.17720E+03 -0.17699E+03 -0.17674E+03
 -0.18132E+03 -0.18346E+03 -0.18815E+03 -0.19240E+03 -0.19639E+03 -0.19934E+03
 -0.20303E+03 -0.20070E+03 -0.19130E+03 -0.18008E+03 -0.15442E+03 -0.13456E+03
 -0.11003E+03 -0.89759E+02 -0.85971E+02 -0.74842E+02 -0.76427E+02 -0.74905E+02
 -0.66601E+02 -0.66302E+02 -0.61824E+02 -0.59171E+02 -0.60493E+02 -0.57892E+02
 -0.56214E+02 -0.52731E+02 -0.42799E+02 -0.36175E+02 -0.27099E+02 -0.18702E+02
 -0.13759E+02 -0.76067E+01 -0.46701E+01 -0.20842E+01 -0.19325E+00 -0.53175E+00
 -0.24599E+01 -0.50197E+01 -0.10839E+02 -0.14707E+02 -0.17092E+02 -0.20017E+02
 -0.19020E+02 -0.19249E+02 -0.18676E+02 -0.16340E+02 -0.15774E+02 -0.12823E+02
 -0.62871E+00  0.18828E+01 -0.64927E+01 -0.73170E+01 -0.94358E+01 -0.17965E+02
 -0.29590E+02 -0.42098E+02 -0.58950E+02 -0.76297E+02 -0.94577E+02 -0.11397E+03
 -0.13319E+03 -0.15191E+03 -0.16929E+03 -0.18490E+03 -0.19783E+03 -0.20888E+03
 -0.21261E+03 -0.21802E+03 -0.22844E+03 -0.22798E+03 -0.22002E+03 -0.21354E+03
 -0.19832E+03 -0.18364E+03 -0.16696E+03 -0.15059E+03 -0.13799E+03 -0.12464E+03
 -0.12135E+03 -0.11327E+03 -0.97526E+02 -0.93535E+02 -0.97455E+02 -0.95910E+02
 -0.98721E+02 -0.10198E+03 -0.10178E+03 -0.10485E+03 -0.10532E+03 -0.10759E+03
 -0.11460E+03 -0.11687E+03 -0.11801E+03 -0.11961E+03 -0.11469E+03 -0.11398E+03
 -0.11474E+03 -0.11399E+03 -0.11975E+03 -0.12103E+03 -0.12078E+03 -0.12104E+03
 -0.11762E+03 -0.11316E+03 -0.10365E+03 -0.95185E+02 -0.83994E+02 -0.74184E+02
 -0.68229E+02 -0.60674E+02 -0.59100E+02 -0.54406E+02 -0.48742E+02 -0.44470E+02
 -0.32869E+02 -0.27914E+02 -0.26191E+02 -0.23817E+02 -0.30077E+02 -0.33657E+02
 -0.38959E+02 -0.45530E+02 -0.49567E+02 -0.55087E+02 -0.58784E+02 -0.62155E+02
 -0.65105E+02 -0.66216E+02 -0.66089E+02 -0.64255E+02 -0.59941E+02 -0.54079E+02
 -0.45690E+02 -0.35418E+02 -0.21886E+02 -0.79809E+01  0.90211E+01  0.24096E+02
  0.38127E+02  0.50525E+02  0.54764E+02  0.62128E+02  0.64858E+02  0.68772E+02
  0.77530E+02  0.83189E+02  0.90745E+02  0.99118E+02  0.11465E+03  0.12239E+03
  0.12034E+03  0.12455E+03  0.12222E+03  0.12068E+03  0.12308E+03  0.12133E+03
  0.12117E+03  0.12059E+03  0.11909E+03  0.11804E+03  0.11634E+03  0.11496E+03
  0.11227E+03  0.11178E+03  0.11272E+03  0.11554E+03  0.12105E+03  0.12987E+03
  0.14731E+03  0.16188E+03  0.18178E+03  0.19831E+03  0.20766E+03  0.21857E+03
  0.22090E+03  0.22346E+03  0.21784E+03  0.21625E+03  0.22243E+03  0.22161E+03
  0.22603E+03  0.22899E+03  0.22639E+03  0.22900E+03  0.23629E+03  0.23733E+03
  0.23529E+03  0.23499E+03  0.23142E+03  0.22646E+03  0.21995E+03  0.21183E+03
  0.19958E+03  0.19011E+03  0.18173E+03  0.17283E+03  0.17492E+03  0.16618E+03
  0.15441E+03  0.13967E+03  0.10574E+03  0.78186E+02  0.41702E+02  0.75472E+01
 -0.21861E+02 -0.50832E+02 -0.60164E+02 -0.77427E+02 -0.10010E+03 -0.10634E+03
 -0.10346E+03 -0.10247E+03 -0.91992E+02 -0.81191E+02 -0.69047E+02 -0.56266E+02
 -0.48404E+02 -0.39056E+02 -0.36068E+02 -0.31561E+02 -0.28929E+02 -0.26953E+02
 -0.21995E+02 -0.20016E+02 -0.17155E+02 -0.15123E+02 -0.15747E+02 -0.14817E+02
 -0.15273E+02 -0.14651E+02 -0.11178E+02 -0.97223E+01 -0.39156E+01 -0.29814E+01
 -0.79556E+01 -0.10602E+02 -0.21914E+02 -0.28796E+02 -0.31882E+02 -0.38435E+02
 -0.37746E+02 -0.41097E+02 -0.48102E+02 -0.50263E+02 -0.56756E+02 -0.57830E+02
 -0.51513E+02 -0.47034E+02 -0.35335E+02 -0.24032E+02 -0.10464E+02  0.26067E+01
  0.13294E+02  0.23289E+02  0.25936E+02  0.30557E+02  0.31226E+02  0.31829E+02
  0.34757E+02  0.35004E+02  0.36786E+02  0.37747E+02  0.39533E+02  0.39996E+02
  0.37568E+02  0.36370E+02  0.35539E+02  0.32285E+02  0.25876E+02  0.21287E+02
  0.18824E+02  0.12185E+02  0.49809E+01 -0.34624E+01 -0.18548E+02 -0.29609E+02
 -0.41486E+02 -0.52460E+02 -0.55170E+02 -0.62835E+02 -0.68118E+02 -0.73558E+02
 -0.86941E+02 -0.93091E+02 -0.97780E+02 -0.10262E+03 -0.10051E+03 -0.99714E+02
 -0.97112E+02 -0.91599E+02 -0.85337E+02 -0.76810E+02 -0.66265E+02 -0.54755E+02
 -0.40771E+02 -0.27219E+02 -0.13119E+02  0.31966E+00  0.11403E+02  0.22531E+02
  0.30685E+02  0.37757E+02  0.42673E+02  0.49101E+02  0.45283E+02  0.52875E+02
  0.95143E+02  0.10527E+03  0.92192E+02  0.10139E+03  0.99509E+02  0.94936E+02
  0.96688E+02  0.91191E+02  0.86307E+02  0.80161E+02  0.67487E+02  0.59594E+02
  0.54574E+02  0.47107E+02  0.43703E+02  0.39808E+02  0.36209E+02  0.33917E+02
  0.33836E+02  0.31400E+02  0.25189E+02  0.21809E+02  0.15866E+02  0.11089E+02
  0.10584E+02  0.62524E+01  0.23005E+01 -0.19245E+01 -0.11448E+02 -0.16509E+02
 -0.22952E+02 -0.26273E+02 -0.18297E+02 -0.17270E+02 -0.12691E+02 -0.93754E+01
 -0.17667E+02 -0.17928E+02 -0.19398E+02 -0.20582E+02 -0.18953E+02 -0.15884E+02
  0.42568E+01  0.11114E+02  0.10038E+01  0.81085E+01  0.18207E+02  0.19816E+02
  0.28855E+02  0.30399E+02  0.17958E+02  0.14310E+02  0.54896E+01 -0.28215E+01
 -0.99724E+00 -0.64516E+01 -0.12207E+02 -0.14378E+02 -0.18005E+02 -0.19301E+02
 -0.19796E+02 -0.17792E+02 -0.10616E+02 -0.26462E+01  0.46622E+01  0.20070E+02
  0.49552E+02  0.70415E+02  0.95876E+02  0.11725E+03  0.12410E+03  0.13477E+03
  0.13254E+03  0.13068E+03  0.12762E+03  0.11957E+03  0.11294E+03  0.10374E+03
  0.93247E+02  0.84365E+02  0.77740E+02  0.70609E+02  0.66416E+02  0.62405E+02
  0.59788E+02  0.58075E+02  0.56379E+02  0.55978E+02  0.57109E+02  0.56984E+02
  0.56931E+02  0.56057E+02  0.51478E+02  0.48063E+02  0.44593E+02  0.38662E+02
  0.29163E+02  0.22436E+02  0.16558E+02  0.10207E+02  0.83628E+01  0.44466E+01
  0.16253E+01 -0.14965E+01 -0.65255E+01 -0.11219E+02 -0.19788E+02 -0.26318E+02
 -0.33730E+02 -0.38348E+02 -0.44765E+02 -0.41875E+02 -0.18018E+02 -0.60205E+01
  0.15796E+02  0.32699E+02  0.27260E+02  0.36032E+02  0.39817E+02  0.39218E+02
  0.43795E+02  0.42803E+02  0.38923E+02  0.37007E+02  0.35958E+02  0.32815E+02
  0.26710E+02  0.24236E+02  0.27522E+02  0.25508E+02  0.23176E+02  0.21801E+02
  0.15853E+02  0.12229E+02  0.78061E+01  0.42223E+01  0.15266E+01  0.11419E+01
  0.88788E+01  0.12116E+02  0.18013E+02  0.22348E+02  0.18741E+02  0.19432E+02
  0.14155E+02  0.12474E+02  0.15113E+02  0.16190E+02  0.27806E+02  0.33154E+02
  0.35490E+02  0.40951E+02  0.39520E+02  0.40813E+02  0.42265E+02  0.41716E+02
  0.42373E+02  0.42159E+02  0.42381E+02  0.42002E+02  0.41254E+02  0.40196E+02
  0.37752E+02  0.35835E+02  0.33372E+02  0.30982E+02  0.29445E+02  0.27733E+02
  0.26907E+02  0.24847E+02  0.27129E+02  0.23695E+02  0.56626E+01 -0.67235E+00
  0.68076E+00 -0.75551E+01 -0.16063E+02 -0.20907E+02 -0.23057E+02 -0.28705E+02
 -0.38576E+02 -0.43101E+02 -0.49333E+02 -0.52416E+02 -0.44664E+02 -0.42981E+02
 -0.40988E+02 -0.35579E+02 -0.33967E+02 -0.29285E+02 -0.21709E+02 -0.17529E+02
 -0.13166E+02 -0.97086E+01 -0.11867E+02 -0.11783E+02 -0.94430E+01 -0.12562E+02
 -0.21925E+02 -0.25971E+02 -0.30489E+02 -0.35021E+02 -0.29719E+02 -0.31004E+02
 -0.37262E+02 -0.36240E+02 -0.36944E+02 -0.34941E+02 -0.27141E+02 -0.19063E+02
 -0.59945E+01  0.90219E+01  0.29315E+02  0.48505E+02  0.69074E+02  0.87958E+02
  0.10204E+03  0.11519E+03  0.12013E+03  0.12528E+03  0.12541E+03  0.12447E+03
  0.12343E+03  0.12051E+03  0.11955E+03  0.11686E+03  0.11630E+03  0.11413E+03
  0.10867E+03  0.10601E+03  0.10619E+03  0.10239E+03  0.96972E+02  0.91971E+02
  0.84422E+02  0.77017E+02  0.64514E+02  0.56840E+02  0.57468E+02  0.51687E+02
  0.48852E+02  0.45114E+02  0.37669E+02  0.30459E+02  0.17677E+02  0.54942E+01
 -0.76433E+01 -0.23608E+02 -0.42462E+02 -0.59519E+02 -0.77399E+02 -0.93097E+02
 -0.10403E+03 -0.11352E+03 -0.11910E+03 -0.12001E+03 -0.10936E+03 -0.10193E+03
 -0.95980E+02 -0.82340E+02 -0.65622E+02 -0.51266E+02 -0.34970E+02 -0.20248E+02
 -0.15796E+02 -0.43728E+01  0.13038E+02  0.20767E+02  0.25612E+02  0.30812E+02
  0.30570E+02  0.28644E+02  0.21662E+02  0.14986E+02  0.50905E+01 -0.27364E+01
 -0.44576E+01 -0.99789E+01 -0.81408E+01 -0.11318E+02 -0.22666E+02 -0.26360E+02
 -0.37173E+02 -0.40852E+02 -0.29865E+02 -0.26766E+02 -0.18816E+02 -0.80258E+01
  0.22489E+01  0.13520E+02  0.24460E+02  0.32140E+02  0.37819E+02  0.39881E+02
  0.20347E+02  0.17735E+02  0.31916E+02  0.27458E+02  0.39489E+02  0.35106E+02
 -0.32903E+01 -0.17925E+02 -0.50688E+02 -0.76567E+02 -0.51435E+02 -0.69224E+02
 -0.13136E+03 -0.14072E+03 -0.12630E+03 -0.13700E+03 -0.13149E+03 -0.12397E+03
 -0.12039E+03 -0.11289E+03 -0.11178E+03 -0.10798E+03 -0.10581E+03 -0.10623E+03
 -0.10918E+03 -0.11003E+03 -0.11797E+03 -0.11803E+03 -0.92483E+02 -0.89502E+02
 -0.10391E+03 -0.99598E+02 -0.99562E+02 -0.10244E+03 -0.98142E+02 -0.97852E+02
 -0.10143E+03 -0.97338E+02 -0.90706E+02 -0.81596E+02 -0.60639E+02 -0.41752E+02
 -0.20836E+02  0.28430E+01  0.41188E+02  0.60612E+02  0.48157E+02  0.56470E+02
  0.57825E+02  0.51170E+02  0.52847E+02  0.45589E+02  0.35180E+02  0.26423E+02
  0.13572E+02  0.29245E+01 -0.60507E+01 -0.14355E+02 -0.16853E+02 -0.19904E+02
 -0.19319E+02 -0.17274E+02 -0.14683E+02 -0.95218E+01 -0.24057E+01  0.44957E+01
  0.12459E+02  0.19675E+02  0.25410E+02  0.30178E+02  0.31333E+02  0.33021E+02
  0.30367E+02  0.27331E+02  0.34981E+02  0.28474E+02 -0.55204E+01 -0.15159E+02
 -0.10431E+02 -0.19855E+02 -0.23728E+02 -0.21169E+02 -0.26918E+01  0.29060E+01
 -0.72233E+01 -0.15033E+01 -0.74059E+00  0.53546E+00  0.11287E+02  0.16978E+02
  0.27416E+02  0.35298E+02  0.40451E+02  0.44711E+02  0.38919E+02  0.36476E+02
  0.33328E+02  0.25898E+02  0.16052E+02  0.78653E+01  0.17836E+01 -0.58967E+01
 -0.11189E+02 -0.16568E+02 -0.18552E+02 -0.23979E+02 -0.32491E+02 -0.38657E+02
 -0.57535E+02 -0.63201E+02 -0.52049E+02 -0.51566E+02 -0.40123E+02 -0.31812E+02
 -0.27877E+02 -0.23020E+02 -0.34322E+02 -0.36657E+02 -0.37566E+02 -0.43315E+02
 -0.43552E+02 -0.44648E+02 -0.48347E+02 -0.45612E+02 -0.28589E+02 -0.22205E+02
 -0.24600E+02 -0.15584E+02 -0.54385E+01  0.94511E+00  0.11212E+02  0.17075E+02
  0.20910E+02  0.22283E+02  0.66634E+01  0.26562E+01  0.70618E+01  0.18773E+01
  0.27755E+01  0.28667E+01  0.83490E+00  0.21548E+00  0.10021E+01 -0.14896E+01
 -0.14558E+02 -0.18317E+02 -0.14383E+02 -0.17902E+02 -0.18554E+02 -0.17945E+02
 -0.19361E+02 -0.18569E+02 -0.17529E+02 -0.16141E+02 -0.12983E+02 -0.10636E+02
 -0.77421E+01 -0.49536E+01 -0.47425E+01 -0.24655E+01  0.17778E+01  0.38044E+01
  0.44429E+01  0.68714E+01  0.10682E+02  0.12536E+02  0.13903E+02  0.15472E+02
  0.15203E+02  0.15580E+02  0.16113E+02  0.15651E+02  0.16704E+02  0.15080E+02
  0.11915E+02  0.75028E+01 -0.21276E+01 -0.10475E+02 -0.21534E+02 -0.31754E+02
 -0.40639E+02 -0.48951E+02 -0.51867E+02 -0.55700E+02 -0.58071E+02 -0.57470E+02
 -0.52857E+02 -0.49711E+02 -0.47020E+02 -0.42686E+02 -0.39570E+02 -0.36878E+02
 -0.35016E+02 -0.34231E+02 -0.37814E+02 -0.38792E+02 -0.38356E+02 -0.39924E+02
 -0.39522E+02 -0.39407E+02 -0.41525E+02 -0.39373E+02 -0.34671E+02 -0.28890E+02
 -0.16354E+02 -0.54007E+01  0.86501E+01  0.21888E+02  0.33228E+02  0.43445E+02
  0.47870E+02  0.52735E+02  0.48230E+02  0.49146E+02  0.57512E+02  0.58041E+02
  0.64412E+02  0.65982E+02  0.59055E+02  0.56523E+02  0.46351E+02  0.39657E+02
  0.39285E+02  0.33318E+02  0.32650E+02  0.28714E+02  0.19024E+02  0.13428E+02
  0.39761E+01 -0.35839E+01 -0.74325E+01 -0.13335E+02 -0.15796E+02 -0.18890E+02
 -0.23328E+02 -0.24916E+02 -0.26506E+02 -0.26627E+02 -0.24052E+02 -0.21299E+02
 -0.15931E+02 -0.10526E+02 -0.41192E+01  0.20765E+01  0.74489E+01  0.12522E+02
  0.14521E+02  0.17180E+02  0.19274E+02  0.19846E+02  0.18060E+02  0.17574E+02
  0.20066E+02  0.18385E+02  0.16194E+02  0.12830E+02  0.47495E+01 -0.24058E+01
 -0.13343E+02 -0.22888E+02 -0.30495E+02 -0.39305E+02 -0.44061E+02 -0.50282E+02
 -0.56543E+02 -0.60961E+02 -0.66366E+02 -0.69383E+02 -0.70829E+02 -0.71404E+02
 -0.66683E+02 -0.64454E+02 -0.64294E+02 -0.60529E+02 -0.57887E+02 -0.54257E+02
 -0.47690E+02 -0.42951E+02 -0.38818E+02 -0.33362E+02 -0.29246E+02 -0.23825E+02
 -0.17661E+02 -0.11110E+02 -0.20920E+01  0.58239E+01  0.15488E+02  0.23810E+02
  0.27873E+02  0.34593E+02  0.42489E+02  0.47065E+02  0.48786E+02  0.52069E+02
  0.56498E+02  0.57495E+02  0.55784E+02  0.55419E+02  0.53602E+02  0.51641E+02
  0.50272E+02  0.48888E+02  0.48955E+02  0.48888E+02  0.51128E+02  0.51926E+02
  0.52017E+02  0.52299E+02  0.49976E+02  0.48340E+02  0.46054E+02  0.42899E+02
  0.39314E+02  0.35509E+02  0.32135E+02  0.27762E+02  0.22760E+02  0.18362E+02
  0.12105E+02  0.81947E+01  0.83166E+01  0.61711E+01  0.46732E+01  0.52434E+01
  0.50663E+01  0.72326E+01  0.13391E+02  0.17870E+02  0.22337E+02  0.28902E+02
  0.35922E+02  0.42548E+02  0.50544E+02  0.56435E+02  0.59128E+02  0.62673E+02
  0.62652E+02  0.63300E+02  0.64369E+02  0.63937E+02  0.64379E+02  0.64517E+02
  0.63915E+02  0.64571E+02  0.68797E+02  0.69821E+02  0.68738E+02  0.69608E+02
  0.68722E+02  0.67890E+02  0.67584E+02  0.66470E+02  0.64430E+02  0.63611E+02
  0.64164E+02  0.64062E+02  0.65030E+02  0.65898E+02  0.68290E+02  0.68520E+02
  0.66806E+02  0.64750E+02  0.57149E+02  0.52423E+02  0.46929E+02  0.41469E+02
  0.42977E+02  0.39840E+02  0.32851E+02  0.31640E+02  0.33798E+02  0.32740E+02
  0.32020E+02  0.32601E+02  0.32157E+02  0.32112E+02  0.32604E+02  0.31886E+02
  0.30588E+02  0.28605E+02  0.24404E+02  0.20528E+02  0.15255E+02  0.10137E+02
  0.51475E+01  0.40376E+00 -0.29395E+01 -0.59636E+01 -0.74222E+01 -0.79705E+01
 -0.71083E+01 -0.50284E+01 -0.12156E+01  0.33640E+01  0.93562E+01  0.16007E+02
  0.23110E+02  0.31004E+02  0.39394E+02  0.47544E+02  0.56160E+02  0.63400E+02
  0.68788E+02  0.73631E+02  0.75399E+02  0.76948E+02  0.76793E+02  0.75723E+02
  0.74053E+02  0.71632E+02  0.68990E+02  0.66360E+02  0.64083E+02  0.61449E+02
  0.62583E+02  0.59418E+02  0.50339E+02  0.45842E+02  0.38869E+02  0.32277E+02
  0.33272E+02  0.27032E+02  0.16638E+02  0.94640E+01 -0.38124E+01 -0.13612E+02
 -0.21991E+02 -0.29795E+02 -0.29240E+02 -0.32197E+02 -0.32951E+02 -0.32597E+02
 -0.35829E+02 -0.35790E+02 -0.35351E+02 -0.35821E+02 -0.35896E+02 -0.35661E+02
 -0.36288E+02 -0.35306E+02 -0.32792E+02 -0.30635E+02 -0.24928E+02 -0.21977E+02
 -0.21101E+02 -0.19454E+02 -0.22142E+02 -0.23607E+02 -0.25129E+02 -0.28552E+02
 -0.31583E+02 -0.35760E+02 -0.40764E+02 -0.46203E+02 -0.52485E+02 -0.59383E+02
 -0.67290E+02 -0.75368E+02 -0.84066E+02 -0.92765E+02 -0.10150E+03 -0.10984E+03
 -0.11752E+03 -0.12446E+03 -0.13010E+03 -0.13458E+03 -0.13763E+03 -0.13862E+03
 -0.13726E+03 -0.13387E+03 -0.12682E+03 -0.11862E+03 -0.10731E+03 -0.95226E+02
 -0.81751E+02 -0.68047E+02 -0.54795E+02 -0.42137E+02 -0.31547E+02 -0.22214E+02
 -0.16562E+02 -0.11674E+02 -0.10868E+02 -0.95721E+01 -0.98166E+01 -0.93411E+01
 -0.48842E+01 -0.27475E+01  0.35803E+01  0.72637E+01  0.76967E+01  0.10164E+02
  0.90220E+01  0.88387E+01  0.96080E+01  0.84247E+01  0.78618E+01  0.64557E+01
  0.38434E+01  0.15352E+01 -0.13769E+01 -0.46598E+01 -0.77587E+01 -0.11605E+02
 -0.16021E+02 -0.20376E+02 -0.25234E+02 -0.30069E+02 -0.34839E+02 -0.39719E+02
 -0.44212E+02 -0.48862E+02 -0.53271E+02 -0.57789E+02 -0.62407E+02 -0.66783E+02
 -0.72192E+02 -0.76140E+02 -0.78561E+02 -0.81373E+02 -0.82238E+02 -0.83959E+02
 -0.84251E+02 -0.86491E+02 -0.94856E+02 -0.98182E+02 -0.10303E+03 -0.10608E+03
 -0.10017E+03 -0.99118E+02 -0.97732E+02 -0.93123E+02 -0.90028E+02 -0.85095E+02
 -0.78552E+02 -0.72679E+02 -0.65836E+02 -0.59469E+02 -0.53828E+02 -0.48437E+02
 -0.45421E+02 -0.41551E+02 -0.38637E+02 -0.35726E+02 -0.31252E+02 -0.28340E+02
 -0.24980E+02 -0.22253E+02 -0.21384E+02 -0.19674E+02 -0.18986E+02 -0.18053E+02
 -0.16001E+02 -0.14820E+02 -0.12983E+02 -0.11429E+02 -0.10130E+02 -0.87561E+01
 -0.88020E+01 -0.74346E+01 -0.55764E+01 -0.36267E+01  0.18769E+01  0.45518E+01
  0.67458E+01  0.81614E+01  0.50803E+01  0.33557E+01 -0.30920E+01 -0.67777E+01
 -0.50493E+01 -0.75723E+01 -0.92540E+01 -0.88035E+01 -0.84496E+01 -0.66980E+01
 -0.20704E+01  0.12539E+01  0.58364E+01  0.94466E+01  0.10052E+02  0.11807E+02
  0.10706E+02  0.10354E+02  0.10214E+02  0.96029E+01  0.10640E+02  0.11173E+02
  0.12780E+02  0.14418E+02  0.16413E+02  0.18506E+02  0.19837E+02  0.22173E+02
  0.23941E+02  0.26869E+02  0.32064E+02  0.36187E+02  0.42184E+02  0.46864E+02
  0.50013E+02  0.53390E+02  0.52820E+02  0.54084E+02  0.56379E+02  0.56365E+02
  0.58000E+02  0.57551E+02  0.53801E+02  0.51724E+02  0.48560E+02  0.44883E+02
  0.41667E+02  0.38198E+02  0.35547E+02  0.32837E+02  0.30811E+02  0.28985E+02
  0.27532E+02  0.26418E+02  0.25602E+02  0.24981E+02  0.24647E+02  0.24253E+02
  0.23644E+02  0.23258E+02  0.22234E+02  0.21926E+02  0.21929E+02  0.22172E+02
  0.23854E+02  0.25042E+02  0.26400E+02  0.28370E+02  0.30064E+02  0.32309E+02
  0.35386E+02  0.37894E+02  0.40275E+02  0.42799E+02  0.44765E+02  0.46761E+02
  0.48456E+02  0.49914E+02  0.51219E+02  0.52128E+02  0.52757E+02  0.53035E+02
  0.52711E+02  0.52230E+02  0.51236E+02  0.50380E+02  0.49485E+02  0.47709E+02
  0.49417E+02  0.46491E+02  0.33650E+02  0.28368E+02  0.28528E+02  0.20840E+02
  0.10043E+02  0.39342E+01 -0.25320E+01 -0.87648E+01 -0.97973E+01 -0.13394E+02
 -0.16903E+02 -0.18950E+02 -0.22867E+02 -0.24939E+02 -0.27526E+02 -0.28575E+02
 -0.25718E+02 -0.24647E+02 -0.22936E+02 -0.19557E+02 -0.17626E+02 -0.13441E+02
 -0.52809E+01  0.37690E+00  0.37569E+01  0.10053E+02  0.20905E+02  0.25509E+02
  0.22135E+02  0.24936E+02  0.26466E+02  0.26152E+02  0.30432E+02  0.30774E+02
  0.28242E+02  0.28390E+02  0.27163E+02  0.26270E+02  0.27771E+02  0.27657E+02
  0.27815E+02  0.28339E+02  0.28407E+02  0.28487E+02  0.28086E+02  0.27597E+02
  0.26506E+02  0.25625E+02  0.24655E+02  0.23348E+02  0.24082E+02  0.22040E+02
  0.16312E+02  0.13092E+02  0.75395E+01  0.30789E+01  0.28725E+01 -0.48755E+00
 -0.38798E+01 -0.59689E+01 -0.91446E+01 -0.11238E+02 -0.13733E+02 -0.14773E+02
 -0.12485E+02 -0.11975E+02 -0.99127E+01 -0.83923E+01 -0.10063E+02 -0.94883E+01
 -0.92476E+01 -0.97770E+01 -0.96869E+01 -0.10099E+02 -0.10707E+02 -0.11193E+02
 -0.11777E+02 -0.12400E+02 -0.13014E+02 -0.13606E+02 -0.14150E+02 -0.14630E+02
 -0.15024E+02 -0.15279E+02 -0.15568E+02 -0.15390E+02 -0.14972E+02 -0.13986E+02
 -0.11993E+02 -0.98670E+01 -0.66391E+01 -0.35064E+01 -0.62400E-01  0.33890E+01
  0.61573E+01  0.92099E+01  0.11626E+02  0.14006E+02  0.16343E+02  0.18130E+02
  0.19725E+02  0.20924E+02  0.21705E+02  0.21584E+02  0.22366E+02  0.19940E+02
  0.12577E+02  0.71417E+01 -0.18106E+01 -0.98163E+01 -0.14978E+02 -0.22167E+02
 -0.27763E+02 -0.32257E+02 -0.36432E+02 -0.38388E+02 -0.36535E+02 -0.35737E+02
 -0.32849E+02 -0.30184E+02 -0.29745E+02 -0.27442E+02 -0.26902E+02 -0.25499E+02
 -0.22664E+02 -0.21122E+02 -0.18792E+02 -0.17284E+02 -0.16022E+02 -0.15935E+02
 -0.19739E+02 -0.21190E+02 -0.24464E+02 -0.26014E+02 -0.22324E+02 -0.21076E+02
 -0.17357E+02 -0.13136E+02 -0.86230E+01 -0.41856E+01 -0.16726E+01  0.19195E+01
  0.34022E+01  0.59846E+01  0.10952E+02  0.13368E+02  0.15344E+02  0.17797E+02
  0.18240E+02  0.19791E+02  0.22008E+02  0.23523E+02  0.26060E+02  0.28195E+02
  0.30497E+02  0.32639E+02  0.34377E+02  0.35807E+02  0.36799E+02  0.36882E+02
  0.35351E+02  0.33958E+02  0.30574E+02  0.28015E+02  0.27782E+02  0.24746E+02
  0.21913E+02  0.18338E+02  0.11310E+02  0.59259E+01 -0.54746E+00 -0.66082E+01
 -0.11278E+02 -0.15716E+02 -0.16720E+02 -0.18928E+02 -0.20134E+02 -0.21056E+02
 -0.23696E+02 -0.24933E+02 -0.26999E+02 -0.28363E+02 -0.29304E+02 -0.29587E+02
 -0.27310E+02 -0.26067E+02 -0.23817E+02 -0.21568E+02 -0.21130E+02 -0.19103E+02
 -0.17097E+02 -0.15320E+02 -0.12816E+02 -0.10573E+02 -0.81811E+01 -0.57272E+01
 -0.33698E+01 -0.99533E+00  0.95913E+00  0.32617E+01  0.55976E+01  0.79667E+01
  0.11005E+02  0.13542E+02  0.16211E+02  0.18466E+02  0.20288E+02  0.21366E+02
  0.21153E+02  0.20387E+02  0.17774E+02  0.15008E+02  0.11019E+02  0.70422E+01
  0.29262E+01 -0.93674E+00 -0.27761E+01 -0.58424E+01 -0.73428E+01 -0.10119E+02
 -0.15338E+02 -0.19039E+02 -0.25490E+02 -0.29840E+02 -0.31948E+02 -0.34712E+02
 -0.33777E+02 -0.33839E+02 -0.33414E+02 -0.32056E+02 -0.32807E+02 -0.30923E+02
 -0.28405E+02 -0.25170E+02 -0.17816E+02 -0.12521E+02 -0.60598E+01 -0.37906E+00
  0.12575E+01  0.49049E+01  0.58327E+01  0.75998E+01  0.11375E+02  0.13392E+02
  0.16924E+02  0.19797E+02  0.22321E+02  0.24782E+02  0.26211E+02  0.27480E+02
  0.27480E+02  0.27577E+02  0.27068E+02  0.26571E+02  0.26618E+02  0.26228E+02
  0.26896E+02  0.26602E+02  0.26100E+02  0.25172E+02  0.22178E+02  0.20055E+02
  0.17035E+02  0.14266E+02  0.12622E+02  0.10532E+02  0.95890E+01  0.85670E+01
  0.83451E+01  0.77310E+01  0.67522E+01  0.57133E+01  0.31931E+01  0.13400E+01
 -0.17121E+01 -0.36705E+01 -0.37771E+01 -0.47624E+01 -0.35085E+01 -0.32845E+01
 -0.41876E+01 -0.40724E+01 -0.50094E+01 -0.58534E+01 -0.68291E+01 -0.82300E+01
 -0.94867E+01 -0.11247E+02 -0.13772E+02 -0.16164E+02 -0.17891E+02 -0.20837E+02
 -0.26696E+02 -0.29731E+02 -0.30111E+02 -0.32764E+02 -0.34521E+02 -0.35560E+02
 -0.37264E+02 -0.37822E+02 -0.37597E+02 -0.37312E+02 -0.36001E+02 -0.34741E+02
 -0.33172E+02 -0.31198E+02 -0.31281E+02 -0.28085E+02 -0.22420E+02 -0.17228E+02
 -0.55666E+01  0.16467E+01  0.50690E+01  0.11379E+02  0.12048E+02  0.15091E+02
  0.20255E+02  0.22500E+02  0.26526E+02  0.29260E+02  0.30160E+02  0.32025E+02
  0.32500E+02  0.33363E+02  0.35243E+02  0.36107E+02  0.37581E+02  0.38628E+02
  0.39064E+02  0.39683E+02  0.39649E+02  0.39561E+02  0.39811E+02  0.38986E+02
  0.37689E+02  0.35856E+02  0.32279E+02  0.29120E+02  0.25071E+02  0.21330E+02
  0.18113E+02  0.15114E+02  0.14149E+02  0.12483E+02  0.11931E+02  0.11117E+02
  0.93043E+01  0.81945E+01  0.62470E+01  0.43993E+01  0.25298E+01  0.28164E+00
 -0.19894E+01 -0.44714E+01 -0.73236E+01 -0.99733E+01 -0.12764E+02 -0.15286E+02
 -0.17385E+02 -0.19303E+02 -0.20467E+02 -0.21519E+02 -0.21990E+02 -0.22315E+02
 -0.22427E+02 -0.22345E+02 -0.22534E+02 -0.22308E+02 -0.21633E+02 -0.21496E+02
 -0.21675E+02 -0.21564E+02 -0.22440E+02 -0.22816E+02 -0.20681E+02 -0.21763E+02
 -0.26290E+02 -0.28145E+02 -0.32868E+02 -0.35560E+02 -0.33422E+02 -0.34158E+02
 -0.33377E+02 -0.31601E+02 -0.30110E+02 -0.27846E+02 -0.25722E+02 -0.23231E+02
 -0.20612E+02 -0.18055E+02 -0.15176E+02 -0.12896E+02 -0.11010E+02 -0.95924E+01
 -0.95668E+01 -0.94912E+01 -0.10604E+02 -0.11580E+02 -0.12544E+02 -0.13747E+02
 -0.13888E+02 -0.14824E+02 -0.15480E+02 -0.16423E+02 -0.18563E+02 -0.19945E+02
 -0.21853E+02 -0.23420E+02 -0.23884E+02 -0.24929E+02 -0.25187E+02 -0.25717E+02
 -0.26838E+02 -0.27464E+02 -0.28561E+02 -0.29435E+02 -0.30203E+02 -0.30930E+02
 -0.31170E+02 -0.31519E+02 -0.31545E+02 -0.31564E+02 -0.31681E+02 -0.31549E+02
 -0.31756E+02 -0.31405E+02 -0.30425E+02 -0.29724E+02 -0.27906E+02 -0.27085E+02
 -0.26987E+02 -0.26986E+02 -0.28967E+02 -0.30367E+02 -0.32894E+02 -0.34850E+02
 -0.35808E+02 -0.36867E+02 -0.35862E+02 -0.35428E+02 -0.34102E+02 -0.32526E+02
 -0.33332E+02 -0.30691E+02 -0.25882E+02 -0.21691E+02 -0.11930E+02 -0.58895E+01
 -0.33658E+01  0.18747E+01  0.31464E+01  0.55130E+01  0.89488E+01  0.10406E+02
  0.12545E+02  0.13922E+02  0.14367E+02  0.14907E+02  0.14794E+02  0.14319E+02
  0.13538E+02  0.12427E+02  0.10580E+02  0.91156E+01  0.83509E+01  0.67703E+01
  0.56571E+01  0.40433E+01  0.14344E+01 -0.76121E+00 -0.38041E+01 -0.63049E+01
 -0.92154E+01 -0.10940E+02 -0.97855E+01 -0.10036E+02 -0.85375E+01 -0.77128E+01
 -0.87565E+01 -0.87361E+01 -0.10523E+02 -0.11640E+02 -0.13117E+02 -0.14158E+02
 -0.12688E+02 -0.12951E+02 -0.12573E+02 -0.12494E+02 -0.14700E+02 -0.15583E+02
 -0.16963E+02 -0.18665E+02 -0.19237E+02 -0.21220E+02 -0.22688E+02 -0.25622E+02
 -0.32382E+02 -0.36780E+02 -0.42698E+02 -0.47572E+02 -0.48300E+02 -0.51110E+02
 -0.52414E+02 -0.52919E+02 -0.53518E+02 -0.53396E+02 -0.53480E+02 -0.52961E+02
 -0.52801E+02 -0.51576E+02 -0.49669E+02 -0.47039E+02 -0.42602E+02 -0.37887E+02
 -0.31706E+02 -0.25122E+02 -0.17535E+02 -0.10164E+02 -0.28776E+01  0.38845E+01
  0.93042E+01  0.13823E+02  0.16161E+02  0.18051E+02  0.15368E+02  0.15319E+02
  0.19643E+02  0.19318E+02  0.18383E+02  0.19581E+02  0.18483E+02  0.20079E+02
  0.27320E+02  0.30486E+02  0.34749E+02  0.38887E+02  0.37818E+02  0.39819E+02
  0.42058E+02  0.42341E+02  0.42778E+02  0.43185E+02  0.43460E+02  0.43602E+02
  0.44379E+02  0.44241E+02  0.43317E+02  0.43351E+02  0.40572E+02  0.40809E+02
  0.49258E+02  0.50493E+02  0.47382E+02  0.48278E+02  0.48214E+02  0.45339E+02
  0.36126E+02  0.31884E+02  0.32887E+02  0.28078E+02  0.24287E+02  0.20990E+02
  0.14776E+02  0.10252E+02  0.53649E+01  0.67970E+00 -0.28645E+01 -0.61078E+01
 -0.73005E+01 -0.87369E+01 -0.92421E+01 -0.92657E+01 -0.97570E+01 -0.91537E+01
 -0.82260E+01 -0.70680E+01 -0.55098E+01 -0.35245E+01 -0.85819E+00  0.16783E+01
  0.51007E+01  0.76082E+01  0.86678E+01  0.10414E+02  0.10609E+02  0.11299E+02
  0.12597E+02  0.13175E+02  0.14230E+02  0.15231E+02  0.16412E+02  0.17660E+02
  0.18633E+02  0.20064E+02  0.22280E+02  0.23732E+02  0.25262E+02  0.26493E+02
  0.26140E+02  0.26515E+02  0.27062E+02  0.26674E+02  0.25823E+02  0.25199E+02
  0.24421E+02  0.23474E+02  0.22714E+02  0.21873E+02  0.20790E+02  0.20267E+02
  0.20183E+02  0.20389E+02  0.21217E+02  0.22678E+02  0.25433E+02  0.28188E+02
  0.31886E+02  0.35563E+02  0.39282E+02  0.42840E+02  0.45721E+02  0.48131E+02
  0.49528E+02  0.50043E+02  0.48556E+02  0.47110E+02  0.43551E+02  0.41007E+02
  0.39806E+02  0.37817E+02  0.38147E+02  0.37804E+02  0.37578E+02  0.38193E+02
  0.38704E+02  0.39598E+02  0.40267E+02  0.41647E+02  0.43692E+02  0.45632E+02
  0.48803E+02  0.51154E+02  0.52563E+02  0.54652E+02  0.55611E+02  0.57018E+02
  0.58883E+02  0.60117E+02  0.61803E+02  0.63167E+02  0.64400E+02  0.64794E+02
  0.66329E+02  0.65073E+02  0.56443E+02  0.52879E+02  0.52662E+02  0.47574E+02
  0.41396E+02  0.37857E+02  0.35907E+02  0.32351E+02  0.30749E+02  0.27829E+02
  0.21655E+02  0.17973E+02  0.13667E+02  0.92989E+01  0.66412E+01  0.34348E+01
  0.82591E+00 -0.11427E+01 -0.18325E+01 -0.31963E+01 -0.51956E+01 -0.61273E+01
 -0.87240E+01 -0.91848E+01 -0.68832E+01 -0.59758E+01 -0.25186E+01 -0.14562E-01
  0.13324E+00  0.24456E+01  0.42485E+01  0.60043E+01  0.73602E+01  0.10020E+02
  0.15604E+02  0.18903E+02  0.24269E+02  0.27407E+02  0.23635E+02  0.24535E+02
  0.25900E+02  0.24809E+02  0.25712E+02  0.25274E+02  0.24347E+02  0.23411E+02
  0.21205E+02  0.19185E+02  0.16396E+02  0.13754E+02  0.11179E+02  0.87169E+01
  0.74388E+01  0.56134E+01  0.43596E+01  0.30835E+01  0.10044E+01 -0.92706E-01
 -0.11873E+01 -0.18333E+01 -0.16533E+01 -0.10467E+01  0.66204E+00  0.27975E+01
  0.61612E+01  0.95828E+01  0.13577E+02  0.17524E+02  0.21159E+02  0.24603E+02
  0.26789E+02  0.29109E+02  0.30290E+02  0.31524E+02  0.32902E+02  0.33477E+02
  0.34377E+02  0.34524E+02  0.33486E+02  0.32959E+02  0.32450E+02  0.31127E+02
  0.30201E+02  0.28135E+02  0.24734E+02  0.21744E+02  0.15705E+02  0.12514E+02
  0.12333E+02  0.10996E+02  0.13337E+02  0.15249E+02  0.18182E+02  0.21396E+02
  0.23839E+02  0.26440E+02  0.27207E+02  0.28244E+02  0.28097E+02  0.27646E+02
  0.26914E+02  0.25664E+02  0.24265E+02  0.22764E+02  0.21125E+02  0.19882E+02
  0.19111E+02  0.18722E+02  0.19542E+02  0.20439E+02  0.22414E+02  0.24389E+02
  0.26782E+02  0.28998E+02  0.30580E+02  0.32190E+02  0.32658E+02  0.33227E+02
  0.33212E+02  0.32965E+02  0.32575E+02  0.31998E+02  0.31459E+02  0.30907E+02
  0.30773E+02  0.30398E+02  0.30273E+02  0.30016E+02  0.29486E+02  0.29019E+02
  0.28540E+02  0.27659E+02  0.25995E+02  0.24808E+02  0.23259E+02  0.22021E+02
  0.21834E+02  0.21136E+02  0.20899E+02  0.20736E+02  0.20782E+02  0.20436E+02
  0.19558E+02  0.18606E+02  0.16316E+02  0.14633E+02  0.12594E+02  0.10863E+02
  0.10149E+02  0.94133E+01  0.99121E+01  0.10588E+02  0.11944E+02  0.13771E+02
  0.16028E+02  0.18606E+02  0.21431E+02  0.24333E+02  0.27332E+02  0.30037E+02
  0.32338E+02  0.34270E+02  0.35209E+02  0.35770E+02  0.35919E+02  0.34652E+02
  0.31475E+02  0.28535E+02  0.23047E+02  0.18970E+02  0.18324E+02  0.14104E+02
  0.10519E+02  0.65119E+01 -0.29392E+01 -0.79123E+01 -0.10463E+02 -0.14935E+02
 -0.15188E+02 -0.16977E+02 -0.20132E+02 -0.20933E+02 -0.22293E+02 -0.23074E+02
 -0.22441E+02 -0.22447E+02 -0.22022E+02 -0.21551E+02 -0.21881E+02 -0.21623E+02
 -0.21551E+02 -0.21582E+02 -0.21457E+02 -0.21494E+02 -0.21542E+02 -0.21624E+02
 -0.21828E+02 -0.22031E+02 -0.22333E+02 -0.22671E+02 -0.23046E+02 -0.23471E+02
 -0.23898E+02 -0.24421E+02 -0.24680E+02 -0.25475E+02 -0.26765E+02 -0.27974E+02
 -0.30351E+02 -0.31953E+02 -0.32672E+02 -0.34204E+02 -0.34855E+02 -0.36046E+02
 -0.38131E+02 -0.39623E+02 -0.41568E+02 -0.43540E+02 -0.45445E+02 -0.47328E+02
 -0.49416E+02 -0.50776E+02 -0.51076E+02 -0.51612E+02 -0.50826E+02 -0.50502E+02
 -0.50684E+02 -0.50361E+02 -0.50158E+02 -0.50721E+02 -0.52022E+02 -0.53683E+02
 -0.57416E+02 -0.60131E+02 -0.63281E+02 -0.65951E+02 -0.66276E+02 -0.67490E+02
 -0.67333E+02 -0.66999E+02 -0.66734E+02 -0.65939E+02 -0.65289E+02 -0.64470E+02
 -0.64709E+02 -0.63608E+02 -0.61762E+02 -0.59814E+02 -0.55812E+02 -0.52461E+02
 -0.48644E+02 -0.44683E+02 -0.41213E+02 -0.38020E+02 -0.35597E+02 -0.33906E+02
 -0.34374E+02 -0.34403E+02 -0.35328E+02 -0.36571E+02 -0.37430E+02 -0.38648E+02
 -0.39553E+02 -0.40157E+02 -0.39822E+02 -0.39646E+02 -0.39017E+02 -0.38069E+02
 -0.36995E+02 -0.35653E+02 -0.34185E+02 -0.32623E+02 -0.30999E+02 -0.29363E+02
 -0.27800E+02 -0.26287E+02 -0.25008E+02 -0.23722E+02 -0.22593E+02 -0.21518E+02
 -0.20682E+02 -0.19628E+02 -0.18427E+02 -0.17180E+02 -0.15302E+02 -0.13695E+02
 -0.11845E+02 -0.10158E+02 -0.85493E+01 -0.74522E+01 -0.68341E+01 -0.70518E+01
 -0.87567E+01 -0.10859E+02 -0.14872E+02 -0.18770E+02 -0.23531E+02 -0.28114E+02
 -0.32150E+02 -0.35893E+02 -0.37683E+02 -0.39714E+02 -0.40167E+02 -0.40632E+02
 -0.41156E+02 -0.41015E+02 -0.41272E+02 -0.41179E+02 -0.41199E+02 -0.41180E+02
 -0.41162E+02 -0.41116E+02 -0.41202E+02 -0.40982E+02 -0.40598E+02 -0.39965E+02
 -0.38697E+02 -0.37443E+02 -0.35721E+02 -0.33858E+02 -0.32123E+02 -0.29893E+02
 -0.26940E+02 -0.24632E+02 -0.22338E+02 -0.20276E+02 -0.19663E+02 -0.18380E+02
 -0.17103E+02 -0.16597E+02 -0.15583E+02 -0.15733E+02 -0.17019E+02 -0.18410E+02
 -0.21745E+02 -0.24386E+02 -0.27439E+02 -0.30161E+02 -0.31080E+02 -0.32527E+02
 -0.32840E+02 -0.32492E+02 -0.31955E+02 -0.30018E+02 -0.26514E+02 -0.22949E+02
 -0.17870E+02 -0.12979E+02 -0.79185E+01 -0.31317E+01  0.48497E+00  0.38579E+01
  0.50653E+01  0.65911E+01  0.70434E+01  0.73238E+01  0.81988E+01  0.83396E+01
  0.89493E+01  0.93860E+01  0.99092E+01  0.10458E+02  0.10986E+02  0.11525E+02
  0.11988E+02  0.12433E+02  0.12749E+02  0.13186E+02  0.12886E+02  0.13799E+02
  0.15569E+02  0.17660E+02  0.22469E+02  0.26024E+02  0.30318E+02  0.34028E+02
  0.35339E+02  0.37361E+02  0.37147E+02  0.37151E+02  0.37098E+02  0.36227E+02
  0.35633E+02  0.34796E+02  0.34133E+02  0.33443E+02  0.33387E+02  0.32760E+02
  0.31955E+02  0.31138E+02  0.29119E+02  0.27862E+02  0.26864E+02  0.25549E+02
  0.25067E+02  0.24205E+02  0.23244E+02  0.22617E+02  0.21840E+02  0.21234E+02
  0.20740E+02  0.20281E+02  0.20203E+02  0.19823E+02  0.19440E+02  0.18865E+02
  0.17619E+02  0.16525E+02  0.14948E+02  0.13383E+02  0.11754E+02  0.10168E+02
  0.86863E+01  0.75120E+01  0.69275E+01  0.65657E+01  0.71804E+01  0.73892E+01
  0.89931E+01  0.92432E+01  0.52819E+01  0.49532E+01  0.63596E+01  0.57802E+01
  0.65749E+01  0.75030E+01  0.83932E+01  0.97313E+01  0.11145E+02  0.12673E+02
  0.14248E+02  0.15822E+02  0.17354E+02  0.18812E+02  0.20100E+02  0.21251E+02
  0.22141E+02  0.22898E+02  0.23165E+02  0.23609E+02  0.23957E+02  0.24427E+02
  0.25192E+02  0.26111E+02  0.28074E+02  0.29424E+02  0.31095E+02  0.32397E+02
  0.32484E+02  0.32938E+02  0.32655E+02  0.32122E+02  0.31198E+02  0.30244E+02
  0.29220E+02  0.28296E+02  0.27992E+02  0.27471E+02  0.27470E+02  0.27390E+02
  0.27238E+02  0.27305E+02  0.27279E+02  0.27186E+02  0.27537E+02  0.26918E+02
  0.25608E+02  0.23916E+02  0.20085E+02  0.17052E+02  0.13228E+02  0.98181E+01
  0.78993E+01  0.54528E+01  0.53312E+01  0.40450E+01  0.16770E+01  0.71393E+00
 -0.13589E+01 -0.26559E+01 -0.24153E+01 -0.33032E+01 -0.42111E+01 -0.46104E+01
 -0.55535E+01 -0.60614E+01 -0.62557E+01 -0.65937E+01 -0.65643E+01 -0.66866E+01
 -0.65904E+01 -0.68407E+01 -0.79065E+01 -0.85904E+01 -0.97261E+01 -0.10785E+02
 -0.11933E+02 -0.12726E+02 -0.12607E+02 -0.12921E+02 -0.11819E+02 -0.11966E+02
 -0.14022E+02 -0.14727E+02 -0.16976E+02 -0.18429E+02 -0.17821E+02 -0.18899E+02
 -0.19740E+02 -0.20161E+02 -0.21655E+02 -0.22204E+02 -0.21834E+02 -0.22183E+02
 -0.22319E+02 -0.22264E+02 -0.22329E+02 -0.22357E+02 -0.22760E+02 -0.22791E+02
 -0.22986E+02 -0.22723E+02 -0.21713E+02 -0.20710E+02 -0.18768E+02 -0.16923E+02
 -0.14688E+02 -0.12563E+02 -0.10783E+02 -0.90250E+01 -0.82447E+01 -0.70951E+01
 -0.63534E+01 -0.55362E+01 -0.41040E+01 -0.31495E+01 -0.18143E+01 -0.65132E+00
  0.34138E+00  0.98534E+00  0.18629E+01  0.17962E+01 -0.22785E+01 -0.28498E+01
 -0.36917E-01 -0.33439E+00  0.73300E+00  0.20520E+01  0.17015E+01  0.30062E+01
  0.45497E+01  0.60423E+01  0.96536E+01  0.11672E+02  0.12687E+02  0.14435E+02
  0.14341E+02  0.15016E+02  0.16112E+02  0.16526E+02  0.17524E+02  0.18271E+02
  0.19078E+02  0.19855E+02  0.20463E+02  0.21011E+02  0.21230E+02  0.21496E+02
  0.21541E+02  0.21569E+02  0.21667E+02  0.21647E+02  0.21675E+02  0.21668E+02
  0.21670E+02  0.21672E+02  0.21674E+02  0.21681E+02  0.21677E+02  0.21685E+02
  0.21682E+02  0.21713E+02  0.21620E+02  0.21797E+02  0.22234E+02  0.22655E+02
  0.23681E+02  0.24298E+02  0.24653E+02  0.25157E+02  0.25081E+02  0.25208E+02
  0.25374E+02  0.25139E+02  0.25754E+02  0.24814E+02  0.22395E+02  0.20206E+02
  0.15000E+02  0.11319E+02  0.10071E+02  0.56761E+01  0.15807E+01 -0.28479E+01
 -0.11951E+02 -0.17015E+02 -0.19736E+02 -0.23739E+02 -0.23122E+02 -0.24014E+02
 -0.25148E+02 -0.24712E+02 -0.25206E+02 -0.25094E+02 -0.25096E+02 -0.25086E+02
 -0.25067E+02 -0.25079E+02 -0.25064E+02 -0.25002E+02 -0.25170E+02 -0.24914E+02
 -0.23932E+02 -0.23435E+02 -0.22524E+02 -0.21881E+02 -0.22154E+02 -0.21853E+02
 -0.21756E+02 -0.21819E+02 -0.21678E+02 -0.21729E+02 -0.21688E+02 -0.21746E+02
 -0.21955E+02 -0.22034E+02 -0.22359E+02 -0.22347E+02 -0.21869E+02 -0.21549E+02
 -0.20652E+02 -0.20007E+02 -0.19511E+02 -0.18896E+02 -0.18791E+02 -0.18432E+02
 -0.18231E+02 -0.17974E+02 -0.17392E+02 -0.16958E+02 -0.16306E+02 -0.15694E+02
 -0.15060E+02 -0.14461E+02 -0.13974E+02 -0.13536E+02 -0.13396E+02 -0.13134E+02
 -0.12999E+02 -0.12798E+02 -0.12369E+02 -0.12028E+02 -0.11491E+02 -0.10956E+02
 -0.10357E+02 -0.97231E+01 -0.90979E+01 -0.85100E+01 -0.78989E+01 -0.75050E+01
 -0.73262E+01 -0.73424E+01 -0.77349E+01 -0.83557E+01 -0.94603E+01 -0.10705E+02
 -0.12402E+02 -0.14080E+02 -0.15835E+02 -0.17547E+02 -0.19085E+02 -0.20367E+02
 -0.20679E+02 -0.21393E+02 -0.21627E+02 -0.21926E+02 -0.23017E+02 -0.23530E+02
 -0.24413E+02 -0.24245E+02 -0.25992E+02 -0.24221E+02 -0.12244E+02 -0.84838E+01
 -0.95277E+01 -0.51417E+01 -0.45616E+01 -0.36133E+01 -0.17395E+01 -0.11768E+01
  0.23870E+00  0.12352E+01  0.12306E+01  0.25323E+01  0.56558E+01  0.72782E+01
  0.90704E+01  0.10991E+02  0.11755E+02  0.12903E+02  0.13140E+02  0.13804E+02
  0.14858E+02  0.15687E+02  0.17873E+02  0.19117E+02  0.19972E+02  0.21154E+02
  0.21341E+02  0.21887E+02  0.22461E+02  0.22673E+02  0.23018E+02  0.23204E+02
  0.23299E+02  0.23396E+02  0.23413E+02  0.23402E+02  0.23486E+02  0.23377E+02
  0.23207E+02  0.22935E+02  0.22356E+02  0.21796E+02  0.21120E+02  0.20277E+02
  0.19340E+02  0.18357E+02  0.17213E+02  0.15931E+02  0.16026E+02  0.13747E+02
  0.94470E+01  0.55373E+01 -0.34851E+01 -0.88905E+01 -0.11542E+02 -0.15832E+02
 -0.15110E+02 -0.16062E+02 -0.17345E+02 -0.16789E+02 -0.17114E+02 -0.16692E+02
 -0.16184E+02 -0.15526E+02 -0.14495E+02 -0.13478E+02 -0.12107E+02 -0.10923E+02
 -0.98610E+01 -0.88618E+01 -0.85464E+01 -0.79180E+01 -0.76253E+01 -0.71551E+01
 -0.61376E+01 -0.54326E+01 -0.43309E+01 -0.33226E+01 -0.23666E+01 -0.13856E+01
 -0.61495E+00  0.10012E+00  0.54170E+00  0.10106E+01  0.68488E+00  0.13231E+01
  0.26388E+01  0.40672E+01  0.76660E+01  0.10127E+02  0.12915E+02  0.15641E+02
  0.15358E+02  0.17480E+02  0.21010E+02  0.22666E+02  0.26507E+02  0.28045E+02
  0.26037E+02  0.25687E+02  0.23226E+02  0.20569E+02  0.17821E+02  0.14919E+02
  0.13058E+02  0.11034E+02  0.10525E+02  0.97275E+01  0.94523E+01  0.94422E+01
  0.90858E+01  0.92390E+01  0.92575E+01  0.94265E+01  0.97524E+01  0.10054E+02
  0.10494E+02  0.10911E+02  0.11338E+02  0.11749E+02  0.12080E+02  0.12377E+02
  0.12498E+02  0.12635E+02  0.12652E+02  0.12667E+02  0.12709E+02  0.12686E+02
  0.12697E+02  0.12709E+02  0.12646E+02  0.12751E+02  0.12987E+02  0.13273E+02
  0.13954E+02  0.14408E+02  0.15190E+02  0.15441E+02  0.15078E+02  0.14550E+02
  0.12771E+02  0.11159E+02  0.89682E+01  0.66693E+01  0.44194E+01  0.22149E+01
  0.45327E+00 -0.11265E+01 -0.17276E+01 -0.25156E+01 -0.27616E+01 -0.30249E+01
 -0.36607E+01 -0.39328E+01 -0.45166E+01 -0.50224E+01 -0.55802E+01 -0.61294E+01
 -0.66526E+01 -0.71585E+01 -0.75691E+01 -0.76592E+01 -0.83334E+01 -0.79435E+01
 -0.39534E+01 -0.32209E+01 -0.49142E+01 -0.47150E+01 -0.57539E+01 -0.79134E+01
 -0.11097E+02 -0.14427E+02 -0.19858E+02 -0.23620E+02 -0.25448E+02 -0.28121E+02
 -0.27817E+02 -0.28402E+02 -0.29134E+02 -0.28837E+02 -0.29217E+02 -0.29133E+02
 -0.29131E+02 -0.29115E+02 -0.29177E+02 -0.29051E+02 -0.28799E+02 -0.28409E+02
 -0.27581E+02 -0.26765E+02 -0.25635E+02 -0.24484E+02 -0.23243E+02 -0.21827E+02
 -0.21005E+02 -0.19503E+02 -0.16177E+02 -0.14728E+02 -0.14774E+02 -0.13662E+02
 -0.13547E+02 -0.13517E+02 -0.13269E+02 -0.13434E+02 -0.13558E+02 -0.13648E+02
 -0.13647E+02 -0.13584E+02 -0.13300E+02 -0.12960E+02 -0.12407E+02 -0.11818E+02
 -0.11050E+02 -0.10356E+02 -0.97198E+01 -0.91385E+01 -0.88847E+01 -0.85612E+01
 -0.84627E+01 -0.83439E+01 -0.81853E+01 -0.81419E+01 -0.75528E+01 -0.77262E+01
 -0.84201E+01 -0.90813E+01 -0.11236E+02 -0.12526E+02 -0.13334E+02 -0.14647E+02
 -0.14887E+02 -0.15615E+02 -0.16520E+02 -0.17053E+02 -0.17922E+02 -0.18600E+02
 -0.19258E+02 -0.19890E+02 -0.20365E+02 -0.20828E+02 -0.20870E+02 -0.21315E+02
 -0.21864E+02 -0.22604E+02 -0.24228E+02 -0.25561E+02 -0.27366E+02 -0.29016E+02
 -0.30456E+02 -0.31785E+02 -0.32274E+02 -0.32936E+02 -0.33018E+02 -0.33099E+02
 -0.33341E+02 -0.33258E+02 -0.33364E+02 -0.33306E+02 -0.33243E+02 -0.33087E+02
 -0.32944E+02 -0.32479E+02 -0.31651E+02 -0.30725E+02 -0.29045E+02 -0.27678E+02
 -0.26162E+02 -0.24750E+02 -0.24286E+02 -0.23213E+02 -0.22411E+02 -0.21603E+02
 -0.19876E+02 -0.19134E+02 -0.18319E+02 -0.18034E+02 -0.19815E+02 -0.20465E+02
 -0.21620E+02 -0.22724E+02 -0.22139E+02 -0.22611E+02 -0.22857E+02 -0.22747E+02
 -0.22934E+02 -0.22885E+02 -0.22933E+02 -0.22884E+02 -0.22810E+02 -0.22666E+02
 -0.22375E+02 -0.22068E+02 -0.21639E+02 -0.21149E+02 -0.20581E+02 -0.19948E+02
 -0.19287E+02 -0.18529E+02 -0.17737E+02 -0.16876E+02 -0.15932E+02 -0.14988E+02
 -0.13994E+02 -0.13024E+02 -0.12070E+02 -0.11142E+02 -0.10317E+02 -0.95663E+01
 -0.89720E+01 -0.81862E+01 -0.85293E+01 -0.72756E+01 -0.32454E+01 -0.11477E+01
  0.17696E+01  0.47896E+01  0.52698E+01  0.77328E+01  0.11896E+02  0.13728E+02
  0.15300E+02  0.16648E+02  0.15807E+02  0.15391E+02  0.14066E+02  0.12381E+02
  0.10564E+02  0.86734E+01  0.71702E+01  0.57873E+01  0.51251E+01  0.47234E+01
  0.53696E+01  0.59706E+01  0.71518E+01  0.83601E+01  0.92609E+01  0.10409E+02
  0.11157E+02  0.11862E+02  0.12196E+02  0.12462E+02  0.12495E+02  0.12405E+02
  0.12404E+02  0.12049E+02  0.11612E+02  0.10945E+02  0.98595E+01  0.87547E+01
  0.73237E+01  0.58505E+01  0.42785E+01  0.26879E+01  0.11897E+01 -0.22117E+00
 -0.13998E+01 -0.24588E+01 -0.30108E+01 -0.36882E+01 -0.41836E+01 -0.46483E+01
 -0.54948E+01 -0.59238E+01 -0.64438E+01 -0.67298E+01 -0.65104E+01 -0.63713E+01
 -0.58037E+01 -0.52376E+01 -0.46770E+01 -0.39778E+01 -0.34419E+01 -0.27942E+01
 -0.22041E+01 -0.16407E+01 -0.10204E+01 -0.56411E+00 -0.14965E+00  0.10225E+00
  0.13955E+00  0.65248E-01 -0.39023E+00 -0.76906E+00 -0.13112E+01 -0.18020E+01
 -0.20394E+01 -0.23300E+01 -0.23516E+01 -0.22510E+01 -0.22060E+01 -0.15884E+01
 -0.45466E+00  0.10096E+01  0.30793E+01  0.54217E+01  0.10030E+02  0.12604E+02
  0.12783E+02  0.14580E+02  0.14629E+02  0.14822E+02  0.15680E+02  0.15497E+02
  0.15559E+02  0.15339E+02  0.14704E+02  0.14087E+02  0.13151E+02  0.12180E+02
  0.11105E+02  0.10016E+02  0.90161E+01  0.80702E+01  0.73628E+01  0.66045E+01
  0.67515E+01  0.59778E+01  0.37991E+01  0.28545E+01  0.10156E+01  0.30776E-01
  0.11781E+01  0.13069E+01  0.22102E+01  0.35835E+01  0.49407E+01  0.66640E+01
  0.84250E+01  0.10261E+02  0.11949E+02  0.13749E+02  0.15416E+02  0.17063E+02
  0.18750E+02  0.20211E+02  0.21583E+02  0.22691E+02  0.23603E+02  0.24045E+02
  0.23908E+02  0.23395E+02  0.21862E+02  0.20288E+02  0.18065E+02  0.15813E+02
  0.13577E+02  0.11358E+02  0.96166E+01  0.80276E+01  0.74260E+01  0.66475E+01
  0.64319E+01  0.62114E+01  0.56581E+01  0.54598E+01  0.49808E+01  0.45547E+01
  0.41343E+01  0.35366E+01  0.28676E+01  0.20835E+01  0.10264E+01  0.33996E-01
 -0.10932E+01 -0.21671E+01 -0.31037E+01 -0.40241E+01 -0.46942E+01 -0.52856E+01
 -0.55680E+01 -0.58284E+01 -0.58861E+01 -0.59202E+01 -0.60280E+01 -0.59671E+01
 -0.60812E+01 -0.59203E+01 -0.56530E+01 -0.51921E+01 -0.42363E+01 -0.32990E+01
 -0.19681E+01 -0.60087E+00  0.88007E+00  0.23809E+01  0.37731E+01  0.50841E+01
  0.61026E+01  0.70281E+01  0.73151E+01  0.79028E+01  0.83264E+01  0.88959E+01
  0.10136E+02  0.11126E+02  0.12597E+02  0.14000E+02  0.15416E+02  0.16785E+02
  0.17863E+02  0.18903E+02  0.19113E+02  0.19876E+02  0.20768E+02  0.21531E+02
  0.23490E+02  0.24504E+02  0.25067E+02  0.25904E+02  0.25715E+02  0.25837E+02
  0.25951E+02  0.25718E+02  0.25623E+02  0.25372E+02  0.25113E+02  0.24820E+02
  0.24501E+02  0.24169E+02  0.23814E+02  0.23451E+02  0.23079E+02  0.22708E+02
  0.22337E+02  0.21988E+02  0.21651E+02  0.21322E+02  0.21028E+02  0.20761E+02
  0.20533E+02  0.20335E+02  0.20188E+02  0.20059E+02  0.20004E+02  0.19953E+02
  0.19937E+02  0.19929E+02  0.19917E+02  0.19918E+02  0.19910E+02  0.19911E+02
  0.19916E+02  0.19909E+02  0.19910E+02  0.19907E+02  0.19908E+02  0.19900E+02
  0.19905E+02  0.19915E+02  0.19872E+02  0.19948E+02  0.20070E+02  0.20283E+02
  0.20708E+02  0.21133E+02  0.21719E+02  0.22326E+02  0.22981E+02  0.23640E+02
  0.24247E+02  0.24825E+02  0.25259E+02  0.25698E+02  0.25724E+02  0.26146E+02
  0.26692E+02  0.27425E+02  0.29037E+02  0.30362E+02  0.32161E+02  0.33807E+02
  0.35234E+02  0.36573E+02  0.37024E+02  0.37740E+02  0.37922E+02  0.38179E+02
  0.38774E+02  0.39051E+02  0.39637E+02  0.40156E+02  0.40799E+02  0.41349E+02
  0.41840E+02  0.42212E+02  0.42288E+02  0.42278E+02  0.41962E+02  0.41467E+02
  0.40774E+02  0.39786E+02  0.38521E+02  0.37045E+02  0.35162E+02  0.33246E+02
  0.31091E+02  0.28932E+02  0.26797E+02  0.24752E+02  0.22963E+02  0.21366E+02
  0.20256E+02  0.19239E+02  0.19013E+02  0.18375E+02  0.17722E+02  0.16896E+02
  0.15058E+02  0.13440E+02  0.11104E+02  0.87037E+01  0.61776E+01  0.35188E+01
  0.96330E+00 -0.14927E+01 -0.37174E+01 -0.56273E+01 -0.68112E+01 -0.79847E+01
 -0.85611E+01 -0.90384E+01 -0.94439E+01 -0.95653E+01 -0.96576E+01 -0.96683E+01
 -0.97276E+01 -0.97120E+01 -0.96914E+01 -0.97557E+01 -0.98987E+01 -0.10103E+02
 -0.10561E+02 -0.10955E+02 -0.11485E+02 -0.11988E+02 -0.12417E+02 -0.12825E+02
 -0.12974E+02 -0.13182E+02 -0.13196E+02 -0.13224E+02 -0.13285E+02 -0.13263E+02
 -0.13287E+02 -0.13280E+02 -0.13274E+02 -0.13277E+02 -0.13272E+02 -0.13266E+02
 -0.13273E+02 -0.13241E+02 -0.13192E+02 -0.13091E+02 -0.12904E+02 -0.12699E+02
 -0.12411E+02 -0.12077E+02 -0.11685E+02 -0.11285E+02 -0.10703E+02 -0.10361E+02
 -0.10245E+02 -0.10078E+02 -0.10504E+02 -0.10507E+02 -0.10231E+02 -0.10121E+02
 -0.94091E+01 -0.89310E+01 -0.84788E+01 -0.78639E+01 -0.74174E+01 -0.69069E+01
 -0.64683E+01 -0.60730E+01 -0.57247E+01 -0.54334E+01 -0.52062E+01 -0.50361E+01
 -0.49389E+01 -0.48727E+01 -0.48499E+01 -0.48443E+01 -0.48078E+01 -0.48109E+01
 -0.48053E+01 -0.48034E+01 -0.47978E+01 -0.47959E+01 -0.47904E+01 -0.47886E+01
 -0.47780E+01 -0.47961E+01 -0.47356E+01 -0.48387E+01 -0.50431E+01 -0.53113E+01
 -0.59257E+01 -0.63938E+01 -0.69683E+01 -0.74865E+01 -0.76009E+01 -0.80040E+01
 -0.82235E+01 -0.85667E+01 -0.93211E+01 -0.97943E+01 -0.10454E+02 -0.10978E+02
 -0.11163E+02 -0.11503E+02 -0.11444E+02 -0.11580E+02 -0.11807E+02 -0.12026E+02
 -0.12572E+02 -0.13089E+02 -0.13823E+02 -0.14631E+02 -0.15539E+02 -0.16488E+02
 -0.17522E+02 -0.18455E+02 -0.19283E+02 -0.20003E+02 -0.20360E+02 -0.20686E+02
 -0.20711E+02 -0.20683E+02 -0.20445E+02 -0.20243E+02 -0.20129E+02 -0.19939E+02
 -0.19986E+02 -0.19934E+02 -0.19885E+02 -0.19904E+02 -0.19877E+02 -0.19854E+02
 -0.19910E+02 -0.19796E+02 -0.19568E+02 -0.19251E+02 -0.18565E+02 -0.17965E+02
 -0.17181E+02 -0.16443E+02 -0.15817E+02 -0.15209E+02 -0.15026E+02 -0.14674E+02
 -0.14534E+02 -0.14315E+02 -0.13846E+02 -0.13515E+02 -0.12973E+02 -0.12425E+02
 -0.11817E+02 -0.11192E+02 -0.10558E+02 -0.99415E+01 -0.93854E+01 -0.88813E+01
 -0.84948E+01 -0.81553E+01 -0.80063E+01 -0.78660E+01 -0.78210E+01 -0.78018E+01
 -0.77395E+01 -0.77550E+01 -0.77359E+01 -0.77342E+01 -0.77238E+01 -0.77221E+01
 -0.77166E+01 -0.77186E+01 -0.77404E+01 -0.76567E+01
