rrs        n   Northridge,17 Jan 94,04:31PST; Rinaldi Receiving Station FF      
   2990    5.00000E-03  0  0  0.  0.  0.  0.  0.
 -0.11237E+03 -0.40766E+02  0.89456E+01  0.59514E+02  0.98760E+02  0.11568E+03
  0.10450E+03  0.67603E+02  0.15530E+02 -0.36346E+02 -0.73286E+02 -0.86553E+02
 -0.76320E+02 -0.50934E+02 -0.22962E+02 -0.39434E+01 -0.14778E+00 -0.11023E+02
 -0.30611E+02 -0.50830E+02 -0.64895E+02 -0.69429E+02 -0.64715E+02 -0.53526E+02
 -0.39531E+02 -0.26120E+02 -0.15978E+02 -0.11056E+02 -0.12579E+02 -0.20730E+02
 -0.34235E+02 -0.50265E+02 -0.64990E+02 -0.74769E+02 -0.77450E+02 -0.73144E+02
 -0.63999E+02 -0.53091E+02 -0.43034E+02 -0.35027E+02 -0.28854E+02 -0.23733E+02
 -0.19443E+02 -0.16970E+02 -0.18237E+02 -0.25009E+02 -0.37605E+02 -0.54139E+02
 -0.70795E+02 -0.83055E+02 -0.87301E+02 -0.82055E+02 -0.68308E+02 -0.48859E+02
 -0.27087E+02 -0.57393E+01  0.13752E+02  0.31218E+02  0.47154E+02  0.61943E+02
  0.75274E+02  0.85950E+02  0.92142E+02  0.92021E+02  0.84479E+02  0.69923E+02
  0.50597E+02  0.30436E+02  0.14172E+02  0.58733E+01  0.73360E+01  0.17062E+02
  0.30386E+02  0.40981E+02  0.43301E+02  0.34982E+02  0.18072E+02 -0.15878E+01
 -0.16712E+02 -0.21637E+02 -0.14695E+02  0.12702E+01  0.20439E+02  0.36863E+02
  0.47132E+02  0.51505E+02  0.52998E+02  0.55032E+02  0.59033E+02  0.63440E+02
  0.64676E+02  0.59593E+02  0.47929E+02  0.33246E+02  0.21608E+02  0.18538E+02
  0.25797E+02  0.39810E+02  0.52725E+02  0.55800E+02  0.43543E+02  0.16540E+02
 -0.18486E+02 -0.51486E+02 -0.73446E+02 -0.80200E+02 -0.73922E+02 -0.61644E+02
 -0.51621E+02 -0.49404E+02 -0.55546E+02 -0.65936E+02 -0.74499E+02 -0.76739E+02
 -0.72312E+02 -0.65299E+02 -0.62082E+02 -0.67934E+02 -0.84026E+02 -0.10633E+03
 -0.12695E+03 -0.13721E+03 -0.13106E+03 -0.10730E+03 -0.69738E+02 -0.25505E+02
  0.17533E+02  0.53089E+02  0.77548E+02  0.89830E+02  0.90557E+02  0.81296E+02
  0.64355E+02  0.43041E+02  0.21718E+02  0.51244E+01 -0.31627E+01 -0.24725E+01
  0.40245E+01  0.10142E+02  0.92523E+01 -0.24533E+01 -0.23678E+02 -0.48139E+02
 -0.67412E+02 -0.75283E+02 -0.71447E+02 -0.62429E+02 -0.58886E+02 -0.70375E+02
 -0.10007E+03 -0.14210E+03 -0.18323E+03 -0.20800E+03 -0.20541E+03 -0.17357E+03
 -0.12043E+03 -0.60299E+02 -0.78772E+01  0.27176E+02  0.42867E+02  0.43788E+02
  0.37511E+02  0.30586E+02  0.26191E+02  0.24211E+02  0.23080E+02  0.21820E+02
  0.20919E+02  0.21664E+02  0.24616E+02  0.28536E+02  0.30638E+02  0.28101E+02
  0.19931E+02  0.79458E+01 -0.38005E+01 -0.10871E+02 -0.10561E+02 -0.30843E+01
  0.87163E+01  0.20838E+02  0.29827E+02  0.33810E+02  0.32491E+02  0.26483E+02
  0.16693E+02  0.43075E+01 -0.87393E+01 -0.19425E+02 -0.24114E+02 -0.19952E+02
 -0.65980E+01  0.12771E+02  0.31974E+02  0.43891E+02  0.43134E+02  0.28026E+02
  0.87518E+00 -0.33371E+02 -0.69224E+02 -0.10221E+03 -0.12915E+03 -0.14746E+03
 -0.15431E+03 -0.14696E+03 -0.12421E+03 -0.88292E+02 -0.45482E+02 -0.47056E+01
  0.25809E+02  0.42076E+02  0.45934E+02  0.43466E+02  0.40775E+02  0.39636E+02
  0.35827E+02  0.21750E+02 -0.76726E+01 -0.49053E+02 -0.88501E+02 -0.10570E+03
 -0.83046E+02 -0.15550E+02  0.83652E+02  0.18598E+03  0.25782E+03  0.27432E+03
  0.23017E+03  0.14200E+03  0.41174E+02 -0.39664E+02 -0.80001E+02 -0.78554E+02
 -0.51198E+02 -0.21396E+02 -0.83621E+01 -0.18830E+02 -0.45989E+02 -0.75233E+02
 -0.92965E+02 -0.93571E+02 -0.81249E+02 -0.66397E+02 -0.59267E+02 -0.64634E+02
 -0.80189E+02 -0.99043E+02 -0.11429E+03 -0.12277E+03 -0.12605E+03 -0.12827E+03
 -0.13268E+03 -0.13903E+03 -0.14342E+03 -0.14029E+03 -0.12575E+03 -0.99625E+02
 -0.65602E+02 -0.29459E+02  0.36023E+01  0.30787E+02  0.51943E+02  0.68352E+02
  0.81051E+02  0.89791E+02  0.93237E+02  0.90198E+02  0.80991E+02  0.68015E+02
  0.55108E+02  0.45960E+02  0.42340E+02  0.43060E+02  0.44138E+02  0.40163E+02
  0.26266E+02  0.14092E-01 -0.37491E+02 -0.81590E+02 -0.12513E+03 -0.16028E+03
 -0.18059E+03 -0.18272E+03 -0.16723E+03 -0.13828E+03 -0.10225E+03 -0.65769E+02
 -0.33733E+02 -0.81467E+01  0.11896E+02  0.29224E+02  0.47024E+02  0.67410E+02
  0.90599E+02  0.11493E+03  0.13743E+03  0.15463E+03  0.16339E+03  0.16155E+03
  0.14863E+03  0.12631E+03  0.98715E+02  0.71975E+02  0.52895E+02  0.46850E+02
  0.55585E+02  0.75930E+02  0.10026E+03  0.11888E+03  0.12358E+03  0.11088E+03
  0.83689E+02  0.50303E+02  0.21206E+02  0.50315E+01  0.53683E+01  0.19794E+02
  0.41336E+02  0.61519E+02  0.73435E+02  0.73567E+02  0.61797E+02  0.40165E+02
  0.11381E+02 -0.21940E+02 -0.57077E+02 -0.90505E+02 -0.11765E+03 -0.13364E+03
 -0.13507E+03 -0.12183E+03 -0.97892E+02 -0.70396E+02 -0.47206E+02 -0.33877E+02
 -0.31549E+02 -0.36746E+02 -0.43161E+02 -0.44622E+02 -0.37765E+02 -0.23142E+02
 -0.44960E+01  0.13364E+02  0.26798E+02  0.34599E+02  0.37780E+02  0.38307E+02
  0.37686E+02  0.36370E+02  0.34181E+02  0.31453E+02  0.29911E+02  0.32567E+02
  0.42418E+02  0.60620E+02  0.85109E+02  0.11064E+03  0.13032E+03  0.13824E+03
  0.13177E+03  0.11269E+03  0.86456E+02  0.60162E+02  0.40004E+02  0.29461E+02
  0.28778E+02  0.35745E+02  0.47155E+02  0.60134E+02  0.72799E+02  0.84180E+02
  0.93781E+02  0.10112E+03  0.10564E+03  0.10696E+03  0.10502E+03  0.10023E+03
  0.93188E+02  0.84419E+02  0.74196E+02  0.62817E+02  0.50975E+02  0.40162E+02
  0.32588E+02  0.30668E+02  0.36088E+02  0.48981E+02  0.67590E+02  0.88720E+02
  0.10864E+03  0.12444E+03  0.13488E+03  0.14073E+03  0.14445E+03  0.14915E+03
  0.15748E+03  0.17072E+03  0.18822E+03  0.20765E+03  0.22576E+03  0.23956E+03
  0.24753E+03  0.25043E+03  0.25124E+03  0.25427E+03  0.26344E+03  0.28055E+03
  0.30412E+03  0.32959E+03  0.35079E+03  0.36234E+03  0.36192E+03  0.35126E+03
  0.33557E+03  0.32124E+03  0.31329E+03  0.31321E+03  0.31873E+03  0.32524E+03
  0.32840E+03  0.32644E+03  0.32112E+03  0.31704E+03  0.31933E+03  0.33131E+03
  0.35299E+03  0.38115E+03  0.41090E+03  0.43774E+03  0.45914E+03  0.47493E+03
  0.48653E+03  0.49562E+03  0.50305E+03  0.50860E+03  0.51157E+03  0.51167E+03
  0.50956E+03  0.50684E+03  0.50524E+03  0.50594E+03  0.50901E+03  0.51374E+03
  0.51939E+03  0.52588E+03  0.53393E+03  0.54458E+03  0.55828E+03  0.57406E+03
  0.58955E+03  0.60176E+03  0.60829E+03  0.60846E+03  0.60363E+03  0.59647E+03
  0.58974E+03  0.58496E+03  0.58181E+03  0.57870E+03  0.57387E+03  0.56670E+03
  0.55831E+03  0.55123E+03  0.54803E+03  0.54986E+03  0.55534E+03  0.56052E+03
  0.55976E+03  0.54748E+03  0.51980E+03  0.47554E+03  0.41641E+03  0.34615E+03
  0.26933E+03  0.19017E+03  0.11176E+03  0.35864E+02 -0.36816E+02 -0.10613E+03
 -0.17201E+03 -0.23424E+03 -0.29244E+03 -0.34622E+03 -0.39549E+03 -0.44052E+03
 -0.48200E+03 -0.52079E+03 -0.55779E+03 -0.59359E+03 -0.62819E+03 -0.66097E+03
 -0.69066E+03 -0.71565E+03 -0.73457E+03 -0.74664E+03 -0.75211E+03 -0.75219E+03
 -0.74871E+03 -0.74360E+03 -0.73836E+03 -0.73372E+03 -0.72981E+03 -0.72637E+03
 -0.72319E+03 -0.72036E+03 -0.71814E+03 -0.71686E+03 -0.71650E+03 -0.71674E+03
 -0.71698E+03 -0.71670E+03 -0.71583E+03 -0.71475E+03 -0.71420E+03 -0.71490E+03
 -0.71722E+03 -0.72102E+03 -0.72583E+03 -0.73112E+03 -0.73648E+03 -0.74166E+03
 -0.74654E+03 -0.75079E+03 -0.75400E+03 -0.75577E+03 -0.75610E+03 -0.75567E+03
 -0.75579E+03 -0.75811E+03 -0.76401E+03 -0.77416E+03 -0.78826E+03 -0.80519E+03
 -0.82339E+03 -0.84114E+03 -0.85663E+03 -0.86789E+03 -0.87272E+03 -0.86884E+03
 -0.85454E+03 -0.82924E+03 -0.79410E+03 -0.75176E+03 -0.70574E+03 -0.65912E+03
 -0.61382E+03 -0.57018E+03 -0.52745E+03 -0.48467E+03 -0.44142E+03 -0.39806E+03
 -0.35522E+03 -0.31317E+03 -0.27144E+03 -0.22912E+03 -0.18582E+03 -0.14250E+03
 -0.10172E+03 -0.66850E+02 -0.40483E+02 -0.23111E+02 -0.12809E+02 -0.62919E+01
 -0.86583E+00  0.39176E+01  0.59574E+01  0.20715E+01 -0.95114E+01 -0.27092E+02
 -0.45305E+02 -0.57105E+02 -0.57149E+02 -0.44419E+02 -0.22649E+02  0.22321E+01
  0.26240E+02  0.50777E+02  0.82950E+02  0.13204E+03  0.20350E+03  0.29361E+03
  0.38780E+03  0.46446E+03  0.50289E+03  0.49202E+03  0.43569E+03  0.35182E+03
  0.26573E+03  0.20029E+03  0.16779E+03  0.16672E+03  0.18486E+03  0.20656E+03
  0.22039E+03  0.22351E+03  0.22100E+03  0.22114E+03  0.22950E+03  0.24537E+03
  0.26193E+03  0.27025E+03  0.26407E+03  0.24342E+03  0.21457E+03  0.18714E+03
  0.16966E+03  0.16620E+03  0.17543E+03  0.19236E+03  0.21117E+03  0.22781E+03
  0.24090E+03  0.25088E+03  0.25847E+03  0.26341E+03  0.26452E+03  0.26063E+03
  0.25176E+03  0.23961E+03  0.22700E+03  0.21650E+03  0.20920E+03  0.20426E+03
  0.19971E+03  0.19370E+03  0.18577E+03  0.17709E+03  0.16960E+03  0.16476E+03
  0.16240E+03  0.16062E+03  0.15685E+03  0.14936E+03  0.13863E+03  0.12764E+03
  0.12093E+03  0.12289E+03  0.13590E+03  0.15936E+03  0.18981E+03  0.22218E+03
  0.25152E+03  0.27453E+03  0.29034E+03  0.30043E+03  0.30771E+03  0.31534E+03
  0.32563E+03  0.33942E+03  0.35593E+03  0.37309E+03  0.38816E+03  0.39840E+03
  0.40167E+03  0.39680E+03  0.38383E+03  0.36400E+03  0.33949E+03  0.31313E+03
  0.28780E+03  0.26586E+03  0.24840E+03  0.23492E+03  0.22326E+03  0.21022E+03
  0.19253E+03  0.16808E+03  0.13684E+03  0.10116E+03  0.65086E+02  0.33067E+02
  0.84032E+01 -0.78762E+01 -0.17329E+02 -0.23401E+02 -0.30132E+02 -0.40717E+02
 -0.56578E+02 -0.77176E+02 -0.10060E+03 -0.12446E+03 -0.14692E+03 -0.16717E+03
 -0.18543E+03 -0.20267E+03 -0.22008E+03 -0.23854E+03 -0.25820E+03 -0.27826E+03
 -0.29704E+03 -0.31236E+03 -0.32204E+03 -0.32451E+03 -0.31940E+03 -0.30771E+03
 -0.29168E+03 -0.27412E+03 -0.25764E+03 -0.24394E+03 -0.23341E+03 -0.22526E+03
 -0.21796E+03 -0.20983E+03 -0.19975E+03 -0.18745E+03 -0.17382E+03 -0.16077E+03
 -0.15108E+03 -0.14783E+03 -0.15361E+03 -0.16958E+03 -0.19454E+03 -0.22459E+03
 -0.25348E+03 -0.27403E+03 -0.27989E+03 -0.26749E+03 -0.23699E+03 -0.19228E+03
 -0.13959E+03 -0.85656E+02 -0.35865E+02  0.67722E+01  0.41548E+02  0.69282E+02
  0.91217E+02  0.10833E+03  0.12119E+03  0.13029E+03  0.13649E+03  0.14109E+03
  0.14551E+03  0.15063E+03  0.15636E+03  0.16161E+03  0.16490E+03  0.16515E+03
  0.16241E+03  0.15782E+03  0.15326E+03  0.15030E+03  0.14951E+03  0.15019E+03
  0.15088E+03  0.15032E+03  0.14826E+03  0.14596E+03  0.14576E+03  0.15005E+03
  0.16018E+03  0.17553E+03  0.19348E+03  0.21013E+03  0.22143E+03  0.22440E+03
  0.21785E+03  0.20233E+03  0.17958E+03  0.15161E+03  0.12004E+03  0.85878E+02
  0.49820E+02  0.12787E+02 -0.23719E+02 -0.57791E+02 -0.87774E+02 -0.11313E+03
 -0.13499E+03 -0.15582E+03 -0.17842E+03 -0.20435E+03 -0.23289E+03 -0.26080E+03
 -0.28361E+03 -0.29756E+03 -0.30147E+03 -0.29751E+03 -0.29018E+03 -0.28421E+03
 -0.28221E+03 -0.28334E+03 -0.28404E+03 -0.28037E+03 -0.27074E+03 -0.25749E+03
 -0.24626E+03 -0.24313E+03 -0.25099E+03 -0.26691E+03 -0.28229E+03 -0.28584E+03
 -0.26821E+03 -0.22604E+03 -0.16344E+03 -0.90006E+02 -0.16392E+02  0.50375E+02
  0.10956E+03  0.16599E+03  0.22649E+03  0.29532E+03  0.37110E+03  0.44670E+03
  0.51219E+03  0.55899E+03  0.58328E+03  0.58660E+03  0.57386E+03  0.54973E+03
  0.51582E+03  0.47010E+03  0.40916E+03  0.33176E+03  0.24190E+03  0.14925E+03
  0.66547E+02  0.49433E+01 -0.30544E+02 -0.43261E+02 -0.43731E+02 -0.45515E+02
 -0.59963E+02 -0.92124E+02 -0.13950E+03 -0.19382E+03 -0.24506E+03 -0.28534E+03
 -0.31159E+03 -0.32562E+03 -0.33241E+03 -0.33736E+03 -0.34434E+03 -0.35472E+03
 -0.36812E+03 -0.38347E+03 -0.40010E+03 -0.41783E+03 -0.43645E+03 -0.45487E+03
 -0.47086E+03 -0.48155E+03 -0.48474E+03 -0.48015E+03 -0.46984E+03 -0.45738E+03
 -0.44615E+03 -0.43721E+03 -0.42821E+03 -0.41366E+03 -0.38701E+03 -0.34336E+03
 -0.28186E+03 -0.20661E+03 -0.12568E+03 -0.48631E+02  0.16535E+02  0.65546E+02
  0.98503E+02  0.11892E+03  0.13178E+03  0.14153E+03  0.15094E+03  0.16099E+03
  0.17178E+03  0.18336E+03  0.19637E+03  0.21194E+03  0.23095E+03  0.25337E+03
  0.27781E+03  0.30153E+03  0.32113E+03  0.33321E+03  0.33511E+03  0.32527E+03
  0.30352E+03  0.27104E+03  0.23023E+03  0.18443E+03  0.13747E+03  0.93013E+02
  0.54033E+02  0.22520E+02 -0.43187E+00 -0.14245E+02 -0.18530E+02 -0.13043E+02
  0.18930E+01  0.24683E+02  0.51911E+02  0.78455E+02  0.98422E+02  0.10677E+03
  0.10088E+03  0.81472E+02  0.52373E+02  0.19152E+02 -0.12743E+02 -0.39547E+02
 -0.59825E+02 -0.74084E+02 -0.83730E+02 -0.90007E+02 -0.93368E+02 -0.93533E+02
 -0.89982E+02 -0.82358E+02 -0.70614E+02 -0.54886E+02 -0.35360E+02 -0.12491E+02
  0.12449E+02  0.36792E+02  0.56394E+02  0.66455E+02  0.63168E+02  0.45587E+02
  0.16752E+02 -0.16622E+02 -0.46057E+02 -0.64147E+02 -0.67165E+02 -0.56214E+02
 -0.36435E+02 -0.14566E+02  0.39639E+01  0.17115E+02  0.26551E+02  0.36163E+02
  0.49571E+02  0.67944E+02  0.89145E+02  0.10859E+03  0.12130E+03  0.12405E+03
  0.11675E+03  0.10220E+03  0.84701E+02  0.68213E+02  0.54973E+02  0.45258E+02
  0.38183E+02  0.33019E+02  0.30203E+02  0.31521E+02  0.39294E+02  0.55180E+02
  0.79102E+02  0.10897E+03  0.14126E+03  0.17209E+03  0.19837E+03  0.21845E+03
  0.23193E+03  0.23913E+03  0.24048E+03  0.23620E+03  0.22644E+03  0.21182E+03
  0.19370E+03  0.17421E+03  0.15574E+03  0.14040E+03  0.12949E+03  0.12357E+03
  0.12271E+03  0.12687E+03  0.13598E+03  0.14944E+03  0.16546E+03  0.18048E+03
  0.18957E+03  0.18756E+03  0.17096E+03  0.13961E+03  0.97327E+02  0.50951E+02
  0.81720E+01 -0.25168E+02 -0.47034E+02 -0.59540E+02 -0.67531E+02 -0.76074E+02
 -0.88103E+02 -0.10328E+03 -0.11854E+03 -0.13015E+03 -0.13593E+03 -0.13665E+03
 -0.13593E+03 -0.13848E+03 -0.14780E+03 -0.16426E+03 -0.18455E+03 -0.20280E+03
 -0.21265E+03 -0.20953E+03 -0.19217E+03 -0.16279E+03 -0.12623E+03 -0.88283E+02
 -0.54247E+02 -0.27887E+02 -0.11062E+02 -0.38652E+01 -0.50046E+01 -0.12307E+02
 -0.23226E+02 -0.35376E+02 -0.47096E+02 -0.57804E+02 -0.68034E+02 -0.78983E+02
 -0.91763E+02 -0.10662E+03 -0.12257E+03 -0.13768E+03 -0.14999E+03 -0.15853E+03
 -0.16410E+03 -0.16912E+03 -0.17663E+03 -0.18880E+03 -0.20571E+03 -0.22474E+03
 -0.24125E+03 -0.25004E+03 -0.24718E+03 -0.23115E+03 -0.20329E+03 -0.16723E+03
 -0.12758E+03 -0.88645E+02 -0.53622E+02 -0.24277E+02 -0.12010E+01  0.15788E+02
  0.27351E+02  0.34519E+02  0.38681E+02  0.41507E+02  0.44632E+02  0.49263E+02
  0.55785E+02  0.63670E+02  0.71718E+02  0.78573E+02  0.83255E+02  0.85495E+02
  0.85710E+02  0.84742E+02  0.83498E+02  0.82703E+02  0.82838E+02  0.84215E+02
  0.86998E+02  0.91145E+02  0.96195E+02  0.10113E+03  0.10446E+03  0.10454E+03
  0.10014E+03  0.91035E+02  0.78117E+02  0.63208E+02  0.48444E+02  0.35595E+02
  0.25513E+02  0.18083E+02  0.12507E+02  0.78401E+01  0.34253E+01 -0.94058E+00
 -0.51993E+01 -0.93771E+01 -0.13913E+02 -0.19764E+02 -0.28216E+02 -0.40492E+02
 -0.57340E+02 -0.78699E+02 -0.10363E+03 -0.13043E+03 -0.15697E+03 -0.18106E+03
 -0.20093E+03 -0.21546E+03 -0.22441E+03 -0.22833E+03 -0.22818E+03 -0.22499E+03
 -0.21949E+03 -0.21207E+03 -0.20305E+03 -0.19307E+03 -0.18346E+03 -0.17618E+03
 -0.17323E+03 -0.17593E+03 -0.18417E+03 -0.19640E+03 -0.21019E+03 -0.22338E+03
 -0.23525E+03 -0.24673E+03 -0.25977E+03 -0.27577E+03 -0.29394E+03 -0.31036E+03
 -0.31872E+03 -0.31232E+03 -0.28692E+03 -0.24305E+03 -0.18650E+03 -0.12699E+03
 -0.74922E+02 -0.38107E+02 -0.19218E+02 -0.15456E+02 -0.20266E+02 -0.26337E+02
 -0.28563E+02 -0.25717E+02 -0.20267E+02 -0.16618E+02 -0.18704E+02 -0.28080E+02
 -0.43218E+02 -0.60243E+02 -0.74541E+02 -0.82485E+02 -0.82527E+02 -0.75321E+02
 -0.63056E+02 -0.48399E+02 -0.33582E+02 -0.19944E+02 -0.79460E+01  0.25123E+01
  0.11747E+02  0.20072E+02  0.27735E+02  0.34948E+02  0.41904E+02  0.48761E+02
  0.55600E+02  0.62469E+02  0.69466E+02  0.76885E+02  0.85242E+02  0.95143E+02
  0.10706E+03  0.12098E+03  0.13631E+03  0.15188E+03  0.16628E+03  0.17818E+03
  0.18660E+03  0.19093E+03  0.19079E+03  0.18583E+03  0.17582E+03  0.16088E+03
  0.14189E+03  0.12089E+03  0.10094E+03  0.85493E+02  0.77465E+02  0.78237E+02
  0.87224E+02  0.10215E+03  0.12003E+03  0.13836E+03  0.15601E+03  0.17332E+03
  0.19150E+03  0.21154E+03  0.23333E+03  0.25551E+03  0.27604E+03  0.29332E+03
  0.30712E+03  0.31880E+03  0.33075E+03  0.34529E+03  0.36353E+03  0.38485E+03
  0.40745E+03  0.42912E+03  0.44842E+03  0.46519E+03  0.48024E+03  0.49469E+03
  0.50902E+03  0.52266E+03  0.53428E+03  0.54241E+03  0.54618E+03  0.54568E+03
  0.54163E+03  0.53490E+03  0.52583E+03  0.51406E+03  0.49876E+03  0.47896E+03
  0.45393E+03  0.42322E+03  0.38660E+03  0.34411E+03  0.29638E+03  0.24532E+03
  0.19456E+03  0.14907E+03  0.11396E+03  0.92437E+02  0.83995E+02  0.83687E+02
  0.83270E+02  0.73978E+02  0.49912E+02  0.10507E+02 -0.39102E+02 -0.90092E+02
 -0.13353E+03 -0.16380E+03 -0.18047E+03 -0.18753E+03 -0.19091E+03 -0.19503E+03
 -0.20072E+03 -0.20505E+03 -0.20321E+03 -0.19137E+03 -0.16899E+03 -0.13933E+03
 -0.10819E+03 -0.81323E+02 -0.62028E+02 -0.50068E+02 -0.42153E+02 -0.33757E+02
 -0.21247E+02 -0.33193E+01  0.18748E+02  0.41943E+02  0.62824E+02  0.78685E+02
  0.88111E+02  0.90882E+02  0.87635E+02  0.79540E+02  0.68222E+02  0.55794E+02
  0.44810E+02  0.37873E+02  0.36932E+02  0.42543E+02  0.53434E+02  0.66687E+02
  0.78570E+02  0.85697E+02  0.86138E+02  0.79964E+02  0.69104E+02  0.56571E+02
  0.45417E+02  0.37844E+02  0.34773E+02  0.35962E+02  0.40509E+02  0.47421E+02
  0.55945E+02  0.65544E+02  0.75628E+02  0.85239E+02  0.93022E+02  0.97635E+02
  0.98350E+02  0.95750E+02  0.91839E+02  0.89546E+02  0.91549E+02  0.98981E+02
  0.11047E+03  0.12219E+03  0.12899E+03  0.12626E+03  0.11178E+03  0.86683E+02
  0.55243E+02  0.23221E+02 -0.42495E+01 -0.24461E+02 -0.37849E+02 -0.47329E+02
 -0.56645E+02 -0.68522E+02 -0.83522E+02 -0.99998E+02 -0.11516E+03 -0.12648E+03
 -0.13293E+03 -0.13529E+03 -0.13555E+03 -0.13584E+03 -0.13750E+03 -0.14065E+03
 -0.14452E+03 -0.14825E+03 -0.15166E+03 -0.15555E+03 -0.16138E+03 -0.17066E+03
 -0.18423E+03 -0.20187E+03 -0.22256E+03 -0.24486E+03 -0.26761E+03 -0.29026E+03
 -0.31290E+03 -0.33593E+03 -0.35956E+03 -0.38339E+03 -0.40621E+03 -0.42610E+03
 -0.44081E+03 -0.44821E+03 -0.44678E+03 -0.43594E+03 -0.41613E+03 -0.38868E+03
 -0.35539E+03 -0.31803E+03 -0.27789E+03 -0.23565E+03 -0.19146E+03 -0.14543E+03
 -0.98088E+02 -0.50680E+02 -0.51626E+01  0.36315E+02  0.72101E+02  0.10165E+03
  0.12582E+03  0.14649E+03  0.16589E+03  0.18561E+03  0.20586E+03  0.22522E+03
  0.24083E+03  0.24928E+03  0.24750E+03  0.23378E+03  0.20837E+03  0.17364E+03
  0.13374E+03  0.93694E+02  0.58327E+02  0.30960E+02  0.12535E+02  0.13157E+01
 -0.65562E+01 -0.15756E+02 -0.30125E+02 -0.51262E+02 -0.77956E+02 -0.10675E+03
 -0.13346E+03 -0.15490E+03 -0.17020E+03 -0.18084E+03 -0.18971E+03 -0.19928E+03
 -0.20994E+03 -0.21939E+03 -0.22331E+03 -0.21713E+03 -0.19814E+03 -0.16692E+03
 -0.12746E+03 -0.85817E+02 -0.48097E+02 -0.18411E+02  0.21320E+01  0.15134E+02
  0.23617E+02  0.30378E+02  0.36815E+02  0.42656E+02  0.46595E+02  0.47300E+02
  0.44240E+02  0.37867E+02  0.29199E+02  0.19096E+02  0.77253E+01 -0.54047E+01
 -0.20921E+02 -0.38857E+02 -0.58180E+02 -0.76930E+02 -0.92943E+02 -0.10483E+03
 -0.11280E+03 -0.11882E+03 -0.12605E+03 -0.13766E+03 -0.15557E+03 -0.17944E+03
 -0.20641E+03 -0.23153E+03 -0.24904E+03 -0.25390E+03 -0.24329E+03 -0.21755E+03
 -0.18034E+03 -0.13767E+03 -0.96125E+02 -0.60872E+02 -0.34069E+02 -0.14424E+02
  0.18383E+01  0.18877E+02  0.38836E+02  0.60265E+02  0.78101E+02  0.85463E+02
  0.76550E+02  0.49427E+02  0.73467E+01 -0.41966E+02 -0.88905E+02 -0.12532E+03
 -0.14709E+03 -0.15490E+03 -0.15285E+03 -0.14593E+03 -0.13742E+03 -0.12764E+03
 -0.11454E+03 -0.95591E+02 -0.69873E+02 -0.39104E+02 -0.71286E+01  0.21829E+02
  0.45155E+02  0.62839E+02  0.76970E+02  0.90001E+02  0.10288E+03  0.11419E+03
  0.12088E+03  0.12035E+03  0.11250E+03  0.10089E+03  0.91451E+02  0.89993E+02
  0.98919E+02  0.11536E+03  0.13161E+03  0.13797E+03  0.12689E+03  0.96491E+02
  0.51721E+02  0.26697E+01 -0.39337E+02 -0.66143E+02 -0.75670E+02 -0.72078E+02
 -0.63393E+02 -0.57567E+02 -0.59044E+02 -0.67157E+02 -0.76958E+02 -0.81837E+02
 -0.76582E+02 -0.59486E+02 -0.32680E+02 -0.88866E+00  0.30624E+02  0.57843E+02
  0.78856E+02  0.93667E+02  0.10340E+03  0.10952E+03  0.11341E+03  0.11645E+03
  0.12002E+03  0.12543E+03  0.13352E+03  0.14415E+03  0.15612E+03  0.16761E+03
  0.17713E+03  0.18439E+03  0.19050E+03  0.19725E+03  0.20580E+03  0.21532E+03
  0.22263E+03  0.22305E+03  0.21245E+03  0.18944E+03  0.15668E+03  0.12038E+03
  0.88120E+02  0.65936E+02  0.55788E+02  0.54795E+02  0.56497E+02  0.53599E+02
  0.40964E+02  0.17504E+02 -0.13717E+02 -0.47098E+02 -0.76930E+02 -0.99464E+02
 -0.11378E+03 -0.12132E+03 -0.12445E+03 -0.12507E+03 -0.12374E+03 -0.11979E+03
 -0.11204E+03 -0.99564E+02 -0.82292E+02 -0.60980E+02 -0.36883E+02 -0.11360E+02
  0.14348E+02  0.39072E+02  0.61613E+02  0.80698E+02  0.95165E+02  0.10425E+03
  0.10773E+03  0.10591E+03  0.99469E+02  0.89139E+02  0.75664E+02  0.59885E+02
  0.42946E+02  0.26364E+02  0.11785E+02  0.46612E+00 -0.72459E+01 -0.12153E+02
 -0.15881E+02 -0.20097E+02 -0.25571E+02 -0.31624E+02 -0.36265E+02 -0.37037E+02
 -0.32197E+02 -0.21656E+02 -0.72048E+01  0.80751E+01  0.20975E+02  0.29294E+02
  0.32441E+02  0.31272E+02  0.27333E+02  0.21944E+02  0.15601E+02  0.79642E+01
 -0.16451E+01 -0.13582E+02 -0.27427E+02 -0.42039E+02 -0.55992E+02 -0.68170E+02
 -0.78172E+02 -0.86349E+02 -0.93488E+02 -0.10034E+03 -0.10726E+03 -0.11409E+03
 -0.12024E+03 -0.12490E+03 -0.12739E+03 -0.12716E+03 -0.12390E+03 -0.11760E+03
 -0.10844E+03 -0.96861E+02 -0.83438E+02 -0.68844E+02 -0.53661E+02 -0.38421E+02
 -0.23550E+02 -0.95391E+01  0.29619E+01  0.13203E+02  0.20558E+02  0.24923E+02
  0.27052E+02  0.28628E+02  0.31956E+02  0.39287E+02  0.52019E+02  0.70082E+02
  0.91815E+02  0.11431E+03  0.13426E+03  0.14876E+03  0.15599E+03  0.15553E+03
  0.14821E+03  0.13573E+03  0.12035E+03  0.10443E+03  0.90247E+02  0.79607E+02
  0.73649E+02  0.72499E+02  0.75144E+02  0.79555E+02  0.83183E+02  0.83693E+02
  0.79684E+02  0.71140E+02  0.59386E+02  0.46567E+02  0.34865E+02  0.25785E+02
  0.19827E+02  0.16590E+02  0.15231E+02  0.14960E+02  0.15370E+02  0.16389E+02
  0.17985E+02  0.19809E+02  0.21066E+02  0.20680E+02  0.17717E+02  0.11855E+02
  0.36660E+01 -0.54976E+01 -0.13933E+02 -0.20196E+02 -0.23591E+02 -0.24377E+02
 -0.23571E+02 -0.22498E+02 -0.22176E+02 -0.22893E+02 -0.24049E+02 -0.24348E+02
 -0.22285E+02 -0.16739E+02 -0.75320E+01  0.43047E+01  0.16650E+02  0.26788E+02
  0.32199E+02  0.31343E+02  0.24249E+02  0.12566E+02 -0.90134E+00 -0.13092E+02
 -0.21656E+02 -0.25649E+02 -0.25667E+02 -0.23394E+02 -0.20721E+02 -0.18868E+02
 -0.17883E+02 -0.16706E+02 -0.13721E+02 -0.75248E+01  0.24762E+01  0.15917E+02
  0.31794E+02  0.49030E+02  0.66914E+02  0.85205E+02  0.10380E+03  0.12225E+03
  0.13932E+03  0.15313E+03  0.16163E+03  0.16351E+03  0.15884E+03  0.14935E+03
  0.13800E+03  0.12812E+03  0.12229E+03  0.12169E+03  0.12590E+03  0.13324E+03
  0.14164E+03  0.14942E+03  0.15577E+03  0.16082E+03  0.16531E+03  0.17002E+03
  0.17534E+03  0.18108E+03  0.18658E+03  0.19104E+03  0.19396E+03  0.19529E+03
  0.19560E+03  0.19575E+03  0.19659E+03  0.19849E+03  0.20126E+03  0.20396E+03
  0.20513E+03  0.20329E+03  0.19726E+03  0.18655E+03  0.17157E+03  0.15345E+03
  0.13377E+03  0.11423E+03  0.96275E+02  0.80861E+02  0.68354E+02  0.58625E+02
  0.51199E+02  0.45437E+02  0.40719E+02  0.36518E+02  0.32392E+02  0.27891E+02
  0.22374E+02  0.14896E+02  0.42796E+01 -0.10609E+02 -0.30366E+02 -0.54570E+02
 -0.81472E+02 -0.10817E+03 -0.13126E+03 -0.14786E+03 -0.15640E+03 -0.15727E+03
 -0.15245E+03 -0.14484E+03 -0.13717E+03 -0.13121E+03 -0.12756E+03 -0.12603E+03
 -0.12633E+03 -0.12858E+03 -0.13338E+03 -0.14131E+03 -0.15234E+03 -0.16547E+03
 -0.17905E+03 -0.19166E+03 -0.20283E+03 -0.21349E+03 -0.22540E+03 -0.23988E+03
 -0.25672E+03 -0.27366E+03 -0.28729E+03 -0.29470E+03 -0.29524E+03 -0.29123E+03
 -0.28696E+03 -0.28630E+03 -0.29001E+03 -0.29420E+03 -0.29108E+03 -0.27188E+03
 -0.23073E+03 -0.16793E+03 -0.90685E+02 -0.10965E+02  0.58658E+02  0.10944E+03
  0.13922E+03  0.15216E+03  0.15610E+03  0.15852E+03  0.16328E+03  0.16971E+03
  0.17383E+03  0.17132E+03  0.16040E+03  0.14301E+03  0.12407E+03  0.10918E+03
  0.10188E+03  0.10206E+03  0.10610E+03  0.10861E+03  0.10473E+03  0.92146E+02
  0.71661E+02  0.46544E+02  0.20918E+02 -0.18723E+01 -0.20172E+02 -0.34018E+02
 -0.44360E+02 -0.52098E+02 -0.57375E+02 -0.59527E+02 -0.57568E+02 -0.50939E+02
 -0.40075E+02 -0.26578E+02 -0.12880E+02 -0.16045E+01  0.51365E+01  0.61717E+01
  0.13657E+01 -0.86669E+01 -0.22902E+02 -0.40291E+02 -0.59848E+02 -0.80648E+02
 -0.10165E+03 -0.12174E+03 -0.13993E+03 -0.15568E+03 -0.16922E+03 -0.18147E+03
 -0.19375E+03 -0.20705E+03 -0.22156E+03 -0.23644E+03 -0.25027E+03 -0.26187E+03
 -0.27107E+03 -0.27893E+03 -0.28717E+03 -0.29689E+03 -0.30719E+03 -0.31469E+03
 -0.31413E+03 -0.30020E+03 -0.26986E+03 -0.22402E+03 -0.16787E+03 -0.10938E+03
 -0.56625E+02 -0.15149E+02  0.13711E+02  0.32618E+02  0.46499E+02  0.60088E+02
  0.75876E+02  0.93432E+02  0.11020E+03  0.12320E+03  0.13077E+03  0.13343E+03
  0.13354E+03  0.13421E+03  0.13785E+03  0.14529E+03  0.15570E+03  0.16707E+03
  0.17711E+03  0.18383E+03  0.18584E+03  0.18226E+03  0.17266E+03  0.15710E+03
  0.13626E+03  0.11169E+03  0.85595E+02  0.60310E+02  0.37633E+02  0.18234E+02
  0.15650E+01 -0.13686E+02 -0.28767E+02 -0.44133E+02 -0.59144E+02 -0.72394E+02
 -0.82439E+02 -0.88569E+02 -0.91175E+02 -0.91532E+02 -0.91075E+02 -0.90630E+02
 -0.89949E+02 -0.87860E+02 -0.82904E+02 -0.74197E+02 -0.62037E+02 -0.47966E+02
 -0.34230E+02 -0.22954E+02 -0.15365E+02 -0.11480E+02 -0.10301E+02 -0.10463E+02
 -0.10938E+02 -0.11512E+02 -0.12778E+02 -0.15757E+02 -0.21313E+02 -0.29682E+02
 -0.40311E+02 -0.52090E+02 -0.63812E+02 -0.74653E+02 -0.84361E+02 -0.93181E+02
 -0.10149E+03 -0.10942E+03 -0.11660E+03 -0.12235E+03 -0.12601E+03 -0.12742E+03
 -0.12721E+03 -0.12660E+03 -0.12688E+03 -0.12868E+03 -0.13140E+03 -0.13319E+03
 -0.13135E+03 -0.12352E+03 -0.10852E+03 -0.87079E+02 -0.61707E+02 -0.35958E+02
 -0.13207E+02  0.43854E+01  0.16455E+02  0.24206E+02  0.29665E+02  0.34662E+02
  0.40079E+02  0.45634E+02  0.50285E+02  0.52953E+02  0.53249E+02  0.51797E+02
  0.50068E+02  0.49753E+02  0.52032E+02  0.56995E+02  0.63529E+02  0.69633E+02
  0.73038E+02  0.71886E+02  0.65256E+02  0.53339E+02  0.37317E+02  0.18989E+02
  0.37642E+00 -0.16672E+02 -0.30738E+02 -0.41000E+02 -0.47293E+02 -0.50103E+02
 -0.50450E+02 -0.49654E+02 -0.48950E+02 -0.49088E+02 -0.50034E+02 -0.50917E+02
 -0.50285E+02 -0.46657E+02 -0.39127E+02 -0.27815E+02 -0.13886E+02  0.82999E+00
  0.14529E+02  0.26081E+02  0.35366E+02  0.43079E+02  0.50113E+02  0.56806E+02
  0.62464E+02  0.65388E+02  0.63493E+02  0.55214E+02  0.40355E+02  0.20403E+02
 -0.17922E+01 -0.22905E+02 -0.40131E+02 -0.51940E+02 -0.58253E+02 -0.60055E+02
 -0.58660E+02 -0.55088E+02 -0.49780E+02 -0.42801E+02 -0.34271E+02 -0.24802E+02
 -0.15585E+02 -0.80913E+01 -0.34599E+01 -0.19768E+01 -0.28568E+01 -0.45341E+01
 -0.52496E+01 -0.37785E+01  0.12260E+00  0.56584E+01  0.11394E+02  0.15823E+02
  0.17873E+02  0.17136E+02  0.13827E+02  0.84782E+01  0.16609E+01 -0.62150E+01
 -0.14880E+02 -0.24128E+02 -0.33714E+02 -0.43353E+02 -0.52738E+02 -0.61608E+02
 -0.69714E+02 -0.76755E+02 -0.82232E+02 -0.85451E+02 -0.85650E+02 -0.82263E+02
 -0.75182E+02 -0.64889E+02 -0.52366E+02 -0.38801E+02 -0.25182E+02 -0.12053E+02
  0.50536E+00  0.12645E+02  0.24453E+02  0.35708E+02  0.45904E+02  0.54481E+02
  0.61194E+02  0.66344E+02  0.70743E+02  0.75387E+02  0.81016E+02  0.87757E+02
  0.95041E+02  0.10187E+03  0.10731E+03  0.11092E+03  0.11293E+03  0.11403E+03
  0.11509E+03  0.11662E+03  0.11867E+03  0.12073E+03  0.12227E+03  0.12287E+03
  0.12256E+03  0.12168E+03  0.12069E+03  0.11987E+03  0.11913E+03  0.11812E+03
  0.11641E+03  0.11377E+03  0.11030E+03  0.10624E+03  0.10179E+03  0.96871E+02
  0.91032E+02  0.83589E+02  0.74006E+02  0.62212E+02  0.48824E+02  0.35061E+02
  0.22491E+02  0.12600E+02  0.64501E+01  0.44666E+01  0.64431E+01  0.11662E+02
  0.19080E+02  0.27484E+02  0.35641E+02  0.42379E+02  0.46684E+02  0.47770E+02
  0.45166E+02  0.38730E+02  0.28635E+02  0.15292E+02 -0.64783E+00 -0.18314E+02
 -0.36570E+02 -0.54012E+02 -0.69011E+02 -0.79916E+02 -0.85323E+02 -0.84399E+02
 -0.77066E+02 -0.64051E+02 -0.46725E+02 -0.26814E+02 -0.60326E+01  0.14172E+02
  0.32778E+02  0.49171E+02  0.63098E+02  0.74525E+02  0.83554E+02  0.90353E+02
  0.95148E+02  0.98208E+02  0.99861E+02  0.10046E+03  0.10047E+03  0.10031E+03
  0.10050E+03  0.10149E+03  0.10356E+03  0.10688E+03  0.11132E+03  0.11658E+03
  0.12231E+03  0.12806E+03  0.13346E+03  0.13815E+03  0.14157E+03  0.14306E+03
  0.14172E+03  0.13665E+03  0.12718E+03  0.11326E+03  0.95572E+02  0.75637E+02
  0.55490E+02  0.37254E+02  0.22649E+02  0.12614E+02  0.71701E+01  0.55380E+01
  0.64568E+01  0.85499E+01  0.10658E+02  0.12000E+02  0.12183E+02  0.11094E+02
  0.87621E+01  0.52136E+01  0.41807E+00 -0.57248E+01 -0.13308E+02 -0.22345E+02
 -0.32681E+02 -0.43955E+02 -0.55604E+02 -0.66956E+02 -0.77361E+02 -0.86352E+02
 -0.93725E+02 -0.99544E+02 -0.10403E+03 -0.10739E+03 -0.10965E+03 -0.11057E+03
 -0.10974E+03 -0.10673E+03 -0.10140E+03 -0.93925E+02 -0.84936E+02 -0.75311E+02
 -0.65935E+02 -0.57463E+02 -0.50160E+02 -0.43915E+02 -0.38338E+02 -0.32958E+02
 -0.27389E+02 -0.21421E+02 -0.15027E+02 -0.83306E+01 -0.15741E+01  0.48858E+01
  0.10581E+02  0.14912E+02  0.17205E+02  0.16808E+02  0.13281E+02  0.65264E+01
 -0.30931E+01 -0.14806E+02 -0.27538E+02 -0.40172E+02 -0.51758E+02 -0.61730E+02
 -0.69934E+02 -0.76552E+02 -0.81912E+02 -0.86284E+02 -0.89680E+02 -0.91825E+02
 -0.92230E+02 -0.90405E+02 -0.86059E+02 -0.79268E+02 -0.70519E+02 -0.60610E+02
 -0.50435E+02 -0.40782E+02 -0.32183E+02 -0.24887E+02 -0.18913E+02 -0.14173E+02
 -0.10568E+02 -0.80290E+01 -0.64742E+01 -0.57640E+01 -0.56804E+01 -0.59855E+01
 -0.65058E+01 -0.72605E+01 -0.85078E+01 -0.10716E+02 -0.14374E+02 -0.19803E+02
 -0.26961E+02 -0.35384E+02 -0.44246E+02 -0.52581E+02 -0.59537E+02 -0.64595E+02
 -0.67625E+02 -0.68816E+02 -0.68472E+02 -0.66813E+02 -0.63807E+02 -0.59202E+02
 -0.52664E+02 -0.44028E+02 -0.33448E+02 -0.21461E+02 -0.88451E+01  0.36263E+01
  0.15467E+02  0.26604E+02  0.37336E+02  0.48084E+02  0.59117E+02  0.70326E+02
  0.81219E+02  0.91141E+02  0.99537E+02  0.10627E+03  0.11169E+03  0.11640E+03
  0.12106E+03  0.12598E+03  0.13109E+03  0.13596E+03  0.14022E+03  0.14375E+03
  0.14676E+03  0.14970E+03  0.15288E+03  0.15613E+03  0.15865E+03  0.15922E+03
  0.15666E+03  0.15029E+03  0.14027E+03  0.12752E+03  0.11335E+03  0.98843E+02
  0.84541E+02  0.70236E+02  0.55312E+02  0.39235E+02  0.22044E+02  0.45426E+01
 -0.11864E+02 -0.25644E+02 -0.35707E+02 -0.41780E+02 -0.44462E+02 -0.44949E+02
 -0.44596E+02 -0.44491E+02 -0.45230E+02 -0.46955E+02 -0.49558E+02 -0.52942E+02
 -0.57153E+02 -0.62377E+02 -0.68771E+02 -0.76290E+02 -0.84540E+02 -0.92828E+02
 -0.10035E+03 -0.10649E+03 -0.11105E+03 -0.11436E+03 -0.11723E+03 -0.12049E+03
 -0.12464E+03 -0.12938E+03 -0.13351E+03 -0.13500E+03 -0.13168E+03 -0.12192E+03
 -0.10525E+03 -0.82742E+02 -0.56766E+02 -0.30346E+02 -0.62343E+01  0.13830E+02
  0.29521E+02  0.41705E+02  0.51818E+02  0.61075E+02  0.69932E+02  0.77973E+02
  0.84257E+02  0.87926E+02  0.88777E+02  0.87459E+02  0.85262E+02  0.83572E+02
  0.83323E+02  0.84652E+02  0.86945E+02  0.89217E+02  0.90658E+02  0.90980E+02
  0.90503E+02  0.89839E+02  0.89471E+02  0.89312E+02  0.88577E+02  0.85970E+02
  0.80181E+02  0.70415E+02  0.56770E+02  0.40252E+02  0.22529E+02  0.54064E+01
 -0.96639E+01 -0.21895E+02 -0.31168E+02 -0.37831E+02 -0.42380E+02 -0.45225E+02
 -0.46597E+02 -0.46660E+02 -0.45651E+02 -0.43965E+02 -0.42052E+02 -0.40213E+02
 -0.38362E+02 -0.35994E+02 -0.32345E+02 -0.26806E+02 -0.19339E+02 -0.10697E+02
 -0.22702E+01  0.43565E+01  0.80020E+01  0.83073E+01  0.58039E+01  0.15697E+01
 -0.33202E+01 -0.82809E+01 -0.13323E+02 -0.18831E+02 -0.25064E+02 -0.31802E+02
 -0.38277E+02 -0.43539E+02 -0.46995E+02 -0.48845E+02 -0.50050E+02 -0.51848E+02
 -0.54995E+02 -0.59152E+02 -0.62786E+02 -0.63699E+02 -0.59984E+02 -0.50956E+02
 -0.37589E+02 -0.22257E+02 -0.78725E+01  0.31585E+01  0.97132E+01  0.12109E+02
  0.11672E+02  0.99772E+01  0.81806E+01  0.67098E+01  0.54001E+01  0.38920E+01
  0.20262E+01  0.43431E-02 -0.17065E+01 -0.26211E+01 -0.24314E+01 -0.10551E+01
  0.14448E+01  0.49490E+01  0.92773E+01  0.14050E+02  0.18549E+02  0.21705E+02
  0.22346E+02  0.19623E+02  0.13415E+02  0.44943E+01 -0.56732E+01 -0.15448E+02
 -0.23588E+02 -0.29604E+02 -0.33722E+02 -0.36485E+02 -0.38243E+02 -0.38812E+02
 -0.37519E+02 -0.33588E+02 -0.26668E+02 -0.17192E+02 -0.63685E+01  0.41914E+01
  0.13029E+02  0.19274E+02  0.22776E+02  0.23907E+02  0.23202E+02  0.21033E+02
  0.17541E+02  0.12783E+02  0.69861E+01  0.70951E+00 -0.52243E+01 -0.99793E+01
 -0.13022E+02 -0.14300E+02 -0.14200E+02 -0.13291E+02 -0.12023E+02 -0.10526E+02
 -0.86388E+01 -0.61071E+01 -0.28455E+01  0.91401E+00  0.46494E+01  0.77543E+01
  0.97808E+01  0.10610E+02  0.10438E+02  0.96376E+01  0.85538E+01  0.73855E+01
  0.61584E+01  0.48426E+01  0.34749E+01  0.22456E+01  0.14653E+01  0.14495E+01
  0.23739E+01  0.41824E+01  0.65942E+01  0.92094E+01  0.11667E+02  0.13787E+02
  0.15647E+02  0.17561E+02  0.19972E+02  0.23279E+02  0.27682E+02  0.33072E+02
  0.39023E+02  0.44913E+02  0.50125E+02  0.54266E+02  0.57304E+02  0.59517E+02
  0.61312E+02  0.62907E+02  0.64077E+02  0.64059E+02  0.61749E+02  0.56082E+02
  0.46489E+02  0.33191E+02  0.17259E+02  0.30356E+00 -0.15989E+02 -0.30352E+02
 -0.42170E+02 -0.51458E+02 -0.58565E+02 -0.63817E+02 -0.67230E+02 -0.68506E+02
 -0.67239E+02 -0.63262E+02 -0.56854E+02 -0.48811E+02 -0.40252E+02 -0.32318E+02
 -0.25836E+02 -0.21201E+02 -0.18394E+02 -0.17192E+02 -0.17287E+02 -0.18403E+02
 -0.20216E+02 -0.22270E+02 -0.23865E+02 -0.24177E+02 -0.22469E+02 -0.18431E+02
 -0.12341E+02 -0.50773E+01  0.21634E+01  0.82563E+01  0.12593E+02  0.15225E+02
  0.16759E+02  0.17945E+02  0.19269E+02  0.20619E+02  0.21282E+02  0.20216E+02
  0.16561E+02  0.10044E+02  0.11981E+01 -0.87922E+01 -0.18415E+02 -0.26330E+02
 -0.31701E+02 -0.34360E+02 -0.34658E+02 -0.33234E+02 -0.30761E+02 -0.27821E+02
 -0.24874E+02 -0.22354E+02 -0.20721E+02 -0.20470E+02 -0.21980E+02 -0.25384E+02
 -0.30457E+02 -0.36635E+02 -0.43111E+02 -0.49036E+02 -0.53689E+02 -0.56595E+02
 -0.57524E+02 -0.56477E+02 -0.53637E+02 -0.49369E+02 -0.44196E+02 -0.38778E+02
 -0.33820E+02 -0.29927E+02 -0.27407E+02 -0.26154E+02 -0.25642E+02 -0.25081E+02
 -0.23670E+02 -0.20875E+02 -0.16637E+02 -0.11402E+02 -0.59731E+01 -0.12640E+01
  0.19785E+01  0.33586E+01  0.28848E+01  0.86232E+00 -0.22874E+01 -0.62284E+01
 -0.10817E+02 -0.16100E+02 -0.22192E+02 -0.29125E+02 -0.36725E+02 -0.44592E+02
 -0.52236E+02 -0.59239E+02 -0.65454E+02 -0.71055E+02 -0.76456E+02 -0.82063E+02
 -0.88026E+02 -0.94100E+02 -0.99697E+02 -0.10414E+03 -0.10698E+03 -0.10827E+03
 -0.10848E+03 -0.10828E+03 -0.10807E+03 -0.10758E+03 -0.10584E+03 -0.10147E+03
 -0.93214E+02 -0.80711E+02 -0.64763E+02 -0.47287E+02 -0.30742E+02 -0.17323E+02
 -0.82308E+01 -0.33630E+01 -0.15056E+01 -0.95284E+00 -0.24362E+00  0.12964E+01
  0.34242E+01  0.52523E+01  0.57580E+01  0.42628E+01  0.68928E+00 -0.44854E+01
 -0.10478E+02 -0.16501E+02 -0.21959E+02 -0.26505E+02 -0.29971E+02 -0.32294E+02
 -0.33482E+02 -0.33646E+02 -0.33022E+02 -0.31962E+02 -0.30817E+02 -0.29797E+02
 -0.28886E+02 -0.27863E+02 -0.26454E+02 -0.24529E+02 -0.22251E+02 -0.20063E+02
 -0.18489E+02 -0.17892E+02 -0.18226E+02 -0.18986E+02 -0.19334E+02 -0.18391E+02
 -0.15552E+02 -0.10683E+02 -0.41565E+01  0.33012E+01  0.10852E+02  0.17787E+02
  0.23683E+02  0.28450E+02  0.32264E+02  0.35436E+02  0.38264E+02  0.40887E+02
  0.43177E+02  0.44696E+02  0.44762E+02  0.42587E+02  0.37522E+02  0.29286E+02
  0.18138E+02  0.49098E+01 -0.91459E+01 -0.22612E+02 -0.34201E+02 -0.42967E+02
 -0.48393E+02 -0.50339E+02 -0.48933E+02 -0.44463E+02 -0.37349E+02 -0.28176E+02
 -0.17722E+02 -0.69301E+01  0.32181E+01  0.11900E+02  0.18656E+02  0.23467E+02
  0.26710E+02  0.28964E+02  0.30788E+02  0.32526E+02  0.34247E+02  0.35829E+02
  0.37105E+02  0.38007E+02  0.38634E+02  0.39222E+02  0.40041E+02  0.41291E+02
  0.43050E+02  0.45275E+02  0.47871E+02  0.50757E+02  0.53899E+02  0.57294E+02
  0.60927E+02  0.64737E+02  0.68599E+02  0.72338E+02  0.75792E+02  0.78851E+02
  0.81493E+02  0.83787E+02  0.85867E+02  0.87903E+02  0.90046E+02  0.92393E+02
  0.94959E+02  0.97644E+02  0.10026E+03  0.10254E+03  0.10426E+03  0.10527E+03
  0.10564E+03  0.10557E+03  0.10542E+03  0.10543E+03  0.10564E+03  0.10576E+03
  0.10512E+03  0.10288E+03  0.98246E+02  0.90838E+02  0.80817E+02  0.68937E+02
  0.56337E+02  0.44228E+02  0.33557E+02  0.24804E+02  0.17959E+02  0.12693E+02
  0.86051E+01  0.54229E+01  0.30707E+01  0.15757E+01  0.89544E+00  0.78248E+00
  0.77017E+00  0.31004E+00 -0.10110E+01 -0.32934E+01 -0.62869E+01 -0.95200E+01
 -0.12519E+02 -0.15019E+02 -0.17020E+02 -0.18696E+02 -0.20190E+02 -0.21444E+02
 -0.22159E+02 -0.21935E+02 -0.20506E+02 -0.17940E+02 -0.14692E+02 -0.11477E+02
 -0.90047E+01 -0.77457E+01 -0.78326E+01 -0.91288E+01 -0.11408E+02 -0.14489E+02
 -0.18261E+02 -0.22551E+02 -0.26937E+02 -0.30666E+02 -0.32779E+02 -0.32421E+02
 -0.29189E+02 -0.23363E+02 -0.15852E+02 -0.78709E+01 -0.49735E+00  0.56687E+01
  0.10570E+02  0.14473E+02  0.17587E+02  0.19768E+02  0.20457E+02  0.18931E+02
  0.14702E+02  0.78640E+01 -0.82940E+00 -0.10186E+02 -0.18973E+02 -0.26299E+02
 -0.31748E+02 -0.35261E+02 -0.36829E+02 -0.36250E+02 -0.33108E+02 -0.27015E+02
 -0.18006E+02 -0.68264E+01  0.50771E+01  0.15902E+02  0.24072E+02  0.28762E+02
  0.30156E+02  0.29295E+02  0.27618E+02  0.26393E+02  0.26308E+02  0.27370E+02
  0.29101E+02  0.30890E+02  0.32327E+02  0.33328E+02  0.34083E+02  0.34868E+02
  0.35867E+02  0.37095E+02  0.38432E+02  0.39724E+02  0.40850E+02  0.41719E+02
  0.42220E+02  0.42161E+02  0.41297E+02  0.39405E+02  0.36426E+02  0.32538E+02
  0.28132E+02  0.23665E+02  0.19458E+02  0.15558E+02  0.11722E+02  0.75746E+01
  0.28495E+01 -0.23833E+01 -0.76368E+01 -0.12121E+02 -0.15005E+02 -0.15738E+02
 -0.14256E+02 -0.11020E+02 -0.68417E+01 -0.25891E+01  0.10900E+01  0.39183E+01
  0.59556E+01  0.74096E+01  0.84058E+01  0.88283E+01  0.83363E+01  0.65222E+01
  0.31631E+01 -0.15864E+01 -0.71431E+01 -0.12644E+02 -0.17213E+02 -0.20251E+02
 -0.21604E+02 -0.21551E+02 -0.20622E+02 -0.19353E+02 -0.18066E+02 -0.16824E+02
 -0.15505E+02 -0.13961E+02 -0.12158E+02 -0.10185E+02 -0.81639E+01 -0.60725E+01
 -0.36404E+01 -0.35352E+00  0.43793E+01  0.10988E+02  0.19541E+02  0.29669E+02
  0.40663E+02  0.51687E+02  0.62004E+02  0.71121E+02  0.78802E+02  0.84973E+02
  0.89599E+02  0.92622E+02  0.93983E+02  0.93700E+02  0.91945E+02  0.89027E+02
  0.85302E+02  0.81003E+02  0.76138E+02  0.70473E+02  0.63656E+02  0.55435E+02
  0.45839E+02  0.35250E+02  0.24313E+02  0.13701E+02  0.38695E+01 -0.51060E+01
 -0.13512E+02 -0.21813E+02 -0.30372E+02 -0.39214E+02 -0.47943E+02 -0.55871E+02
 -0.62267E+02 -0.66642E+02 -0.68925E+02 -0.69431E+02 -0.68670E+02 -0.67083E+02
 -0.64825E+02 -0.61739E+02 -0.57487E+02 -0.51812E+02 -0.44766E+02 -0.36821E+02
 -0.28776E+02 -0.21528E+02 -0.15807E+02 -0.11997E+02 -0.10084E+02 -0.97765E+01
 -0.10675E+02 -0.12426E+02 -0.14781E+02 -0.17571E+02 -0.20619E+02 -0.23699E+02
 -0.26550E+02 -0.28963E+02 -0.30865E+02 -0.32372E+02 -0.33743E+02 -0.35280E+02
 -0.37203E+02 -0.39597E+02 -0.42435E+02 -0.45656E+02 -0.49262E+02 -0.53335E+02
 -0.57964E+02 -0.63141E+02 -0.68657E+02 -0.74116E+02 -0.79058E+02 -0.83156E+02
 -0.86358E+02 -0.88888E+02 -0.91054E+02 -0.92932E+02 -0.94115E+02 -0.93659E+02
 -0.90346E+02 -0.83188E+02 -0.71982E+02 -0.57658E+02 -0.42191E+02 -0.28103E+02
 -0.17652E+02 -0.12094E+02 -0.11274E+02 -0.13754E+02 -0.17404E+02 -0.20189E+02
 -0.20834E+02 -0.19043E+02 -0.15287E+02 -0.10273E+02 -0.44269E+01  0.23164E+01
  0.10340E+02  0.19891E+02  0.30636E+02  0.41508E+02  0.50975E+02  0.57616E+02
  0.60713E+02  0.60558E+02  0.58287E+02  0.55335E+02  0.52780E+02  0.50925E+02
  0.49341E+02  0.47295E+02  0.44335E+02  0.40657E+02  0.37028E+02  0.34305E+02
  0.32795E+02  0.31885E+02  0.30172E+02  0.26133E+02  0.18997E+02  0.93926E+01
 -0.21562E+01 -0.10803E+02
