eq23s1 - EC8_series regulamentares_2_3 - serie 1 - vel (m/s)
3004 0.005
0
-3.09319E-05
-5.77198E-05
-8.47514E-05
-0.000110564
-0.000136133
-0.000161215
-0.000186296
-0.000211621
-0.000237678
-0.00026471
-0.000293204
-0.000323161
-0.000355312
-0.000389412
-0.000425707
-0.000464196
-0.000504635
-0.000546537
-0.000589657
-0.00063424
-0.000680285
-0.000727794
-0.000777008
-0.000828661
-0.000882751
-0.000939034
-0.000997268
-0.001056965
-0.001117149
-0.001176846
-0.001235568
-0.00129307
-0.001348623
-0.001401494
-0.001451927
-0.001499679
-0.001544262
-0.001585189
-0.00162319
-0.001660216
-0.00169578
-0.001727931
-0.001755206
-0.001777118
-0.001791718
-0.001796567
-0.001791421
-0.001778474
-0.001760165
-0.001739174
-0.001719402
-0.001705968
-0.001703504
-0.001716397
-0.001747816
-0.00179825
-0.001864772
-0.001944458
-0.002037551
-0.002144538
-0.002263958
-0.002395567
-0.002542289
-0.002705343
-0.002880099
-0.003062168
-0.003253987
-0.003459701
-0.003676385
-0.003895994
-0.004112677
-0.004323511
-0.004522643
-0.004703005
-0.004860941
-0.004997912
-0.005116601
-0.005220907
-0.005317169
-0.005411725
-0.005508474
-0.005609612
-0.005716112
-0.005821881
-0.00591473
-0.005985152
-0.006033636
-0.00606213
-0.006068929
-0.006055739
-0.006033773
-0.006015707
-0.006003248
-0.005992252
-0.005982474
-0.005976841
-0.005974133
-0.005969718
-0.005958722
-0.005936756
-0.005902846
-0.005864547
-0.005834781
-0.005818422
-0.005814738
-0.005833969
-0.005902929
-0.006046726
-0.006275111
-0.00659174
-0.006996613
-0.007468279
-0.007957008
-0.008417949
-0.008845492
-0.009261091
-0.009674253
-0.010070838
-0.010434758
-0.010763331
-0.011057534
-0.011311514
-0.011517472
-0.011676382
-0.011798728
-0.011895477
-0.01196785
-0.012006582
-0.012003387
-0.0119607
-0.011884374
-0.011778064
-0.011653959
-0.011544724
-0.011484487
-0.011471296
-0.011466394
-0.011438822
-0.011401986
-0.011393671
-0.011427528
-0.011472111
-0.011481104
-0.011433055
-0.01133357
-0.011182163
-0.010961526
-0.010673364
-0.010359364
-0.010047313
-0.009687727
-0.009195288
-0.008558781
-0.007857675
-0.007160226
-0.006472771
-0.005817494
-0.005286295
-0.004948649
-0.004756776
-0.004616826
-0.004520023
-0.004533647
-0.004687439
-0.004945076
-0.005271212
-0.005650977
-0.006041955
-0.006362972
-0.006529683
-0.006472858
-0.006166902
-0.005697133
-0.00524784
-0.004931401
-0.004655429
-0.004234413
-0.003588399
-0.002727381
-0.001604068
-0.000147035
0.001560592
0.003306734
0.005003148
0.006765623
0.008668021
0.010545798
0.012147386
0.013392096
0.014373292
0.015168249
0.01576624
0.016187743
0.016580969
0.017149708
0.018010238
0.019162804
0.020622518
0.022524916
0.025006753
0.027968814
0.031072992
0.034037491
0.036827207
0.039469688
0.041828665
0.043730819
0.045221979
0.046507399
0.047704574
0.048855677
0.050115744
0.051652733
0.053330864
0.054715985
0.055444393
0.055424918
0.054713384
0.053460439
0.051995903
0.050658858
0.049447354
0.048091538
0.046549728
0.045153203
0.044201313
0.043778888
0.044081919
0.0454373
0.047682925
0.049946832
0.051474558
0.052358734
0.05299841
0.053207347
0.052548466
0.0513472
0.050517438
0.050264677
0.049760102
0.048424276
0.04681031
0.045693631
0.044915548
0.043887115
0.04282626
0.042539858
0.043016453
0.043157134
0.042170141
0.040454767
0.038675525
0.036681036
0.034038853
0.031130474
0.028783007
0.02694843
0.024654349
0.021431996
0.0180529
0.015564535
0.014211645
0.013599081
0.013247837
0.012539228
0.010785582
0.008074656
0.0056153
0.004506179
0.004438681
0.004276358
0.003562386
0.002658518
0.001783659
0.001050673
0.001342734
0.003850411
0.008431584
0.013561481
0.018307198
0.023169193
0.028380508
0.032719132
0.035175129
0.036796218
0.039390188
0.042870745
0.045319185
0.045491069
0.043897336
0.041395807
0.038150296
0.03441993
0.031204402
0.029349105
0.028640983
0.028282914
0.02777712
0.026972954
0.025986936
0.02508258
0.024548997
0.024491738
0.024786969
0.02558607
0.026960952
0.028051844
0.027552389
0.025392136
0.022916447
0.020866379
0.018208107
0.013753503
0.007969141
0.002134074
-0.00349842
-0.009450496
-0.015509586
-0.02085102
-0.025402157
-0.029683685
-0.033288023
-0.034877369
-0.033997093
-0.03177487
-0.029468303
-0.027340907
-0.025339051
-0.023781585
-0.022726527
-0.021516676
-0.019669614
-0.01757415
-0.015696129
-0.013783249
-0.011580771
-0.009728346
-0.009093789
-0.009627372
-0.010707972
-0.012327789
-0.015057729
-0.01895069
-0.023288284
-0.027438421
-0.031259714
-0.034595175
-0.037092559
-0.038779169
-0.040189832
-0.041503232
-0.041955396
-0.040621954
-0.037676225
-0.034466252
-0.032266455
-0.031212129
-0.030580253
-0.029802117
-0.028717075
-0.026864162
-0.023294142
-0.01772863
-0.011506162
-0.006483036
-0.003031243
-2.11598E-05
0.003097401
0.005310604
0.00567019
0.004828727
0.003931928
0.002724568
6.48337E-05
-0.003921247
-0.007480731
-0.009191474
-0.009251414
-0.008520813
-0.007239781
-0.005295455
-0.003125398
-0.001603767
-0.001145455
-0.001350438
-0.00156639
-0.001671184
-0.002316413
-0.004349418
-0.007871119
-0.011985909
-0.015654359
-0.018558593
-0.020839511
-0.022360601
-0.022849087
-0.022587253
-0.022223523
-0.021831516
-0.020780602
-0.018672463
-0.015872996
-0.013024044
-0.010557077
-0.008714158
-0.007374622
-0.005729156
-0.002861921
0.001038162
0.004655961
0.006986173
0.00814142
0.008508075
0.007971567
0.00649923
0.004669041
0.002852746
0.000502355
-0.00292452
-0.00686014
-0.010375747
-0.013642709
-0.017598075
-0.022304979
-0.026688646
-0.029974623
-0.032442023
-0.034567904
-0.036348121
-0.037834352
-0.03950853
-0.0415781
-0.043541631
-0.045071497
-0.046821973
-0.049646496
-0.053291787
-0.056601165
-0.058973252
-0.061002113
-0.063571897
-0.066816676
-0.070179684
-0.073123652
-0.075480382
-0.077292533
-0.078654686
-0.079812073
-0.081311225
-0.083851756
-0.087751786
-0.092505494
-0.097115866
-0.101048074
-0.104589276
-0.107960571
-0.110403351
-0.110771903
-0.108937273
-0.105848939
-0.102071472
-0.097137809
-0.090844404
-0.084356959
-0.07911566
-0.075111243
-0.071251626
-0.06720455
-0.06377494
-0.061402312
-0.05937803
-0.056903994
-0.054002631
-0.050904547
-0.047359635
-0.043170685
-0.038781846
-0.034738183
-0.031112339
-0.028035707
-0.026223259
-0.02626638
-0.027771381
-0.029743931
-0.031414208
-0.032262497
-0.03196361
-0.031059689
-0.031015783
-0.032647301
-0.034986723
-0.036671626
-0.037902388
-0.039832766
-0.042433509
-0.044364618
-0.044839453
-0.044212697
-0.042678633
-0.039868928
-0.036095604
-0.032644299
-0.030264358
-0.028469949
-0.026827409
-0.025785758
-0.025606074
-0.025610435
-0.025336656
-0.025513361
-0.02699228
-0.029429941
-0.031810804
-0.033547873
-0.034291098
-0.033464939
-0.031020642
-0.028075401
-0.025825389
-0.024276456
-0.022902792
-0.021938416
-0.021888417
-0.022177012
-0.021497602
-0.019364842
-0.016292841
-0.012654322
-0.008520464
-0.00450386
-0.001420158
0.001097756
0.004374035
0.008632703
0.012330702
0.014222618
0.015068766
0.016371005
0.018175896
0.019267519
0.019168088
0.01878101
0.018994091
0.019624016
0.020082328
0.020356838
0.02083904
0.021640822
0.022577408
0.023516676
0.024246059
0.024233653
0.023146959
0.021604173
0.020831696
0.0214292
0.022935474
0.024690636
0.02648212
0.028093702
0.029005911
0.029152443
0.029293124
0.029776057
0.029483805
0.027186555
0.023709951
0.021392955
0.021162864
0.021445663
0.02056154
0.019060195
0.0187716
0.020401952
0.023180943
0.026366052
0.029840515
0.033253061
0.035663229
0.036424302
0.035821245
0.034543923
0.032954578
0.031095136
0.029025078
0.026852394
0.024638269
0.022492155
0.020616381
0.019069695
0.017592971
0.01587784
0.014007917
0.012448067
0.011527135
0.011115193
0.011006011
0.011422639
0.012682219
0.014312571
0.015068037
0.01420756
0.012342999
0.010530605
0.008886168
0.006814647
0.004505209
0.003440697
0.005158806
0.009852113
0.016252045
0.022604686
0.027866461
0.032355246
0.037181163
0.042750088
0.048100108
0.052094042
0.054765287
0.056776406
0.058092297
0.058297821
0.0579222
0.058067269
0.058639421
0.058317429
0.056611318
0.054610491
0.053068436
0.050955719
0.046794125
0.040556109
0.033414442
0.026319822
0.019564772
0.013095176
0.006553911
-0.000387865
-0.007172899
-0.012567475
-0.016340988
-0.019896086
-0.024451122
-0.029428122
-0.033570459
-0.036831814
-0.039936183
-0.042587385
-0.04341861
-0.041616401
-0.037611741
-0.032276591
-0.026333481
-0.020502749
-0.01542185
-0.011313832
-0.008142374
-0.005855065
-0.004060168
-0.001982744
0.000583924
0.002768362
0.003808794
0.00424858
0.00507352
0.006173188
0.006764354
0.007015706
0.008016891
0.010144044
0.012548606
0.014398594
0.01570449
0.01680562
0.017945022
0.019526377
0.021959216
0.025018297
0.028070065
0.031072592
0.034576307
0.038531238
0.041899174
0.043828143
0.04455777
0.044760856
0.044574399
0.043788759
0.042591881
0.041561254
0.041026695
0.040838045
0.040821008
0.041233735
0.042551576
0.044717732
0.046820752
0.047944065
0.048365812
0.049357246
0.051491712
0.053687608
0.054430642
0.053568946
0.052397176
0.052330166
0.054044131
0.057530783
0.062223358
0.067173841
0.071737707
0.076057804
0.080426411
0.084354771
0.086817106
0.087276881
0.085965432
0.083330074
0.079749625
0.07561704
0.071092231
0.065856348
0.059665135
0.053090474
0.047199097
0.042521445
0.038707465
0.03505096
0.030981511
0.026308247
0.021464344
0.017274229
0.014019943
0.01103819
0.00771833
0.004488664
0.002188001
0.000881183
7.72607E-05
-0.000208166
0.000486358
0.002090871
0.003938421
0.005642635
0.007324667
0.009047407
0.01074309
0.012606972
0.014810669
0.016884924
0.01811257
0.018464111
0.018416116
0.017959807
0.01663105
0.014505657
0.01231664
0.010536667
0.009179146
0.008577307
0.009417361
0.011644459
0.014045608
0.015342973
0.015336905
0.014830624
0.014815049
0.01573896
0.017145045
0.018070662
0.01819501
0.018340811
0.019326882
0.020736624
0.021620312
0.022031577
0.022790212
0.023873791
0.024213144
0.023176666
0.021195583
0.018782056
0.0160097
0.013185909
0.010922055
0.009132819
0.006973055
0.004224345
0.001827149
0.000567379
0.000111558
-0.00018947
-0.000471484
-0.000930473
-0.002338699
-0.005225138
-0.009154908
-0.013436924
-0.017897378
-0.02232858
-0.025860275
-0.027697534
-0.028079249
-0.027862024
-0.027542904
-0.027221834
-0.027031668
-0.026973624
-0.026731047
-0.026220813
-0.025919244
-0.026122764
-0.026395759
-0.026327477
-0.026217998
-0.026227722
-0.025448366
-0.022899737
-0.019154447
-0.015868173
-0.013718594
-0.011802544
-0.009159577
-0.00595009
-0.002921968
-0.000602238
0.000665387
0.000749757
0.000299543
0.000524081
0.001712237
0.002479647
0.001200619
-0.00215215
-0.006256945
-0.010180377
-0.014032384
-0.018068437
-0.022160313
-0.026359447
-0.031004191
-0.035717921
-0.039102867
-0.040244654
-0.040017191
-0.040020333
-0.040560498
-0.040676505
-0.040007089
-0.03945322
-0.039736696
-0.040426292
-0.040975963
-0.041786468
-0.043369476
-0.0450868
-0.045668649
-0.044685259
-0.042691692
-0.04016232
-0.037137854
-0.033843536
-0.030789574
-0.028102485
-0.02544611
-0.022833857
-0.020936821
-0.020246929
-0.02032954
-0.02027369
-0.019738103
-0.019311969
-0.019840921
-0.02144343
-0.023206583
-0.023935912
-0.023188246
-0.0213836
-0.019007071
-0.016212235
-0.013304291
-0.010886078
-0.00904706
-0.007040816
-0.004490724
-0.002453278
-0.002425705
-0.004541104
-0.007581362
-0.010564821
-0.013336933
-0.015633695
-0.016726484
-0.01644588
-0.015704064
-0.015421754
-0.015478281
-0.015190607
-0.01429985
-0.012931793
-0.011004042
-0.008334991
-0.005177428
-0.002067887
0.000812024
0.003611248
0.006072608
0.007336576
0.006837608
0.005171231
0.003694263
0.003279151
0.003751114
0.004498536
0.005120417
0.005217951
0.004130769
0.001637041
-0.001251592
-0.003018645
-0.003351119
-0.003429586
-0.004220101
-0.005130064
-0.004853116
-0.00305115
-0.000601979
0.001571734
0.003425866
0.005684167
0.009138397
0.013897034
0.019092749
0.023539361
0.026827829
0.029508337
0.032185432
0.035006595
0.038185854
0.042251944
0.047270682
0.052389365
0.056666315
0.059860688
0.061960783
0.062575838
0.061447459
0.059043926
0.055951502
0.052101201
0.047263148
0.041886855
0.036736047
0.032001597
0.027409995
0.022900543
0.018657775
0.014903518
0.012223551
0.011528837
0.012884462
0.014765652
0.015266624
0.013847185
0.011425612
0.009272917
0.008360517
0.009048947
0.010575941
0.011485957
0.011382138
0.011491617
0.012571783
0.013240224
0.011760574
0.008683995
0.006098854
0.004867361
0.004397157
0.004704089
0.006560902
0.009470309
0.011495323
0.011616503
0.010610009
0.00912524
0.006595434
0.002773654
-0.00122754
-0.004425028
-0.007295379
-0.010712015
-0.014576699
-0.018332661
-0.021882639
-0.025189092
-0.027859309
-0.029906208
-0.032047447
-0.034440254
-0.035973533
-0.035722912
-0.034398246
-0.033437283
-0.033240291
-0.033137881
-0.032561585
-0.031395369
-0.029610467
-0.027372155
-0.025185279
-0.023229495
-0.020849798
-0.017312443
-0.012762472
-0.007948987
-0.003450939
0.000323604
0.002995092
0.004838986
0.007074129
0.010644636
0.014977166
0.018722943
0.021482432
0.024012535
0.026973134
0.030365203
0.03406564
0.03789893
0.041058688
0.042469892
0.042162282
0.041509496
0.04158631
0.04193712
0.041588801
0.040664457
0.040060424
0.03980035
0.03880385
0.036474178
0.033542398
0.030851949
0.028171738
0.025017153
0.021969826
0.020045298
0.019012964
0.017551353
0.015144651
0.012678225
0.010888989
0.009426159
0.008024516
0.007485813
0.008569392
0.010671193
0.012514843
0.013608904
0.014296846
0.015030861
0.016381123
0.018981431
0.022443218
0.025021587
0.025534991
0.02503456
0.025315165
0.0263183
0.026457031
0.025099266
0.023060898
0.020769254
0.017750449
0.014241424
0.011626543
0.010586896
0.010112792
0.009046574
0.00751037
0.006127009
0.004798009
0.002962944
0.000314179
-0.003284309
-0.007833739
-0.012711038
-0.016952588
-0.020437967
-0.023907013
-0.027396537
-0.029763992
-0.03046797
-0.030772898
-0.032226708
-0.034785035
-0.037525213
-0.040561082
-0.044979609
-0.051096472
-0.057858347
-0.063991055
-0.06892052
-0.072574831
-0.075134133
-0.077216136
-0.079636001
-0.082527316
-0.084933287
-0.08554707
-0.08382628
-0.080361568
-0.076297184
-0.072450974
-0.068868034
-0.065053757
-0.060540839
-0.055282963
-0.049688931
-0.044356706
-0.039602457
-0.035138049
-0.030398182
-0.025316308
-0.020571809
-0.016944503
-0.014669139
-0.013463919
-0.012740874
-0.011664852
-0.009675185
-0.007381782
-0.006368408
-0.007598682
-0.010524612
-0.014193793
-0.018481659
-0.023568843
-0.029024605
-0.034374572
-0.039873725
-0.04559032
-0.050346709
-0.052908205
-0.053824749
-0.054683763
-0.055747543
-0.055727284
-0.053809528
-0.050504485
-0.046498606
-0.0421456
-0.038282326
-0.036094231
-0.035737814
-0.03622825
-0.036911263
-0.037829757
-0.038503508
-0.037869682
-0.035923162
-0.034020276
-0.032965462
-0.032105663
-0.030917751
-0.030070871
-0.030033304
-0.029899205
-0.0286406
-0.026474931
-0.023959455
-0.020768251
-0.016632687
-0.012762587
-0.010958915
-0.011533695
-0.013055273
-0.013939396
-0.013550314
-0.012078168
-0.01020941
-0.008851348
-0.008525402
-0.008967084
-0.009592081
-0.010182218
-0.010883271
-0.011793233
-0.012768769
-0.013415948
-0.013285018
-0.012516632
-0.012244803
-0.013698613
-0.016838084
-0.020540418
-0.02412428
-0.027798823
-0.031486043
-0.034247673
-0.035306334
-0.034798293
-0.033150633
-0.030593716
-0.027666758
-0.025225143
-0.023351022
-0.021084433
-0.017815955
-0.014165491
-0.010931871
-0.008020514
-0.005085268
-0.002433768
-0.00050163
0.000927613
0.002208645
0.003116466
0.003436318
0.003779327
0.004959682
0.006851111
0.008675503
0.010377036
0.01305145
0.017805455
0.024448912
0.031503607
0.037579814
0.042675827
0.047791585
0.053227655
0.058008719
0.061387381
0.063893594
0.065933478
0.066419336
0.064411196
0.06139824
0.059959056
0.060478554
0.061315439
0.062072611
0.064130778
0.067501639
0.069889869
0.070080522
0.069852869
0.070916703
0.072032215
0.071089832
0.068332834
0.065381308
0.062380298
0.058396899
0.05381846
0.050138066
0.047661402
0.045231542
0.042038197
0.038187896
0.033718666
0.028498872
0.023018489
0.01809268
0.013877701
0.010090049
0.006839663
0.004343741
0.002319999
0.000625589
-0.000106178
0.000499127
0.001541752
0.00198617
0.002136358
0.002792854
0.003703844
0.004290623
0.005285957
0.008040327
0.012490109
0.017222663
0.021249018
0.024379524
0.02631995
0.02701618
0.027638305
0.029513157
0.032034728
0.033175836
0.032197375
0.030391563
0.028968467
0.027682857
0.02592848
0.023859154
0.02187539
0.020005223
0.018244995
0.016689046
0.015038027
0.012803181
0.010242417
0.00831472
0.00747082
0.007144684
0.006566735
0.005505148
0.004256835
0.003502885
0.003940964
0.005333642
0.006241951
0.005583314
0.004133405
0.003494513
0.003923817
0.004338982
0.004189334
0.004005072
0.004240579
0.005001164
0.006942809
0.010915048
0.016335274
0.021228715
0.024360927
0.026226028
0.027509741
0.027754999
0.026237565
0.023340888
0.020418371
0.018742975
0.018760553
0.019728829
0.020021622
0.018582194
0.016175492
0.01442794
0.013675696
0.012716493
0.010648141
0.007807287
0.004799207
0.001814041
-0.00087202
-0.002943297
-0.00490829
-0.007706973
-0.01109972
-0.013678036
-0.014865407
-0.015554514
-0.016246059
-0.016068813
-0.014535481
-0.012894159
-0.012586252
-0.013459893
-0.014650433
-0.016142758
-0.018061923
-0.019294391
-0.018495047
-0.01618263
-0.01439724
-0.014286786
-0.015152626
-0.015850997
-0.016038916
-0.015874346
-0.015427735
-0.014740036
-0.01390827
-0.012899772
-0.011639461
-0.010252146
-0.008841186
-0.007198889
-0.005252125
-0.003645906
-0.003282176
-0.004318654
-0.006188822
-0.008551402
-0.011518285
-0.014811331
-0.017431818
-0.018634303
-0.018781512
-0.01868861
-0.018357058
-0.01696633
-0.014183439
-0.010918617
-0.008430443
-0.007025089
-0.006067051
-0.004965189
-0.003441608
-0.000937344
0.003207239
0.008493148
0.013009235
0.015222438
0.015488417
0.015041859
0.014111908
0.012135457
0.009412099
0.007134351
0.005660551
0.003998075
0.001359548
-0.001768222
-0.004449408
-0.006208417
-0.006681058
-0.005314707
-0.002053542
0.002332373
0.007071996
0.011935941
0.016661425
0.020642196
0.023604501
0.025784552
0.027036331
0.026712389
0.024990677
0.023318937
0.022765121
0.022806832
0.022567478
0.022286683
0.022472218
0.022409352
0.020870711
0.017934786
0.014924756
0.012785224
0.011526185
0.010968957
0.010925349
0.010751568
0.009722891
0.007859793
0.005661025
0.003253104
0.000569236
-0.002013223
-0.004158118
-0.00630862
-0.008879866
-0.011108861
-0.011972019
-0.011955173
-0.012475836
-0.01366467
-0.014308924
-0.014102425
-0.014242322
-0.015331454
-0.016350137
-0.016510997
-0.016660157
-0.017795605
-0.019391045
-0.020304176
-0.020355829
-0.01985242
-0.018372229
-0.015268782
-0.010856784
-0.006023798
-0.001110855
0.003875705
0.008441034
0.011995209
0.014674011
0.016871613
0.018435173
0.019272058
0.020190605
0.021986964
0.024156533
0.025749101
0.02704744
0.028900109
0.030649908
0.030493435
0.028088439
0.025071096
0.022435007
0.0190681
0.013860982
0.007862346
0.003015275
-0.000301417
-0.003059877
-0.005479012
-0.006611535
-0.006017687
-0.004672057
-0.003910253
-0.004243702
-0.005512492
-0.007604489
-0.010573809
-0.01425786
-0.01810743
-0.021513097
-0.024359314
-0.027189687
-0.030585603
-0.034341322
-0.037563187
-0.039665666
-0.040882776
-0.04165379
-0.042001378
-0.041802192
-0.041134239
-0.039841507
-0.037170993
-0.032523271
-0.026474366
-0.020559534
-0.016083181
-0.013439726
-0.012347859
-0.012235455
-0.012495773
-0.012874563
-0.01367556
-0.015331699
-0.017905627
-0.021266684
-0.025407557
-0.030040844
-0.034137107
-0.036606702
-0.037456697
-0.037641447
-0.037755504
-0.037615067
-0.037264013
-0.037479478
-0.038707071
-0.040171607
-0.040833656
-0.040842405
-0.041166103
-0.041920541
-0.042066532
-0.041078266
-0.040029303
-0.040277676
-0.041557679
-0.042293834
-0.041706569
-0.040617627
-0.039822183
-0.038536763
-0.035253903
-0.029708624
-0.02317852
-0.0170226
-0.01173596
-0.007398556
-0.004074985
-0.001381801
0.001601224
0.00536114
0.00919955
0.011845199
0.01259384
0.011652431
0.009797134
0.008047388
0.007311233
0.007900449
0.009502524
0.011766919
0.014594176
0.017730044
0.020617756
0.02297527
0.025004428
0.02664185
0.02714209
0.025933024
0.023435883
0.020492646
0.017406072
0.014089137
0.010660068
0.007179808
0.003251014
-0.001269408
-0.005470736
-0.008222615
-0.009671306
-0.01101152
-0.012795393
-0.014318921
-0.014762797
-0.014161149
-0.013101947
-0.012175599
-0.011868912
-0.012346915
-0.013153763
-0.013703435
-0.014198747
-0.015533354
-0.018229898
-0.022046802
-0.026589894
-0.031516191
-0.036001997
-0.038883561
-0.039748426
-0.039288895
-0.038230912
-0.036519872
-0.033981481
-0.031256119
-0.02955288
-0.029697896
-0.031651432
-0.034617828
-0.037410416
-0.039073136
-0.039445832
-0.039016041
-0.03832688
-0.037859061
-0.038165695
-0.039295049
-0.040125787
-0.039270863
-0.036910911
-0.034804722
-0.03406827
-0.033845682
-0.032716762
-0.030488689
-0.027784292
-0.024660368
-0.020726401
-0.016238591
-0.012067681
-0.008726559
-0.006231315
-0.004782083
-0.004791076
-0.006256343
-0.008750803
-0.01194951
-0.015542391
-0.018761087
-0.020754358
-0.021473205
-0.021529001
-0.021184529
-0.020252331
-0.019078558
-0.018746518
-0.019908293
-0.022096091
-0.024615658
-0.027441887
-0.030640107
-0.033560917
-0.035567351
-0.037301008
-0.040187935
-0.044478239
-0.048557926
-0.050570455
-0.050133594
-0.048109555
-0.04538395
-0.042569857
-0.040344221
-0.038950081
-0.037368726
-0.034052713
-0.028895026
-0.023661528
-0.019971086
-0.017606502
-0.01549105
-0.013533316
-0.012349792
-0.011568242
-0.009816006
-0.006611639
-0.003112311
-0.000501277
0.00140624
0.00331522
0.005056
0.0059314
0.005943371
0.005715962
0.005402258
0.004538125
0.002960967
0.00107983
-0.000881263
-0.003177782
-0.005836541
-0.008322468
-0.010341091
-0.01249988
-0.015670798
-0.019963052
-0.024734555
-0.029368329
-0.033615729
-0.037431171
-0.041030634
-0.045003307
-0.04974117
-0.054693306
-0.05875203
-0.06150854
-0.063547639
-0.065298116
-0.066252932
-0.065742453
-0.063869307
-0.06110348
-0.057476905
-0.052905483
-0.04792331
-0.043292652
-0.039119304
-0.035097336
-0.031337176
-0.028066991
-0.024792418
-0.020860158
-0.016734588
-0.013450265
-0.010704183
-0.006876986
-0.001338533
0.004595069
0.009534339
0.013467087
0.016608806
0.018311801
0.018349124
0.01807028
0.018801369
0.019965635
0.020266229
0.019972027
0.020386948
0.021568278
0.022329594
0.02234376
0.022582192
0.023589228
0.024805173
0.025772474
0.026648606
0.027316315
0.027316342
0.026954616
0.027213037
0.028185702
0.028754197
0.02817186
0.026860898
0.025312018
0.023374815
0.021083659
0.019041878
0.017435712
0.015694011
0.013664906
0.012170631
0.011920794
0.012881758
0.015160535
0.019295124
0.024923528
0.030230888
0.033587123
0.034948111
0.035052227
0.03431339
0.033308359
0.033198689
0.034470945
0.036047668
0.036753162
0.036912126
0.037352155
0.037575474
0.036356169
0.033736413
0.030990384
0.028714098
0.026273268
0.023266651
0.020384112
0.018499562
0.017779008
0.017985995
0.018935745
0.02029917
0.021517309
0.022303003
0.022955355
0.023945083
0.025302658
0.026458392
0.026618331
0.025436811
0.023425745
0.021511455
0.020152471
0.019241047
0.018870788
0.019544105
0.021364596
0.023696515
0.026016733
0.028428608
0.030867785
0.032597351
0.033222157
0.033517144
0.034362805
0.035385441
0.035585115
0.034867242
0.033952649
0.033094609
0.031954042
0.030613097
0.029708497
0.029549099
0.029935012
0.03079603
0.032164087
0.033540432
0.034137205
0.033778892
0.032801649
0.031123328
0.028281255
0.02441974
0.020395876
0.016855892
0.014007725
0.012215563
0.011757061
0.011884822
0.011268602
0.009734835
0.008579886
0.00877444
0.009836811
0.010934284
0.012048578
0.013401765
0.014694742
0.015723229
0.016924304
0.018459099
0.019567299
0.019878862
0.02067455
0.023546173
0.028111501
0.032274123
0.034630906
0.035468279
0.035458799
0.034758965
0.033757102
0.033393913
0.033879771
0.033909294
0.032026451
0.028246111
0.023553345
0.018327701
0.012297132
0.005862882
0.000344227
-0.003420267
-0.005966162
-0.008340686
-0.010956299
-0.01371866
-0.016689443
-0.019928616
-0.022946447
-0.024993102
-0.025858699
-0.025880124
-0.025245811
-0.02390725
-0.022202304
-0.020843266
-0.019981761
-0.018896232
-0.017089147
-0.015256467
-0.014622885
-0.01560159
-0.017675792
-0.020395981
-0.02383285
-0.028019065
-0.032547287
-0.036967519
-0.041223208
-0.04546037
-0.049617576
-0.053385727
-0.056517397
-0.059168844
-0.061979471
-0.065596242
-0.069874357
-0.073728558
-0.076081631
-0.076750262
-0.076040625
-0.073864962
-0.070009732
-0.065111659
-0.060415427
-0.056386146
-0.052416833
-0.048139395
-0.044005538
-0.040043294
-0.035149121
-0.02866192
-0.021904623
-0.016921962
-0.014050827
-0.011927087
-0.009624664
-0.007426331
-0.005495411
-0.003341688
-0.001120196
-8.14706E-05
-0.000826401
-0.002110305
-0.002346246
-0.00145817
-0.000151542
0.001911987
0.00574089
0.011003397
0.015798843
0.01871605
0.020081182
0.020830798
0.021135535
0.020697997
0.01959302
0.018005625
0.015576008
0.011834428
0.007236732
0.003159238
0.000748148
0.000148747
0.000950773
0.002975787
0.006286925
0.010607753
0.015211841
0.019573866
0.023820588
0.028218691
0.032471264
0.035988874
0.03864403
0.040531071
0.041043256
0.039261577
0.035702092
0.032607474
0.031601711
0.031861351
0.031694396
0.031203716
0.031923105
0.034208951
0.036744173
0.038808678
0.041346093
0.045111373
0.049155036
0.052100033
0.053920769
0.055497979
0.057184155
0.058780379
0.060351008
0.062064973
0.063480321
0.063725579
0.06227957
0.059230293
0.055125741
0.050836656
0.046973923
0.043097782
0.038191962
0.032273527
0.026642495
0.022045774
0.017694772
0.012930338
0.00876265
0.006592891
0.006274068
0.0066729
0.007312332
0.008051222
0.007965198
0.006367321
0.004518849
0.004451352
0.006188475
0.007946562
0.009085964
0.010892073
0.014138856
0.017950939
0.021819332
0.026766159
0.033332341
0.040055998
0.045331669
0.049415554
0.053113796
0.055742138
0.056179973
0.055044769
0.05383814
0.052397006
0.049220482
0.044296135
0.039631647
0.03659529
0.03453352
0.032723563
0.031963275
0.032971286
0.034503399
0.034637011
0.033252675
0.031712083
0.030459626
0.028613836
0.02605624
0.024225076
0.023992791
0.023943333
0.021919591
0.017691448
0.013059137
0.009702224
0.007972711
0.007575639
0.008189231
0.009123868
0.009354256
0.008434299
0.006829109
0.005053767
0.00312412
0.001172291
-0.000150372
-0.000430923
-7.6213E-05
0.000385756
0.00099301
0.001777729
0.002208739
0.002063479
0.002330676
0.004192853
0.007347003
0.01037025
0.012710457
0.015314178
0.019120654
0.023827125
0.028426825
0.032205999
0.034856767
0.03628601
0.036803801
0.037085137
0.037556613
0.038100731
0.038539298
0.038979327
0.03943057
0.039524935
0.038955031
0.037864436
0.036523003
0.034966079
0.033264599
0.031757647
0.030542731
0.029008964
0.026460632
0.023162711
0.020251163
0.018494349
0.017567079
0.016726835
0.015771532
0.014941038
0.014170024
0.013025313
0.011396476
0.009710111
0.008290672
0.007020663
0.005894478
0.005272895
0.00499795
0.003813748
0.000643318
-0.003708659
-0.007120664
-0.008557654
-0.00902932
-0.009945864
-0.011472805
-0.012981707
-0.014223682
-0.015265279
-0.015811294
-0.015410512
-0.014139719
-0.012557389
-0.011162273
-0.010229587
-0.009881703
-0.009993566
-0.010292643
-0.010694835
-0.011147
-0.01119012
-0.010492915
-0.009947333
-0.011150549
-0.014328292
-0.017840242
-0.020383455
-0.022514455
-0.025069613
-0.027325422
-0.02817883
-0.028264366
-0.029170184
-0.030882633
-0.03158076
-0.029943582
-0.026388919
-0.022115382
-0.018208961
-0.015716399
-0.015286608
-0.016414987
-0.017956797
-0.01951616
-0.021505286
-0.023967568
-0.026422049
-0.028837771
-0.031558935
-0.034109461
-0.035234183
-0.034448733
-0.03254536
-0.030266827
-0.027467116
-0.023939511
-0.020118165
-0.016455269
-0.012848927
-0.009140446
-0.005574813
-0.002427975
0.000272034
0.002399187
0.003639997
0.003978131
0.003878456
0.003994029
0.005101985
0.00803065
0.012851691
0.018246808
0.022456722
0.024820818
0.025773493
0.025765719
0.02521751
0.025139531
0.026396917
0.028371227
0.029723926
0.030583969
0.032551454
0.036253353
0.04035674
0.043525273
0.046020517
0.048701025
0.05163944
0.054493268
0.057221067
0.059659757
0.061216003
0.06158729
0.060979357
0.059176714
0.055416607
0.049713664
0.043203845
0.036534358
0.029093587
0.020676034
0.01270409
0.006615261
0.001934196
-0.002824388
-0.00802663
-0.012897348
-0.017010188
-0.020438525
-0.022718955
-0.023032415
-0.02158367
-0.019808276
-0.018911911
-0.0187822
-0.018463323
-0.017199599
-0.01491034
-0.012065044
-0.009306286
-0.007098933
-0.005709669
-0.00539128
-0.006254926
-0.00793861
-0.009813165
-0.011608983
-0.013487195
-0.015528975
-0.017650956
-0.019957713
-0.022536272
-0.024958576
-0.026774383
-0.028440516
-0.030743129
-0.033194928
-0.034224337
-0.033367951
-0.032069612
-0.031607156
-0.031284379
-0.029535555
-0.02594969
-0.021321469
-0.016495065
-0.012144009
-0.009024473
-0.007281987
-0.005771326
-0.003042795
0.000986486
0.004900464
0.007215563
0.007635603
0.00721781
0.007593484
0.009566575
0.012172734
0.013606121
0.013249027
0.012066531
0.010842107
0.009154279
0.006681759
0.004411811
0.003622514
0.004434291
0.006169464
0.008315631
0.010278484
0.011090992
0.010472577
0.009470226
0.00897979
0.00838234
0.006876851
0.005476182
0.006181919
0.009465511
0.013897742
0.018081328
0.021705709
0.024885456
0.027811683
0.031097712
0.035229132
0.039483412
0.042436697
0.043708709
0.044269404
0.04490006
0.045246239
0.044479369
0.042059016
0.037895959
0.032746614
0.028402925
0.02632848
0.025922144
0.025213291
0.023471833
0.021996328
0.02205754
0.023338084
0.024942597
0.02669264
0.028579437
0.029970896
0.030384354
0.030325389
0.03042853
0.030412468
0.029851339
0.02935554
0.029833841
0.030981287
0.031715302
0.031932039
0.032567327
0.033858597
0.034829798
0.03486639
0.034618016
0.034727983
0.034748242
0.034198083
0.033766151
0.03423007
0.034754443
0.03372406
0.031226188
0.029324818
0.02949207
0.030889867
0.031742841
0.031444007
0.030600593
0.029842012
0.029501737
0.029931528
0.031177701
0.032597924
0.033544993
0.034192957
0.035061288
0.036075637
0.036803557
0.037223597
0.037443259
0.037055206
0.035764965
0.034377947
0.034040842
0.034563752
0.034553053
0.033214302
0.0309797
0.028351656
0.025293847
0.021937422
0.018721163
0.015528063
0.011768687
0.00763147
0.004133171
0.001564607
-0.000958861
-0.003978154
-0.006961126
-0.009630855
-0.012684032
-0.016368571
-0.019602868
-0.021550066
-0.022971699
-0.024861124
-0.026666449
-0.027093505
-0.025864884
-0.02345569
-0.01990834
-0.015392497
-0.011372723
-0.009618049
-0.010186004
-0.011641033
-0.013000017
-0.014152285
-0.014713658
-0.014193673
-0.013450882
-0.014332324
-0.017311883
-0.020808963
-0.023446758
-0.025706224
-0.028500275
-0.031238015
-0.032512168
-0.032077502
-0.030941512
-0.029724105
-0.028018915
-0.025476868
-0.022601345
-0.020045646
-0.01769447
-0.01498861
-0.011965606
-0.009477432
-0.008240522
-0.00789605
-0.007198845
-0.005111914
-0.00165037
0.002297248
0.005867512
0.008928299
0.011972754
0.015425766
0.019161305
0.022701829
0.025636588
0.027609923
0.028188901
0.027336712
0.025995279
0.025476078
0.026031166
0.026715939
0.026957297
0.027360274
0.028383886
0.029243685
0.029206659
0.029155738
0.030449933
0.032675568
0.034009254
0.033614131
0.032195424
0.030272115
0.02751853
0.02399366
0.020405654
0.016749393
0.012182412
0.006711536
0.001469803
-0.003243684
-0.008596576
-0.015127114
-0.021582572
-0.026774333
-0.031063905
-0.034961985
-0.037867194
-0.039558679
-0.041391062
-0.044246299
-0.046505034
-0.045961647
-0.042874289
-0.039185553
-0.035409548
-0.030408361
-0.024015498
-0.017809362
-0.012971012
-0.008944657
-0.004640649
0.000159429
0.004861511
0.008638735
0.010903618
0.011973545
0.01308272
0.014973905
0.01690653
0.017956469
0.018629054
0.019907404
0.021277899
0.021248673
0.01949259
0.016895504
0.013776997
0.009902806
0.006240207
0.004654031
0.005300532
0.006031134
0.005130679
0.003211757
0.001652883
0.000559119
-0.000741117
-0.002289997
-0.003685059
-0.004962868
-0.006415216
-0.008046246
-0.00985279
-0.012126638
-0.014993332
-0.018250788
-0.022125709
-0.027529305
-0.034994209
-0.043838114
-0.052758805
-0.060732699
-0.067107225
-0.071655193
-0.075045014
-0.078492366
-0.082302689
-0.085379511
-0.0868009
-0.087251115
-0.088094528
-0.089479595
-0.090253047
-0.089630191
-0.088179009
-0.08700036
-0.086411144
-0.085700532
-0.084075055
-0.081671224
-0.079479716
-0.078251826
-0.077837636
-0.077878563
-0.078646895
-0.080449783
-0.082480593
-0.083290367
-0.082583654
-0.081691678
-0.081953702
-0.083355346
-0.085072183
-0.086582304
-0.087733597
-0.088340311
-0.088385869
-0.088382186
-0.0890847
-0.09086638
-0.093341094
-0.095341921
-0.095555436
-0.093890956
-0.092082409
-0.091978293
-0.093183459
-0.093488387
-0.091862422
-0.089716987
-0.088603424
-0.088023715
-0.086661021
-0.084735465
-0.083636529
-0.083698663
-0.083800532
-0.083103326
-0.081931991
-0.080780644
-0.079549829
-0.078183234
-0.077279801
-0.077546701
-0.078983203
-0.080849227
-0.08217774
-0.082253038
-0.080886687
-0.078296129
-0.074597887
-0.069702495
-0.06403777
-0.058911042
-0.055372224
-0.052874299
-0.049921013
-0.046109174
-0.042651775
-0.040588733
-0.039340854
-0.037627133
-0.035205507
-0.032998398
-0.031852658
-0.03183898
-0.03252175
-0.033166492
-0.032715249
-0.030322876
-0.026226802
-0.021657574
-0.01765657
-0.01435372
-0.011616414
-0.009935114
-0.010158867
-0.012512184
-0.016301056
-0.020571858
-0.024746128
-0.028634213
-0.032162008
-0.035210066
-0.037591904
-0.039190513
-0.040231866
-0.041283214
-0.042733855
-0.044384143
-0.04581699
-0.047020693
-0.048278757
-0.049625309
-0.05094724
-0.052489782
-0.054485247
-0.056195502
-0.056260805
-0.054519782
-0.0527439
-0.052816272
-0.054613553
-0.056361592
-0.056650188
-0.055269942
-0.052375405
-0.047922454
-0.042180942
-0.036065244
-0.030539223
-0.025983645
-0.022234699
-0.01893063
-0.015824502
-0.013121811
-0.011417353
-0.010921988
-0.010925374
-0.010725944
-0.010614759
-0.011710473
-0.014079391
-0.015968085
-0.015982684
-0.014542472
-0.012844596
-0.011035073
-0.008369679
-0.004740423
-0.00093224
0.002675808
0.006624401
0.011187536
0.015507633
0.018665196
0.021167753
0.024460365
0.028919897
0.033121035
0.03543394
0.035762811
0.035220695
0.034628364
0.034158648
0.034248626
0.035835587
0.039334427
0.04404821
0.048999668
0.053838262
0.058591292
0.06312688
0.067404318
0.07175196
0.07625854
0.08026125
0.083068031
0.08485342
0.086201975
0.087159282
0.087549583
0.087895517
0.088993235
0.090618712
0.091650611
0.091558737
0.090796987
0.089578901
0.087381352
0.084114633
0.080748213
0.078047526
0.075465797
0.072058424
0.067842957
0.063412974
0.058761405
0.053506752
0.048019544
0.043314102
0.039824091
0.037144368
0.035054565
0.033928136
0.033837968
0.034009364
0.03365617
0.032870042
0.032197023
0.031693424
0.03093728
0.029791106
0.028617386
0.027716199
0.026951767
0.02604473
0.024925614
0.023643905
0.022167668
0.020511773
0.018964356
0.017970781
0.017776524
0.018279933
0.019196774
0.020253782
0.021268862
0.022211299
0.023187132
0.024214401
0.025014233
0.025222925
0.02485998
0.024360037
0.02402025
0.023617327
0.022742224
0.021335705
0.019687611
0.018054631
0.016523058
0.015140428
0.013896747
0.012595536
0.011000096
0.009139192
0.007289745
0.005660665
0.004271941
0.003127229
0.002290885
0.001764372
0.001470901
0.001386827
0.001529702
0.001820545
0.002144297
0.002544592
0.003152578
0.003910725
0.004599155
0.005182764
0.005901909
0.006936246
0.008198752
0.009563152
0.011068695
0.012748288
0.014439583
0.015953657
0.017296119
0.018545948
0.019626114
0.020386456
0.020847205
0.021180708
0.021474719
0.021676587
0.021772902
0.021880187
0.022110331
0.022429939
0.022697136
0.022792233
0.022685245
0.022411763
0.022016153
0.021526448
0.020980433
0.0204449
0.019970065
0.019532283
0.019066711
0.018557749
0.018047811
0.017559325
0.017071083
0.016586254
0.016156028
0.015803078
0.015476942
0.015119847
0.014737645
0.01437275
0.014048564
0.013764844
0.013511351
0.013256883
0.012955368
0.012587547
0.012169511
0.011708814
0.011188882
0.010615077
0.010035666
0.009492332
0.008982882
0.008493177
0.008033699
0.007620538
0.007247355
0.006901473
0.006582407
0.006288936
0.006005703
0.005723446
0.005454108
0.005209635
0.004982469
0.004757253
0.004523018
0.004268794
0.00398678
0.003690384
0.003405689
0.00313757
0.002862625
0.002563548
0.002248382
0.00192639
0.001590991
0.001236821
0.000876801
0.000527507
0.000194546
-0.000115501
-0.000383376
-0.00059421
-0.00075507
-0.000884485
-0.000992204
-0.00107774
-0.001138168
-0.001171294
-0.001176386
-0.001158077
-0.001124166
-0.001078799
-0.00102173
-0.000955642
-0.000885654
-0.000810546
-0.000724469
-0.000627423
-0.000525988
-0.00042236
-0.000312881
-0.000199014
-9.09977E-05
3.36749E-06
8.55443E-05
0.000160164
0.000229421
0.000296484
0.000366473
0.000442311
0.000520832
0.000597646
0.000668365
0.000728115
0.000772752
0.000802274
0.000818877
0.000822073
0.000809911
0.000784099
0.000750241
0.000711509
0.000668388
0.000622099
0.000575322
0.00052952
0.000483231
0.000436454
0.000390652
0.000346801
0.000305143
0.00026641
0.000232797
0.000206253
0.000188241
0.000180467
0.000183419
0.000195634
0.000214431
0.000237859
0.0002647
0.000292517
0.000319114
0.000343274
0.00036524
0.000385012
0.000402346
0.00041773
0.000431652
0.000444111
0.00045462
0.000462447
0.000467349
0.000469082
0.000467159
0.000461579
0.000452342
0.000439449
0.000423143
0.000404156
0.000382487
0.000358868
0.000333299
0.000306268
0.000277773
0.00024806
0.000217128
0.000185465
0.000153314
0.000121164
8.8769E-05
5.80809E-05
2.4955E-05
1.18182E-05
0
0
0
0
0










































































































































































































































































































































































































































































































































































































































































































































































































































































































































































































































































































































































































































































































































































































































































































































































































































































































































































































































































































































































































































































































































































































































































































































































































































































































































































































































































































































































































































































































































































































































































































































































































































































































































































































































































































































































































































































































































































































































































































































































































































































































































































































































































































































































































































































































































































































































































































































































































































































































































































































































































































































































































































































































































































































































































































































































































































































































































































































































































































































