sylm       n   Northridge,17 Jan 94,04:31PST; Sylmar, Olive View FF             
   3000    2.00000E-02  0  0  0.  0.  0.  0.  0.
 -0.79862E+01 -0.54861E+01 -0.35245E+01 -0.21575E+01 -0.21590E+01 -0.68284E+01
 -0.11092E+02 -0.10445E+02 -0.52320E+01  0.51609E+00  0.94410E+01  0.57936E+01
 -0.75402E+01 -0.60016E+01  0.16888E+01  0.57519E+01  0.32351E+01  0.19757E+01
  0.21243E+01 -0.59106E+01 -0.86157E+01  0.95291E+01  0.13815E+02 -0.43932E+01
 -0.15128E+02 -0.16520E+02  0.35613E+01  0.66402E+01  0.46586E+01  0.17559E+02
  0.22813E+02  0.48927E+01 -0.79469E+01 -0.69907E+01 -0.16821E+02 -0.91647E+01
  0.41359E+01  0.78734E+01  0.74243E+01 -0.20543E+02 -0.48669E+02 -0.13161E+02
  0.29823E+02  0.14291E+02 -0.20084E+02 -0.14509E+02  0.73034E+01  0.64651E+01
  0.18109E+02  0.30714E+02 -0.95832E+00 -0.20326E+02 -0.12992E+02 -0.15795E+02
 -0.20663E+02 -0.46315E+01  0.48685E+01 -0.34021E+01  0.14831E+01  0.89157E+01
 -0.16275E+02 -0.23119E+02 -0.33931E+02 -0.13396E+02  0.38882E+02  0.14943E+02
 -0.18488E+02 -0.21054E+02 -0.16612E+02 -0.30937E+02 -0.44901E+02 -0.47844E+02
 -0.27531E+02 -0.17597E+02 -0.45018E+00  0.41977E+02  0.36107E+02  0.14162E+02
 -0.22730E+02 -0.28053E+02 -0.43861E+02 -0.25378E+02 -0.75156E+00 -0.33471E+02
 -0.49615E+02 -0.29920E+02 -0.22223E+01 -0.24577E+02 -0.11250E+02  0.12826E+01
  0.16611E+02  0.17315E+02  0.15476E+02 -0.15918E+02 -0.46713E+01  0.84667E+01
  0.14348E+01  0.43427E+02  0.40459E+02  0.46578E+01 -0.32802E+02 -0.16472E+02
  0.20595E+02  0.16738E+02 -0.14922E+02 -0.38997E+02 -0.32424E+02 -0.15569E+02
 -0.19194E+02 -0.37786E+02 -0.29378E+02  0.27185E+02 -0.25681E+01 -0.52743E+02
 -0.21761E+02  0.32172E+02  0.77674E+01 -0.80104E+02 -0.10308E+03 -0.22152E+02
  0.23762E+02  0.21701E+02  0.46802E+02  0.49944E+02 -0.25226E+02 -0.86004E+02
 -0.86695E+02 -0.14305E+02  0.30719E+02  0.17830E+02  0.34938E+02  0.33918E+02
  0.78151E+01 -0.16382E+02 -0.11993E+02 -0.34706E+02 -0.11448E+02  0.59379E+02
  0.65683E+02 -0.11095E+00 -0.32412E+01  0.16963E+01  0.37291E+01 -0.30762E+01
 -0.79611E+01 -0.17044E+02 -0.53139E+02 -0.55139E+02 -0.30517E+02 -0.25923E+02
 -0.56676E+02 -0.83360E+01  0.11453E+02 -0.24274E+02 -0.24178E+02  0.15066E+02
  0.17206E+02  0.26022E+02  0.43377E+02  0.38494E+02  0.22745E+02  0.27002E+02
  0.73565E+02  0.11654E+03  0.16218E+03  0.20591E+03  0.23619E+03  0.24414E+03
  0.24990E+03  0.25021E+03  0.24536E+03  0.24363E+03  0.24825E+03  0.25511E+03
  0.25219E+03  0.25039E+03  0.25009E+03  0.24543E+03  0.26492E+03  0.31404E+03
  0.36120E+03  0.38792E+03  0.41307E+03  0.45767E+03  0.49965E+03  0.45407E+03
  0.24458E+03  0.35218E+01 -0.17711E+03 -0.30005E+03 -0.36683E+03 -0.43064E+03
 -0.43785E+03 -0.38735E+03 -0.34793E+03 -0.28171E+03 -0.35684E+03 -0.19891E+03
  0.24689E+03  0.35764E+03  0.30920E+03  0.21985E+03  0.11302E+03 -0.52227E+02
 -0.26982E+03 -0.45171E+03 -0.52472E+03 -0.52737E+03 -0.63514E+03 -0.71816E+03
 -0.68454E+03 -0.50811E+03 -0.38694E+03 -0.37403E+03 -0.32859E+03 -0.27607E+03
 -0.25094E+03 -0.23412E+03 -0.60881E+02  0.13239E+03  0.18437E+03  0.97919E+02
 -0.84666E+02 -0.19279E+03 -0.21480E+03 -0.19900E+03 -0.20863E+03 -0.14573E+03
  0.45035E+01  0.11376E+03  0.13459E+03  0.11921E+03  0.11490E+03  0.12299E+03
  0.14875E+03  0.13229E+03 -0.12066E+02 -0.15693E+03 -0.19664E+03 -0.16952E+03
 -0.75974E+02 -0.36849E+02 -0.60044E+02 -0.27933E+02  0.19198E+02  0.36583E+02
  0.42229E+02  0.53430E+02  0.99135E+02  0.15130E+03  0.17927E+03  0.16876E+03
  0.11390E+03  0.34130E+02 -0.56201E+02 -0.82008E+02 -0.49520E+02  0.16547E+01
  0.45165E+02  0.76540E+02  0.10723E+03  0.13535E+03  0.17925E+03  0.18288E+03
  0.18815E+03  0.17655E+03  0.10514E+03  0.47348E+02  0.20248E+02  0.71881E+01
 -0.14362E+02 -0.85191E+02 -0.77757E+02  0.32644E+02  0.10253E+03  0.13447E+03
  0.17412E+03  0.23338E+03  0.14561E+03  0.17447E+02 -0.19378E+02 -0.89422E+01
  0.55238E+02  0.12268E+03  0.17150E+03  0.14013E+03  0.90506E+02  0.44237E+02
  0.97236E+00 -0.51387E+02 -0.55377E+02 -0.18641E+02 -0.40535E+01 -0.41695E+01
 -0.16213E+02  0.80309E+00  0.97962E+00 -0.14243E+01  0.20988E+02  0.68147E+02
  0.85159E+02  0.75001E+02  0.87955E+02  0.12521E+03  0.16030E+03  0.18184E+03
  0.19624E+03  0.19576E+03  0.18216E+03  0.12603E+03  0.23770E+02 -0.61980E+02
 -0.10376E+03 -0.76653E+02 -0.49419E+01  0.50486E+02  0.10171E+03  0.14270E+03
  0.18382E+03  0.20839E+03  0.22513E+03  0.22171E+03  0.18091E+03  0.10703E+03
  0.98830E+01 -0.74043E+02 -0.13951E+03 -0.16916E+03 -0.18552E+03 -0.19374E+03
 -0.19907E+03 -0.18517E+03 -0.14316E+03 -0.73801E+02  0.17192E+02  0.83669E+02
  0.36130E+02 -0.90857E+02 -0.18644E+03 -0.23471E+03 -0.24930E+03 -0.24849E+03
 -0.20963E+03 -0.13455E+03 -0.58552E+02 -0.18523E+02 -0.20105E+02 -0.58341E+02
 -0.10050E+03 -0.15222E+03 -0.20029E+03 -0.21666E+03 -0.20125E+03 -0.14788E+03
 -0.10015E+03 -0.90708E+02 -0.10483E+03 -0.12421E+03 -0.13180E+03 -0.13773E+03
 -0.13608E+03 -0.97931E+02 -0.63298E+02 -0.76961E+02 -0.10614E+03 -0.86885E+02
 -0.42299E+02 -0.19430E+02 -0.36103E+01  0.18222E+02  0.16274E+02 -0.38220E+02
 -0.95742E+02 -0.11964E+03 -0.90721E+02 -0.23521E+02  0.42395E+02  0.10007E+03
  0.13981E+03  0.17102E+03  0.20523E+03  0.24671E+03  0.28420E+03  0.30613E+03
  0.32570E+03  0.25747E+03  0.57050E+02 -0.13844E+03 -0.26558E+03 -0.32152E+03
 -0.30690E+03 -0.24179E+03 -0.11469E+03  0.13817E+02  0.11389E+03  0.16144E+03
  0.15647E+03  0.16205E+03  0.18096E+03  0.21659E+03  0.23471E+03  0.22162E+03
  0.19001E+03  0.17580E+03  0.15513E+03  0.12602E+03  0.12388E+03  0.16759E+03
  0.22016E+03  0.21563E+03  0.18416E+03  0.14858E+03  0.11123E+03  0.76958E+02
  0.48758E+02  0.34390E+02  0.23080E+02 -0.18095E+02 -0.86444E+02 -0.13390E+03
 -0.14750E+03 -0.15535E+03 -0.17285E+03 -0.18693E+03 -0.14470E+03 -0.67640E+02
 -0.22272E+02 -0.42969E+01  0.13998E+02  0.26965E+02  0.25658E+02  0.16825E+02
 -0.16326E+02 -0.67131E+02 -0.13076E+03 -0.17818E+03 -0.18721E+03 -0.17604E+03
 -0.16241E+03 -0.15837E+03 -0.15067E+03 -0.14567E+03 -0.14056E+03 -0.12263E+03
 -0.91579E+02 -0.52042E+02 -0.66242E+01  0.28470E+02  0.54293E+02  0.80093E+02
  0.10241E+03  0.12633E+03  0.13856E+03  0.12421E+03  0.83454E+02  0.32940E+02
 -0.15739E+02 -0.48309E+02 -0.70209E+02 -0.84009E+02 -0.85656E+02 -0.78784E+02
 -0.76257E+02 -0.75331E+02 -0.57971E+02 -0.28757E+02  0.27020E+01  0.31413E+01
 -0.13622E+02 -0.18400E+02 -0.43721E+01  0.29003E+02  0.70643E+02  0.95223E+02
  0.96435E+02  0.86092E+02  0.85375E+02  0.74569E+02  0.24543E+02 -0.17486E+02
 -0.26924E+02 -0.30201E+02 -0.27497E+02 -0.18929E+02 -0.28231E+02 -0.44762E+02
 -0.43040E+02 -0.19795E+01  0.33789E+02  0.45018E+02  0.52680E+02  0.66219E+02
  0.75318E+02  0.70868E+02  0.68051E+02  0.69003E+02  0.65781E+02  0.57147E+02
  0.53219E+02  0.41349E+02  0.17720E+02  0.14107E+02  0.34454E+02  0.54961E+02
  0.63980E+02  0.71874E+02  0.79037E+02  0.72861E+02  0.52394E+02  0.11474E+02
 -0.36747E+02 -0.76909E+02 -0.10561E+03 -0.11625E+03 -0.11073E+03 -0.81575E+02
 -0.43771E+02 -0.29672E+01  0.43145E+02  0.71798E+02  0.59511E+02  0.17601E+02
 -0.55866E+01 -0.14925E+02 -0.26005E+02 -0.36180E+02 -0.33945E+02 -0.24656E+02
 -0.20457E+02 -0.13851E+02 -0.18127E+00  0.16180E+02  0.28086E+02  0.42798E+02
  0.57901E+02  0.64465E+02  0.64987E+02  0.66481E+02  0.68402E+02  0.61581E+02
  0.46842E+02  0.19637E+02 -0.17233E+02 -0.40779E+02 -0.55419E+02 -0.64716E+02
 -0.64898E+02 -0.53369E+02 -0.37364E+02 -0.37312E+02 -0.40304E+02 -0.25940E+02
  0.59888E+01  0.45138E+02  0.65667E+02  0.62441E+02  0.24816E+02 -0.25969E+02
 -0.69384E+02 -0.97128E+02 -0.10401E+03 -0.95820E+02 -0.58267E+02  0.90197E+01
  0.75465E+02  0.97328E+02  0.74330E+02  0.34525E+02  0.63731E+01 -0.10997E+02
 -0.13195E+02 -0.84216E+01 -0.54646E+01 -0.45784E+01 -0.55384E+00  0.77568E+01
  0.20228E+02  0.26829E+02  0.18611E+02  0.10384E+02  0.40983E+01  0.13318E+01
 -0.74906E-01  0.72635E+00 -0.49073E+01 -0.23803E+02 -0.44132E+02 -0.53383E+02
 -0.47652E+02 -0.27320E+02 -0.26666E+01  0.54130E+01 -0.14127E+01 -0.82774E+01
 -0.13650E+02 -0.24891E+02 -0.39985E+02 -0.53137E+02 -0.61118E+02 -0.64674E+02
 -0.67678E+02 -0.64572E+02 -0.53861E+02 -0.41523E+02 -0.35012E+02 -0.29885E+02
 -0.21362E+02 -0.13686E+02 -0.96011E+01 -0.24299E+01  0.11866E+02  0.31747E+02
  0.53304E+02  0.67134E+02  0.72115E+02  0.72363E+02  0.65134E+02  0.34630E+02
  0.63202E+01 -0.18869E+01 -0.12114E+02 -0.26410E+02 -0.39265E+02 -0.43833E+02
 -0.37352E+02 -0.27805E+02 -0.18170E+02 -0.75546E+01 -0.30345E+01 -0.67936E+01
 -0.14366E+02 -0.18678E+02 -0.21663E+02 -0.24197E+02 -0.20044E+02 -0.15776E+02
 -0.15640E+02 -0.16700E+02 -0.85382E+01  0.12967E+02  0.30380E+02  0.32648E+02
  0.18920E+02  0.10459E+02  0.14424E+02  0.16559E+02  0.11929E+02  0.77900E+01
  0.16789E+02  0.34465E+02  0.47875E+02  0.51790E+02  0.46416E+02  0.35630E+02
  0.29886E+02  0.26520E+02  0.20312E+02  0.12222E+02  0.90119E+01  0.16919E+02
  0.24904E+02  0.25551E+02  0.20502E+02  0.17210E+02  0.14588E+02  0.51642E+01
  0.31996E+00  0.77495E+01  0.16822E+02  0.18955E+02  0.16511E+02  0.13210E+02
  0.95306E+01  0.11814E+02  0.23086E+02  0.33841E+02  0.35290E+02  0.25177E+02
  0.10776E+02 -0.13655E+02 -0.37292E+02 -0.45105E+02 -0.41271E+02 -0.37899E+02
 -0.40879E+02 -0.42627E+02 -0.39476E+02 -0.35914E+02 -0.36007E+02 -0.29594E+02
 -0.18354E+02 -0.69459E+01  0.51205E+00  0.23810E+01  0.85357E+00  0.55747E+01
  0.22201E+02  0.39304E+02  0.46847E+02  0.42671E+02  0.30696E+02  0.12471E+02
  0.30578E+00 -0.76539E+00  0.36646E+01 -0.48533E+00 -0.17417E+02 -0.35513E+02
 -0.39067E+02 -0.26420E+02 -0.11513E+02  0.31894E+01  0.16099E+02  0.21990E+02
  0.13670E+02 -0.68284E+00 -0.11245E+02 -0.15059E+02 -0.15327E+02 -0.12101E+02
 -0.91710E+01 -0.86977E+01 -0.56686E+01 -0.41007E+01  0.77472E+00  0.56542E+01
  0.54556E+01  0.16979E+01  0.44589E+01  0.12745E+02  0.13359E+02  0.75300E+01
 -0.53332E+00  0.63932E+00  0.11921E+01 -0.23438E+01 -0.36879E+01 -0.53165E+01
 -0.86281E+01 -0.96093E+01 -0.63607E+01 -0.96545E-01  0.86993E+01  0.16891E+02
  0.20608E+02  0.16120E+02  0.68596E+01 -0.70692E+01 -0.17547E+02 -0.20111E+02
 -0.14146E+02 -0.78239E+01 -0.49646E+01 -0.38400E+01  0.68005E+00  0.69431E+01
  0.12236E+02  0.19114E+02  0.26617E+02  0.35212E+02  0.42579E+02  0.44951E+02
  0.37743E+02  0.21526E+02  0.82979E+01  0.74402E+01  0.13448E+02  0.17407E+02
  0.14673E+02  0.87777E+01 -0.78094E+00 -0.94973E+01 -0.12064E+02 -0.96154E+01
 -0.88316E+01 -0.11362E+02 -0.15210E+02 -0.20904E+02 -0.25166E+02 -0.26192E+02
 -0.28695E+02 -0.32322E+02 -0.28931E+02 -0.17899E+02 -0.35324E+01  0.41090E+01
  0.20958E+01 -0.17028E+01  0.92686E+00  0.77545E+01  0.12116E+02  0.14013E+02
  0.12872E+02  0.83956E+01  0.19403E+01 -0.19765E+01 -0.15305E+01 -0.21376E+01
 -0.12031E+02 -0.28861E+02 -0.41240E+02 -0.47510E+02 -0.48456E+02 -0.43205E+02
 -0.32381E+02 -0.15519E+02  0.29888E+01  0.18341E+02  0.25749E+02  0.22947E+02
  0.12061E+02  0.13518E+01 -0.69005E+01 -0.66306E+01  0.75472E+01  0.23723E+02
  0.28650E+02  0.24895E+02  0.19915E+02  0.16201E+02  0.12591E+02  0.75147E+01
 -0.17331E+01 -0.14705E+02 -0.22492E+02 -0.24038E+02 -0.24614E+02 -0.25784E+02
 -0.27512E+02 -0.30929E+02 -0.32219E+02 -0.28145E+02 -0.19688E+02 -0.13590E+02
 -0.11066E+02 -0.72328E+01  0.25923E-01  0.78020E+01  0.10447E+02  0.11208E+02
  0.11002E+02  0.80216E+01  0.50102E+01  0.67238E+01  0.10038E+02  0.90419E+01
  0.10163E+02  0.12439E+02  0.99689E+01  0.35431E+01 -0.28128E+01 -0.57929E+01
 -0.93956E+01 -0.14011E+02 -0.17924E+02 -0.18558E+02 -0.11196E+02 -0.53722E+01
 -0.49245E+01 -0.31953E+01  0.15855E+01  0.72354E+01  0.11367E+02  0.12799E+02
  0.91723E+01  0.29804E+01 -0.35206E+01 -0.76316E+01 -0.10001E+02 -0.94916E+01
 -0.92770E+01 -0.11081E+02 -0.13696E+02 -0.18656E+02 -0.23369E+02 -0.25531E+02
 -0.20733E+02 -0.10055E+02 -0.40995E+00  0.67085E+01  0.11907E+02  0.17856E+02
  0.22684E+02  0.24667E+02  0.21984E+02  0.15303E+02  0.90021E+01  0.29948E+01
 -0.16940E+01  0.54738E+00  0.10238E+02  0.19342E+02  0.24865E+02  0.25097E+02
  0.20711E+02  0.11163E+02  0.14278E+01 -0.32658E+01 -0.21290E+01  0.43614E+01
  0.97713E+01  0.88969E+01  0.44482E+01 -0.15366E+01 -0.69120E+01 -0.82567E+01
 -0.82797E+01 -0.11077E+02 -0.15128E+02 -0.12583E+02 -0.22265E+01  0.54432E+01
  0.71192E+01  0.39272E+01 -0.14925E+01 -0.34925E+01  0.68779E+00  0.10445E+02
  0.18333E+02  0.18599E+02  0.14374E+02  0.14306E+02  0.18453E+02  0.22962E+02
  0.25345E+02  0.21816E+02  0.81704E+01 -0.12230E+02 -0.28076E+02 -0.29928E+02
 -0.18307E+02  0.27162E+00  0.15002E+02  0.19386E+02  0.19180E+02  0.16927E+02
  0.14981E+02  0.11183E+02  0.23410E+01 -0.77695E+01 -0.13119E+02 -0.13167E+02
 -0.14550E+02 -0.19425E+02 -0.24455E+02 -0.29207E+02 -0.29401E+02 -0.23784E+02
 -0.14396E+02 -0.84721E+01 -0.90617E+01 -0.11717E+02 -0.14395E+02 -0.12956E+02
 -0.89850E+01 -0.67719E+01 -0.53783E+01 -0.33082E+01  0.13452E+01  0.73348E+01
  0.12053E+02  0.15669E+02  0.18270E+02  0.22719E+02  0.25985E+02  0.23814E+02
  0.16997E+02  0.11416E+02  0.65945E+01  0.29967E+01  0.17431E+01  0.19216E+01
  0.91346E+00 -0.27148E+01 -0.77252E+01 -0.10255E+02 -0.47198E+01  0.17326E+01
  0.59164E+01  0.97193E+01  0.11241E+02  0.67009E+01 -0.21964E+01 -0.11483E+02
 -0.16343E+02 -0.15376E+02 -0.11244E+02 -0.80853E+01 -0.51733E+01  0.13007E+01
  0.80015E+01  0.14676E+02  0.19659E+02  0.18676E+02  0.14984E+02  0.13439E+02
  0.11023E+02  0.49895E+01 -0.17878E+01 -0.64491E+01 -0.13126E+02 -0.19458E+02
 -0.21875E+02 -0.20368E+02 -0.17772E+02 -0.17854E+02 -0.19611E+02 -0.24546E+02
 -0.29428E+02 -0.31048E+02 -0.28415E+02 -0.21752E+02 -0.14698E+02 -0.14968E+02
 -0.21692E+02 -0.27666E+02 -0.27896E+02 -0.21365E+02 -0.11413E+02 -0.12844E+01
  0.44270E+01  0.10496E+02  0.17836E+02  0.23155E+02  0.23352E+02  0.18697E+02
  0.11718E+02  0.62047E+01  0.27088E+01  0.30359E+01  0.70339E+01  0.10843E+02
  0.14599E+02  0.20163E+02  0.26533E+02  0.25953E+02  0.22038E+02  0.19557E+02
  0.18888E+02  0.16681E+02  0.13602E+02  0.11876E+02  0.95106E+01  0.81067E+01
  0.10215E+02  0.11703E+02  0.88108E+01  0.26854E+01 -0.40153E+01 -0.52957E+01
 -0.15955E+01  0.17981E+01 -0.96599E-01 -0.19235E+01 -0.20641E+01  0.12214E+01
  0.88183E+01  0.14101E+02  0.16368E+02  0.12707E+02  0.79556E+01  0.43500E+01
  0.22148E+01  0.64235E+00 -0.20458E+01 -0.98212E+00 -0.10034E+00  0.28669E+01
  0.39703E+01  0.80561E+00 -0.34327E+01 -0.73191E+01 -0.86373E+01 -0.77771E+01
 -0.54401E+01 -0.64382E+01 -0.10339E+02 -0.14294E+02 -0.15071E+02 -0.12458E+02
 -0.62888E+01  0.33917E+00  0.17508E+01  0.34929E+01  0.55280E+01  0.62729E+01
  0.74857E+01  0.54096E+01  0.82072E+00 -0.26313E+01 -0.21460E+01 -0.11453E+00
  0.19569E+01  0.42286E+01  0.56682E+01  0.76893E+01  0.13473E+02  0.18818E+02
  0.20025E+02  0.13590E+02  0.17898E+01 -0.35497E+01 -0.14290E+01  0.23822E+01
  0.54009E+01  0.96365E+01  0.10348E+02  0.11527E+02  0.99367E+01  0.86791E+01
  0.98689E+01  0.78757E+01  0.68292E+01  0.66529E+01  0.64282E+01  0.78936E+01
  0.92152E+01  0.10846E+02  0.16406E+02  0.17086E+02  0.14738E+02  0.12973E+02
  0.11596E+02  0.51584E+01 -0.54639E+00 -0.24423E+01 -0.54544E+01 -0.81676E+01
 -0.53488E+01 -0.22968E+01 -0.40084E+01 -0.76969E+01 -0.13043E+02 -0.18274E+02
 -0.25004E+02 -0.29726E+02 -0.29779E+02 -0.23932E+02 -0.15836E+02 -0.11827E+02
 -0.96291E+01 -0.67407E+01 -0.27766E+00  0.64506E+01  0.10695E+02  0.42480E+01
 -0.80001E+01 -0.16446E+02 -0.17672E+02 -0.15603E+02 -0.14568E+02 -0.89981E+01
 -0.71866E+01 -0.51989E+01  0.67007E+00  0.89008E+01  0.13664E+02  0.11135E+02
  0.32483E+01 -0.74919E+01 -0.15977E+02 -0.20401E+02 -0.21293E+02 -0.19053E+02
 -0.12317E+02 -0.43544E+01  0.77198E+00  0.66681E+01  0.83261E+01  0.78047E+01
  0.75798E+01  0.63001E+01  0.21648E+01 -0.32029E+01 -0.52937E+01 -0.70029E+01
 -0.53391E+01 -0.41666E+01 -0.61191E+01 -0.83947E+01 -0.76566E+01 -0.37891E+01
  0.18501E+01  0.55508E+01  0.78475E+01  0.64573E+01  0.15101E+01 -0.17046E+01
  0.43303E+00  0.27843E+01  0.40443E+01  0.17714E+01 -0.54502E+00  0.54000E+00
  0.61575E+01  0.13171E+02  0.10440E+02 -0.26614E+01 -0.24152E+02 -0.33155E+02
 -0.18685E+02  0.10942E+02  0.22823E+02  0.13325E+02  0.33643E+00 -0.12255E+02
 -0.20891E+02 -0.21335E+02 -0.16956E+02 -0.13155E+02 -0.69769E+01 -0.45125E+01
 -0.10431E+02 -0.18493E+02 -0.16055E+02 -0.82725E+01 -0.38413E+00  0.96386E+01
  0.16415E+02  0.20738E+02  0.17614E+02  0.10127E+02  0.17544E+01 -0.10050E+01
  0.36893E+01  0.89487E+01  0.13687E+02  0.14089E+02  0.10344E+02  0.61892E+01
  0.32035E+01  0.76889E+00 -0.35610E+01 -0.70322E+01 -0.67734E+01 -0.94063E+01
 -0.11443E+02 -0.11816E+02 -0.70566E+01 -0.12200E+01  0.47869E+01  0.64183E+01
  0.18642E+01 -0.53210E+01 -0.86935E+01 -0.20719E+01  0.36772E+01  0.64565E+01
  0.82712E+01  0.98349E+01  0.92644E+01  0.10115E+02  0.77696E+01  0.25643E+01
 -0.18875E+01 -0.32232E+01 -0.42297E+01 -0.60097E+01 -0.34378E+01  0.79139E+00
  0.40567E+00 -0.22339E+01 -0.26889E+01 -0.76921E+01 -0.10001E+02 -0.10933E+02
 -0.76434E+01  0.48048E+00  0.71569E+01  0.12324E+02  0.16318E+02  0.19614E+02
  0.21369E+02  0.17009E+02  0.11661E+02  0.84169E+01  0.13722E+01 -0.55210E+01
 -0.10830E+02 -0.12905E+02 -0.12123E+02 -0.76799E+01 -0.24595E+01  0.57808E+00
  0.32560E+01 -0.55374E+00 -0.55456E+01 -0.82951E+01 -0.94306E+01 -0.11914E+02
 -0.15360E+02 -0.16145E+02 -0.13218E+02 -0.70468E+01 -0.25424E+01 -0.21774E+01
 -0.43206E+01 -0.55537E+01 -0.51501E+01 -0.22780E+01  0.81455E+00  0.20487E+01
  0.17039E+01  0.21427E+01  0.66335E+01  0.12827E+02  0.14443E+02  0.14434E+02
  0.13295E+02  0.12902E+02  0.11899E+02  0.10834E+02  0.12640E+02  0.13915E+02
  0.15054E+02  0.13579E+02  0.79009E+01  0.90887E+00 -0.48601E+01 -0.86142E+01
 -0.93571E+01 -0.73526E+01 -0.76746E+01 -0.80831E+01 -0.92787E+01 -0.86743E+01
 -0.68606E+01 -0.66864E+01 -0.49272E+01 -0.19713E+01  0.34058E+01  0.82585E+01
  0.10174E+02  0.10392E+02  0.13339E+02  0.18007E+02  0.19059E+02  0.19084E+02
  0.17670E+02  0.12748E+02  0.65388E+01 -0.17423E+01 -0.63899E+01 -0.48882E+01
 -0.41575E-01  0.32982E+01  0.22104E+01 -0.68875E+00 -0.38127E+01 -0.51125E+01
 -0.25453E+01  0.13362E+01  0.13722E+01 -0.19632E+01 -0.60076E+01 -0.96179E+01
 -0.10483E+02 -0.84765E+01 -0.76692E+01 -0.76528E+01 -0.80822E+01 -0.55276E+01
 -0.47684E+01 -0.22422E+01 -0.40825E+00 -0.13595E+01 -0.21361E+01 -0.33607E+01
 -0.50357E+01 -0.68929E+01 -0.45795E+01 -0.20595E+01 -0.51252E+00 -0.15099E+00
 -0.14395E+01 -0.25652E+01 -0.41290E+01 -0.52691E+01 -0.61956E+01 -0.64782E+01
 -0.36660E+01 -0.10333E+01  0.71537E+00  0.56085E+01  0.10419E+02  0.12251E+02
  0.12385E+02  0.12469E+02  0.14506E+02  0.15553E+02  0.14508E+02  0.11348E+02
  0.64107E+01  0.20885E+01 -0.81129E+00 -0.15768E+01  0.11340E+01  0.30773E+01
  0.51655E+01  0.37639E+01  0.35333E-01 -0.10832E+01 -0.49471E+01 -0.80580E+01
 -0.11425E+02 -0.12927E+02 -0.14656E+02 -0.15356E+02 -0.15483E+02 -0.16482E+02
 -0.15984E+02 -0.15234E+02 -0.13229E+02 -0.10531E+02 -0.59353E+01 -0.30727E+01
 -0.13489E+01  0.18134E-01  0.12914E+01  0.26265E+01  0.59635E+01  0.76157E+01
  0.77744E+01  0.67432E+01  0.29950E+01 -0.11271E+01  0.63344E+00  0.13888E+01
  0.30469E+01  0.58680E+01  0.57712E+01  0.41050E+01  0.24623E+00 -0.37382E+01
 -0.36114E+01 -0.63751E+00  0.19194E-01 -0.32119E+00 -0.29641E+01 -0.51285E+01
 -0.82414E+01 -0.83406E+01 -0.63795E+01 -0.38440E+01 -0.10909E+01  0.28409E+00
  0.33594E+01  0.63698E+01  0.71143E+01  0.61433E+01  0.38112E+01  0.30118E+01
  0.36146E+01  0.46705E+01  0.71136E+01  0.89063E+01  0.90794E+01  0.73090E+01
  0.67978E+01  0.60439E+01  0.41487E+01  0.15199E+01 -0.13082E+01 -0.23824E+01
 -0.34692E+01 -0.16856E+01 -0.12524E+01 -0.10885E+01 -0.88835E+00  0.14248E+00
  0.47051E+01  0.68517E+01  0.91300E+01  0.10514E+02  0.10816E+02  0.92854E+01
  0.62449E+01  0.25989E+01 -0.17151E+01 -0.41793E+01 -0.57233E+01 -0.54066E+01
 -0.44165E+01 -0.40909E+01 -0.28309E+01 -0.43217E+01 -0.51846E+01 -0.46533E+01
 -0.23204E+01  0.44973E+00  0.27030E+01  0.49098E+01  0.31031E+01 -0.86571E+00
 -0.32191E+01 -0.21136E+01 -0.64415E+00  0.21608E+01  0.31543E+01  0.22235E+01
  0.70724E+00  0.21194E+01  0.37747E+01  0.52796E+01  0.72983E+01  0.77769E+01
  0.93665E+01  0.95741E+01  0.98498E+01  0.11268E+02  0.10511E+02  0.96191E+01
  0.10168E+02  0.10704E+02  0.97741E+01  0.64544E+01  0.14012E+01 -0.26936E+01
 -0.35504E+01 -0.30190E+01 -0.25125E+01 -0.20742E+01 -0.22705E+01 -0.30944E+01
 -0.38261E+01 -0.52385E+01 -0.63000E+01 -0.75617E+01 -0.79876E+01 -0.82530E+01
 -0.84121E+01 -0.72355E+01 -0.98682E+01 -0.10369E+02 -0.81996E+01 -0.46120E+01
  0.11024E+00  0.27846E+01  0.27054E+01 -0.10745E+00 -0.33255E+01 -0.22878E+01
  0.11425E+01  0.27852E+01  0.32487E+01  0.37119E+01  0.55718E+01  0.73387E+01
  0.89711E+01  0.10406E+02  0.10012E+02  0.73742E+01  0.47786E+01  0.10995E+01
 -0.31520E+00 -0.15497E+01 -0.34754E+01 -0.54467E+01 -0.48491E+01 -0.32753E+01
 -0.44345E+01 -0.49671E+01 -0.36110E+01 -0.20237E+01 -0.26418E+01 -0.22940E+01
 -0.68425E+00  0.12575E+01  0.23552E+01  0.25859E+01  0.45616E+01  0.68122E+01
  0.91726E+01  0.89259E+01  0.75520E+01  0.51109E+01  0.33048E+01  0.23169E+01
  0.10449E+01  0.36307E+00 -0.17012E+01 -0.40475E+01 -0.53596E+01 -0.47656E+01
 -0.52336E+01 -0.70471E+01 -0.88106E+01 -0.99947E+01 -0.93919E+01 -0.80770E+01
 -0.69367E+01 -0.47888E+01 -0.26224E+01 -0.11171E+01  0.13006E-01  0.68230E-01
  0.25102E+00  0.10172E+01 -0.21587E+00 -0.35413E+01 -0.45221E+01 -0.30026E+01
 -0.35342E+01 -0.35539E+01 -0.22603E+01  0.97139E-01  0.18681E+01  0.34676E+00
 -0.90959E+00 -0.84856E+00 -0.17834E+01 -0.32256E+01 -0.36967E+01 -0.22389E+01
 -0.32460E+01 -0.41186E+01 -0.48744E+01 -0.47310E+01 -0.40700E+01 -0.53904E+01
 -0.65011E+01 -0.89821E+01 -0.11033E+02 -0.12234E+02 -0.13329E+02 -0.13116E+02
 -0.10146E+02 -0.68083E+01 -0.39107E+01  0.88359E+00  0.22304E+01  0.12213E+01
 -0.51069E+00  0.12119E+01  0.37907E+01  0.52384E+01  0.51536E+01  0.50910E+01
  0.64949E+01  0.57344E+01  0.63833E+01  0.42839E+01  0.26725E+01  0.21593E+01
  0.27882E+01  0.15491E+01 -0.14598E+00 -0.32041E+01 -0.37413E+01 -0.16092E+01
  0.13232E+01  0.69563E+01  0.73191E+01  0.56897E+01  0.38641E+01  0.30865E+01
  0.29967E+01  0.31575E+01  0.20367E+01  0.15262E+01  0.21281E+01  0.28206E+01
  0.47872E+01  0.59676E+01  0.52365E+01  0.38600E+01  0.57052E+01  0.78299E+01
  0.70291E+01  0.51830E+01  0.26153E+01  0.79365E+00 -0.20628E+01 -0.26596E+01
 -0.32398E+01 -0.34523E+01 -0.32487E+01 -0.43037E+01 -0.53930E+01 -0.89045E+01
 -0.89572E+01 -0.68639E+01 -0.34710E+01 -0.28487E+00  0.10259E+01  0.30937E+01
  0.19250E+01  0.55672E+00  0.11492E+01 -0.53565E+00 -0.19788E+01 -0.49305E+01
 -0.66227E+01 -0.63014E+01 -0.69207E+01 -0.77499E+01 -0.92350E+01 -0.94953E+01
 -0.74352E+01 -0.64361E+01 -0.69362E+01 -0.28687E+01  0.15068E+01  0.37025E+01
  0.31755E+01  0.26017E+01  0.34077E+01  0.45648E+01  0.70447E+01  0.71703E+01
  0.57636E+01  0.39413E+01  0.40519E+01  0.39407E+01  0.38021E+01  0.44315E+01
  0.49835E+01  0.48410E+01  0.24949E+01  0.23992E+00 -0.47617E+00 -0.14463E+01
 -0.17892E+01 -0.29674E+01 -0.38228E+01 -0.31013E+01 -0.20596E+01 -0.51840E+00
  0.16919E+01  0.32542E+01  0.24682E+01  0.19822E+01 -0.87226E+00 -0.69036E-01
  0.24775E+01  0.48873E+01  0.50771E+01  0.19371E+01  0.62111E+00 -0.11222E+01
  0.11511E+01  0.23587E+01  0.12886E+01  0.28342E+01  0.40933E+01  0.47387E+01
  0.57904E+01  0.72085E+01  0.65893E+01  0.39259E+01  0.78914E+00 -0.28336E+00
 -0.36918E+01 -0.73839E+01 -0.81490E+01 -0.53478E+01 -0.11894E+01  0.13290E+01
  0.34843E+01  0.72046E+00 -0.15995E+01 -0.18998E+01  0.17580E+01  0.49184E+01
  0.40832E+01  0.23648E+01  0.32623E+00  0.47672E+00  0.25542E+01  0.32773E+01
  0.33403E+01  0.28895E+01  0.50284E+00 -0.26220E+00 -0.10062E+00  0.28358E+01
  0.63756E+01  0.57574E+01  0.24846E+01 -0.89202E+00 -0.29074E+01 -0.33548E+01
 -0.51198E+01 -0.41952E+01 -0.45322E+01 -0.35022E+01 -0.23393E+00  0.30898E+01
  0.58972E+01  0.60272E+01  0.48136E+01  0.46125E+01  0.54257E+01  0.32738E+01
  0.31037E+01  0.40833E+01  0.35738E+01  0.31628E+01  0.12645E+01  0.10435E+01
  0.22025E+01  0.16633E+01  0.95208E+00 -0.48639E-01  0.11365E+01  0.30818E+01
  0.54700E+01  0.50146E+01  0.38172E+01  0.33371E+01  0.41400E+01  0.52917E+01
  0.56719E+01  0.60146E+01  0.64112E+01  0.70892E+01  0.44489E+01  0.25553E+01
 -0.37842E+00 -0.16902E+01 -0.16679E+00  0.71833E-01 -0.31141E+01 -0.52314E+01
 -0.60328E+01 -0.54235E+01 -0.38778E+01 -0.33438E+01 -0.19880E+01 -0.11394E+01
 -0.70233E-01 -0.40238E+00 -0.26884E+01 -0.50391E+01 -0.59626E+01 -0.71152E+01
 -0.70055E+01 -0.67614E+01 -0.84288E+01 -0.94025E+01 -0.10659E+02 -0.93563E+01
 -0.80351E+01 -0.61284E+01 -0.19422E+01 -0.18347E+01 -0.11786E+01 -0.23929E+01
 -0.30179E+01 -0.16288E+01 -0.80070E+00  0.22438E+01  0.51079E+01  0.94456E+01
  0.12258E+02  0.12798E+02  0.13670E+02  0.10941E+02  0.87407E+01  0.76304E+01
  0.45496E+01  0.25688E+01  0.25930E+01  0.26084E+01  0.32534E+01  0.57476E+01
  0.46780E+01  0.31339E+01  0.10696E+01 -0.76390E+00  0.14877E+00 -0.34040E+00
 -0.31788E+00 -0.15451E+01 -0.20600E+01 -0.22827E+01 -0.28742E+01 -0.33982E+01
 -0.41753E+01 -0.40755E+01 -0.77542E+00  0.14029E+01  0.35030E+00  0.10023E+01
  0.81796E+00 -0.36298E+00 -0.20408E+01 -0.14342E+01 -0.18972E+01 -0.22312E+01
 -0.28805E+01 -0.50175E+01 -0.52982E+01 -0.32838E+01 -0.25110E+01 -0.17827E+01
 -0.82148E+00  0.36223E+00  0.51406E+00  0.23247E+00  0.57558E+00  0.48270E+00
  0.63302E+00  0.62960E+00  0.18990E+01  0.21149E+01  0.12828E+01 -0.24615E+00
 -0.12252E+00 -0.36336E+00 -0.21870E+01 -0.24382E+01 -0.19741E+01 -0.18670E+01
 -0.11847E+01 -0.46961E+00 -0.47611E+00 -0.16986E+01 -0.24978E+01 -0.17626E+01
 -0.16424E+01 -0.11184E+01  0.10176E+01  0.22967E+01  0.21750E+00 -0.69009E+00
  0.18395E+01  0.30178E+01  0.30972E+01  0.75064E+00  0.81368E-01 -0.14147E+01
 -0.55393E+01 -0.57721E+01 -0.67946E+01 -0.55716E+01 -0.46626E+01 -0.51227E+01
 -0.37056E+01 -0.31739E+01 -0.19136E+01 -0.13964E+01 -0.14617E+01 -0.25257E+01
 -0.31605E+01 -0.31606E+01 -0.38784E+01 -0.58282E+01 -0.65370E+01 -0.59464E+01
 -0.53658E+01 -0.45531E+01 -0.46357E+01 -0.32558E+01 -0.33089E+01 -0.37025E+01
 -0.24573E+01 -0.27293E+01 -0.58554E+00  0.15605E+01  0.35083E+01  0.47242E+01
  0.67137E+01  0.63820E+01  0.31284E+01  0.11100E+01  0.12933E+01 -0.30540E-01
 -0.15334E+01 -0.33576E+00  0.41184E+00  0.11024E+01  0.13474E+00 -0.57747E+00
 -0.28679E+01 -0.18977E+01  0.76431E+00  0.11052E+01  0.85622E+00  0.49112E+00
  0.36904E+00  0.26446E+00  0.60823E+00  0.16289E+01  0.21983E+01  0.17983E+01
  0.14567E+01  0.21557E+01  0.42622E+01  0.45158E+01  0.35068E+01  0.28353E+01
  0.27277E+01  0.45829E+01  0.48993E+01  0.55063E+01  0.58210E+01  0.47753E+01
  0.32752E+01  0.14441E+01  0.11617E+01  0.19253E+01  0.23018E+01  0.28172E+01
  0.50331E+01  0.60930E+01  0.34588E+01 -0.13928E+01 -0.39953E+01 -0.57579E+01
 -0.76560E+01 -0.57197E+01 -0.20714E+01 -0.13327E+01 -0.78211E+00 -0.27340E+00
 -0.10263E+01 -0.70732E+00  0.88893E+00  0.15262E+01  0.21479E+01  0.11261E+01
 -0.35633E+00 -0.75819E+00 -0.23219E+01 -0.19594E+01 -0.21443E+01 -0.16461E+01
 -0.20794E+01 -0.36860E+01 -0.28596E+01 -0.34030E+01 -0.50075E+01 -0.53403E+01
 -0.63144E+01 -0.68095E+01 -0.58693E+01 -0.40905E+01 -0.31548E+01 -0.26632E+01
 -0.15168E+01 -0.72411E+00  0.17335E+00  0.21069E+01  0.29826E+01  0.35293E+01
  0.26326E+01  0.30585E+01  0.36067E+01  0.19443E+01  0.14701E+01  0.20716E+01
  0.17577E+01  0.23742E+01  0.42670E+01  0.59436E+01  0.72838E+01  0.48002E+01
  0.30260E+01  0.17083E+01  0.10653E+01  0.19751E+00  0.51502E+00  0.17534E+01
  0.23051E+01  0.31663E+01  0.38818E+01  0.46262E+01  0.33365E+01  0.25499E+01
  0.86763E+00 -0.45049E+00 -0.44230E+00  0.11871E+01  0.28626E+01  0.27902E+01
  0.14438E+01 -0.79059E+00 -0.28207E+01 -0.35105E+01 -0.30928E+01 -0.37618E+01
 -0.50746E+01 -0.51493E+01 -0.43308E+01 -0.22241E+01  0.33816E+00  0.46193E+00
  0.11773E+01  0.23563E+01  0.25846E+01  0.83902E+00  0.10722E+01  0.13647E+01
  0.86767E-01 -0.13944E+01 -0.30378E+01 -0.35463E+01 -0.40900E+01 -0.37480E+01
 -0.45801E+01 -0.35616E+01 -0.27553E+01 -0.12790E+01 -0.16412E+01 -0.22915E+01
 -0.29433E+01 -0.39559E+01 -0.17855E+01 -0.17219E+01 -0.13652E+01  0.24352E+00
 -0.10530E+01 -0.29055E+01 -0.14600E+01 -0.45013E+00  0.86511E+00  0.24314E+01
  0.29043E+01  0.50038E+01  0.58080E+01  0.50873E+01  0.45318E+01  0.30055E+01
  0.13330E+01  0.21730E+01  0.34346E+01  0.26635E+01  0.23360E+01 -0.10082E+00
 -0.10171E+01 -0.15809E+01 -0.21431E+01 -0.19625E+01 -0.17376E+01 -0.20291E+00
  0.11822E+01  0.27443E+01  0.40617E+01  0.46271E+01  0.35989E+01  0.41361E+01
  0.20050E+01 -0.18591E+00 -0.21845E+00  0.59864E+00  0.30731E+00 -0.45416E+00
 -0.10139E+01 -0.25900E+01 -0.77539E+00 -0.12048E+01 -0.44347E+00 -0.56985E+00
 -0.12962E+01  0.19453E+01  0.31069E+01  0.27110E+01  0.20761E+01  0.28103E+01
  0.28503E+01  0.32418E+01  0.40641E+01  0.39910E+01  0.59238E+01  0.60769E+01
  0.46263E+01  0.91348E+00 -0.21971E+01 -0.26128E+01 -0.25055E+01 -0.23742E+01
 -0.32433E+01 -0.32061E+01 -0.41139E+01 -0.45701E+01 -0.56245E+01 -0.67836E+01
 -0.63443E+01 -0.66128E+01 -0.60751E+01 -0.48971E+01 -0.47454E+01 -0.45943E+01
 -0.43877E+01 -0.37573E+01 -0.32494E+01 -0.42415E+01 -0.29589E+01 -0.18379E+01
 -0.19852E+01 -0.26223E+01 -0.36699E+01 -0.63570E+01 -0.57405E+01 -0.12914E+01
  0.15011E+01  0.30332E+00  0.60558E+00  0.18612E+01  0.30241E+01  0.34421E+01
  0.79390E+00  0.55441E+00 -0.10259E+01  0.13251E+01  0.23122E+01 -0.99063E-01
 -0.25415E+01 -0.38897E+01 -0.17066E-01  0.11722E+01 -0.21343E+01 -0.20173E+01
 -0.25627E+00 -0.32680E+00 -0.31463E+00 -0.35045E+00  0.86723E+00  0.94726E+00
  0.29087E+01  0.43607E+01  0.43272E+01  0.56910E+01  0.80827E+01  0.99109E+01
  0.85485E+01  0.72094E+01  0.66322E+01  0.42165E+01  0.43890E+01  0.44985E+01
  0.41807E+01  0.49860E+01  0.33692E+01  0.48884E+01  0.65131E+01  0.69621E+01
  0.62415E+01  0.56609E+01  0.45670E+01  0.41148E+01  0.29740E+01  0.25153E+01
  0.18164E+01  0.15360E+01  0.17656E+01  0.13355E+01  0.30810E+01  0.38347E+01
  0.36282E+01  0.31569E+01  0.25185E+00  0.19551E+01  0.19668E+01 -0.24584E+00
  0.15302E+01 -0.98821E+00 -0.21771E+01 -0.29510E+01 -0.32254E+01 -0.30170E+01
 -0.19867E+01 -0.81830E-01  0.36246E+00  0.37451E+00  0.14542E+01  0.25774E+01
  0.23864E+01  0.95113E+00 -0.86809E+00 -0.32098E+01 -0.45215E+01 -0.37597E+01
 -0.29066E+01 -0.98427E+00 -0.49750E+00 -0.70009E+00  0.29960E+01  0.32906E+01
  0.80413E+00 -0.20786E+01 -0.30908E+01 -0.19771E+01 -0.39010E+01 -0.46238E+01
 -0.39839E+01 -0.32947E+01 -0.34521E+01 -0.46050E+01 -0.31218E+01 -0.35291E+01
 -0.44089E+01 -0.47005E+01 -0.55293E+01 -0.44703E+01 -0.38105E+01 -0.22169E+01
 -0.54310E+00 -0.86804E+00 -0.58171E+00  0.51152E+00 -0.81815E+00 -0.27055E-01
  0.15692E+01  0.22221E+01  0.21940E+01  0.23902E+01  0.26671E+01  0.25626E+01
  0.38874E+01  0.44075E+01  0.34317E+01  0.19569E+01  0.26974E+01  0.21763E+01
  0.24399E+01  0.24170E+01  0.84096E+00 -0.26491E+00 -0.28102E+00  0.20247E+01
  0.15478E+01  0.31577E+01  0.47642E+01  0.59965E+01  0.56788E+01  0.20935E+01
  0.19522E+00 -0.22644E+01 -0.31588E+01 -0.35865E+01 -0.43441E+01 -0.37608E+01
 -0.36176E+01 -0.25568E+01 -0.23635E+01 -0.96616E+00 -0.13966E+01 -0.33705E+01
 -0.41605E+01 -0.55091E+01 -0.44497E+01 -0.25909E+01 -0.13508E+01 -0.18251E+01
 -0.14894E+01  0.39968E+00  0.14408E+01 -0.27962E+00 -0.12570E+01 -0.15288E+00
 -0.21456E+01 -0.20144E+01 -0.26974E+01 -0.36428E+01 -0.40256E+01 -0.45133E+01
 -0.41149E+01 -0.46401E+01 -0.28331E+01 -0.30727E+01 -0.22190E+01 -0.49492E+01
 -0.50001E+01 -0.35114E+01 -0.45524E+01 -0.37431E+01 -0.21707E+01 -0.12259E+00
 -0.17868E+01 -0.10003E+01 -0.58999E+00 -0.51560E+00 -0.15795E+00  0.59527E-01
 -0.17001E+01 -0.41057E+01 -0.31252E+01 -0.12400E+01 -0.10298E+01 -0.21515E+01
 -0.73986E+00 -0.11835E+01 -0.15638E+00  0.14780E+01 -0.22033E+00  0.13650E+01
  0.24792E+01  0.38583E+01  0.44821E+01  0.35264E+01  0.37237E+01  0.20484E+01
  0.12335E+01  0.10060E+01  0.26835E-01 -0.11395E+01 -0.16012E+01 -0.20926E+01
 -0.51160E+00  0.99859E+00  0.76208E+00 -0.61799E-01 -0.76987E+00  0.13615E+01
  0.93510E+00  0.17238E+00  0.12547E+01  0.19655E+01  0.20398E+01  0.21425E+01
  0.65570E+00  0.15141E+01  0.10927E+01 -0.56306E+00 -0.19386E+01 -0.42432E+01
 -0.30225E+01 -0.40063E+01 -0.62267E+01 -0.59621E+01 -0.21241E+01 -0.10773E+01
 -0.18593E+01 -0.11409E+01  0.37183E+00 -0.23678E-01  0.42245E+00  0.24936E+01
  0.26725E+01  0.31076E+01  0.33729E+01  0.56197E+01  0.50638E+01  0.26441E+01
  0.13944E+01  0.12050E+01  0.41857E+00 -0.86111E+00 -0.15698E+01 -0.23015E+00
  0.71080E+00 -0.75441E+00 -0.31527E+01 -0.42709E+01 -0.31129E+01 -0.12781E+01
  0.31861E+01  0.53527E+01  0.84481E+01  0.13632E+02  0.15263E+02  0.13893E+02
  0.41231E+01 -0.95036E+01 -0.18603E+02 -0.22115E+02 -0.22280E+02 -0.22313E+02
 -0.14575E+02 -0.27482E+01  0.73159E+01  0.11795E+02  0.11634E+02  0.96725E+01
  0.36794E+01 -0.92409E+00 -0.20242E+00  0.35966E+01  0.32284E+01  0.13545E+01
  0.72690E+00  0.21517E+01  0.35393E+01  0.64692E+01  0.59590E+01 -0.17974E+01
 -0.55646E+01 -0.67495E+01 -0.64493E+01 -0.75816E+01 -0.10746E+02 -0.10680E+02
 -0.66289E+01 -0.25463E+01  0.67915E+00  0.33468E+01  0.40410E+01  0.22289E+01
  0.89297E+00  0.99644E+00 -0.37309E+00 -0.52671E+00  0.30605E+00  0.48534E+00
  0.14984E+01  0.29028E+01  0.40662E+01  0.48835E+01  0.61031E+01  0.50442E+01
  0.60917E+00 -0.38964E+01 -0.46439E+01 -0.60981E+00  0.17544E+01  0.30742E+01
  0.21796E+01  0.31354E+00  0.32002E+01  0.79617E+01  0.90374E+01  0.79163E+01
  0.66263E+01  0.62059E+01  0.59373E+01  0.46064E+01  0.44799E+01  0.57150E+01
  0.45416E+01  0.18572E+01  0.32474E+01  0.50290E+01  0.64384E+01  0.55590E+01
  0.37104E+01  0.96402E+00 -0.77628E+00 -0.17581E+01 -0.45540E+01 -0.75194E+01
 -0.82064E+01 -0.48280E+01 -0.28294E+01 -0.12775E+01 -0.20209E+01 -0.25317E+01
 -0.30749E+01 -0.38475E+01 -0.35745E+01 -0.43925E+01 -0.20532E+01 -0.12105E+01
 -0.29198E+01 -0.33124E+01 -0.36525E+01 -0.18201E+01 -0.44678E+00 -0.31469E+01
 -0.37522E+01 -0.26504E+01 -0.38009E+01 -0.20044E+01 -0.10792E+01 -0.23148E+01
 -0.33805E+01 -0.35262E+01 -0.46516E+01 -0.38912E+01 -0.37863E+01 -0.34353E+01
 -0.25280E+01 -0.17399E+01 -0.15203E+01 -0.14226E+01 -0.13198E+00  0.11498E+01
  0.27506E+01  0.40665E+01  0.40412E+01  0.19959E+01 -0.90033E+00 -0.51398E+00
  0.14664E+01  0.19165E+01  0.35779E+01  0.11637E+01  0.58881E+00  0.90562E+00
  0.28908E+01  0.49296E+01  0.46767E+01  0.44928E+01  0.30779E+01  0.20370E+01
  0.12512E+01  0.29526E+01  0.42107E+01  0.39982E+01  0.41828E+01  0.57214E+01
  0.42700E+01  0.42163E+01  0.46716E+01  0.41728E+01  0.35053E+01  0.28231E+01
  0.28679E+01  0.18679E+01  0.28541E+01  0.43305E+01  0.37916E+01  0.31303E+01
  0.23091E+01  0.97930E+00  0.43283E+00 -0.15103E+01 -0.42637E+00  0.23656E+00
  0.10876E+01  0.13311E+01  0.97945E+00  0.88781E+00 -0.17216E+01 -0.46823E+01
 -0.57711E+01 -0.54772E+01 -0.54434E+01 -0.58279E+01 -0.59064E+01 -0.43327E+01
 -0.38826E+01 -0.44220E+01 -0.42193E+01 -0.31637E+01 -0.28305E+01 -0.39897E+01
 -0.37933E+01 -0.55955E+01 -0.50295E+01 -0.55950E+01 -0.57208E+01 -0.44935E+01
 -0.41796E+01 -0.16054E+01 -0.12987E+01 -0.66160E+00  0.14142E+01  0.22883E+01
  0.25865E+01  0.20669E+01  0.20091E+01  0.28952E+01  0.55137E+01  0.67029E+01
  0.47324E+01  0.22083E+01 -0.52590E+00 -0.64639E+00 -0.88659E+00 -0.29293E+01
 -0.52440E+01 -0.54198E+01 -0.25185E+01 -0.52587E+00 -0.12547E+01 -0.42405E+01
 -0.46944E+01 -0.29412E+01 -0.38624E+00  0.35898E+00  0.53868E+00  0.42582E+00
  0.23273E+00  0.56506E+00 -0.16312E+01 -0.34873E+01 -0.30882E+01 -0.41731E+00
  0.44418E+00  0.68011E+00  0.46882E+00  0.10714E+01  0.34263E+00 -0.58825E+00
 -0.64941E+00 -0.12486E+01 -0.17372E+01 -0.17559E+01  0.39089E+00  0.99764E+00
  0.18258E+01  0.36532E+01  0.94226E+00 -0.29874E+00  0.58725E+00  0.54813E+00
 -0.48100E+00  0.48172E+00  0.22078E+01  0.23667E+01  0.22864E+01  0.21724E+01
  0.50804E+00 -0.20787E+01 -0.19860E+01 -0.12300E+01 -0.37450E+00  0.38814E+00
 -0.37958E+00 -0.54875E+00 -0.18783E+01 -0.39618E+01 -0.33142E+01 -0.26433E+01
 -0.17444E+01 -0.31009E+01 -0.26137E+01 -0.18486E+01 -0.44991E+00  0.12692E+01
  0.37292E+01  0.44184E+01  0.31462E+01  0.42238E+01  0.35159E+01  0.38036E+01
  0.37457E+01  0.23393E+01  0.14771E+01  0.25054E+01  0.32819E+01  0.30521E+01
  0.17041E+01  0.38445E+00  0.61061E+00 -0.73932E+00 -0.12477E+01 -0.19940E+00
  0.61243E-01  0.17841E+00 -0.35416E+00 -0.46867E+00 -0.79294E+00  0.92977E+00
  0.40902E+00  0.19469E+01  0.20740E+01  0.13670E+01  0.19410E+01  0.23033E+01
  0.58251E+00 -0.11902E+01 -0.28057E+00 -0.71981E+00 -0.21651E+01 -0.46914E+01
 -0.31539E+01 -0.28672E+01 -0.10729E+01  0.85027E+00  0.42673E+00 -0.13812E+01
 -0.30602E+01 -0.19077E+01 -0.14267E+01 -0.11596E+01 -0.17384E+01 -0.27249E+01
 -0.22591E+01 -0.13006E+01 -0.97776E+00 -0.58148E+00  0.52625E+00  0.11917E+01
  0.28810E+01  0.27558E+01  0.27734E+01  0.33548E+01  0.14093E+01  0.96748E+00
  0.44059E+00  0.40768E-01  0.10927E+01  0.10980E+01  0.12993E+01  0.12600E+01
  0.10247E+01 -0.56518E+00 -0.15374E+00  0.60473E+00 -0.26434E+00  0.18667E+01
  0.32736E+01 -0.28908E+00 -0.57721E+00  0.70457E+00 -0.26206E+00  0.53851E+00
  0.31391E+01  0.25793E+01  0.10599E+01  0.84172E+00  0.10194E+01  0.81864E+00
  0.98012E+00  0.10057E+00 -0.12346E+01 -0.15921E+01 -0.16656E+01  0.19950E+00
 -0.88309E+00 -0.68852E+00  0.85464E-01 -0.33786E+00 -0.47523E+00 -0.13015E+01
 -0.11168E+01  0.98630E+00 -0.14146E+00 -0.11768E+01 -0.16034E+01 -0.17812E+01
 -0.17767E+01 -0.54229E+00  0.15522E+01  0.23804E+01  0.29142E+01  0.14661E+01
  0.16703E+01  0.45344E+00 -0.13642E+01 -0.91505E+00 -0.12789E+01 -0.12691E+01
 -0.69160E+00 -0.22674E+01 -0.37423E+01 -0.39197E+01 -0.28522E+01 -0.91091E+00
 -0.16138E+01 -0.17675E+01  0.10128E+01  0.26448E+01  0.21580E+01  0.16894E+01
  0.28229E+01  0.15905E+01  0.13131E+01  0.30151E+01  0.37033E+01  0.53119E+01
  0.51147E+01  0.22494E+01 -0.17015E+01 -0.79122E+01 -0.90200E+01 -0.64159E+01
 -0.35848E+01 -0.27675E+01 -0.45168E+01 -0.35195E+01 -0.14377E+01  0.79757E+00
  0.66755E+00 -0.11732E+01 -0.31630E+01 -0.24808E+01 -0.16756E+01 -0.37263E+00
 -0.10748E+01 -0.68829E+00  0.15724E+01  0.30307E+01  0.47533E+01  0.59353E+01
  0.21235E+01 -0.29763E+01 -0.47937E+01 -0.39712E+01 -0.20468E+01 -0.12130E+01
 -0.21151E+01 -0.29941E+00  0.15408E+01 -0.33393E+00 -0.15413E+01 -0.15157E+01
 -0.60962E+00 -0.40361E+00 -0.58444E+00 -0.95347E+00 -0.13127E+01  0.86686E+00
  0.41571E+01  0.30737E+01  0.27079E+01  0.10344E+01  0.12985E+01  0.13654E+01
  0.11634E+01  0.12757E+00 -0.26262E+00 -0.38919E-01  0.46340E+00  0.15399E+01
  0.72574E+00  0.29399E+00  0.13795E+01  0.40870E+01  0.39245E+01  0.29489E+01
  0.15385E+01  0.27987E+01  0.53769E+01  0.51901E+01  0.42628E+01  0.17988E+01
  0.81317E-01 -0.17996E+01 -0.30271E+01 -0.75810E+00  0.16540E+01  0.25717E+01
  0.97215E+00 -0.82589E+00 -0.10770E+01 -0.35062E-01 -0.68837E+00 -0.67705E+00
 -0.95495E+00 -0.35731E+00 -0.13017E+01 -0.11846E+01 -0.88745E+00 -0.92620E+00
 -0.13600E-01 -0.16470E+00 -0.14201E+00 -0.99636E+00 -0.19343E+00 -0.55009E+00
 -0.37017E+00 -0.57250E+00 -0.94831E+00 -0.11573E+01  0.96505E+00  0.84965E+00
 -0.10924E+01 -0.21053E+01 -0.21182E+01 -0.43082E+00  0.75454E-02  0.96347E+00
  0.11629E+01 -0.28299E+00 -0.12882E+01 -0.14665E+01 -0.18799E+01  0.63513E+00
  0.12046E+00 -0.96009E-01 -0.12922E+01 -0.29221E+01 -0.19492E+01 -0.18935E+01
 -0.76860E+00  0.18624E+00  0.67701E-01 -0.18444E-01 -0.13092E+01 -0.26468E+01
 -0.23357E+01 -0.22752E+01 -0.69552E+00 -0.14343E+00 -0.29292E+00 -0.10236E+01
  0.17822E+00  0.17366E+01  0.31199E+01  0.23786E+01  0.17684E+01  0.30939E+01
  0.26460E+01  0.27461E+01  0.21478E+01  0.21421E+01  0.14949E+01  0.16201E+01
  0.10354E+01  0.55242E+00 -0.33051E-02 -0.11696E+01 -0.10643E+01 -0.30131E+00
  0.87704E+00  0.88122E+00 -0.80607E+00 -0.15062E+01 -0.46720E+00  0.56217E+00
  0.50180E+00  0.10694E+01  0.18343E+01  0.12319E+01  0.68871E+00  0.36639E+00
