sylm       p   Northridge,17 Jan 94,04:31PST; Sylmar, Olive View FF             
   3000    2.00000E-02  0  0  0.  0.  0.  0.  0.
  0.17952E+01 -0.31892E+00 -0.13014E+01 -0.10566E+01 -0.18507E+01 -0.49815E+01
 -0.82358E+01 -0.96734E+01 -0.59999E+01  0.10227E+01  0.36936E+01  0.46378E+01
  0.81138E+01  0.88731E+01 -0.21599E+00 -0.17038E+02 -0.13373E+02 -0.35361E+01
 -0.13752E+02 -0.12732E+02  0.12713E+01  0.78077E+01  0.80775E+00  0.78210E+01
  0.28385E+02  0.16434E+02 -0.17097E+02 -0.14618E+02  0.12232E+02  0.14488E+02
 -0.42509E+01 -0.12139E+02 -0.24488E+01 -0.61621E+01 -0.38762E+02 -0.33210E+02
 -0.17107E+01  0.21306E+02  0.39685E+02  0.32509E+02  0.12260E+02  0.59680E+01
 -0.23990E+01 -0.93674E+01  0.12436E+02 -0.17948E+01 -0.39885E+02 -0.54139E+02
 -0.16495E+02  0.29841E+02  0.63659E+01 -0.27095E+02 -0.24209E+02 -0.87156E+01
  0.67415E+01  0.33994E+02  0.62362E+02  0.64257E+02  0.47529E+02  0.15018E+02
 -0.31762E+02 -0.51670E+02 -0.44836E+02 -0.37362E+02 -0.14535E+02  0.53777E+01
  0.23352E+02  0.27041E+02  0.63202E+01  0.14164E+01  0.11653E+02  0.12784E+01
 -0.21717E+02 -0.25772E+02 -0.20100E+01  0.14175E+02  0.85209E+01  0.32642E+02
  0.27871E+02 -0.99371E+01 -0.24070E+02  0.17959E+02  0.35532E+02 -0.14274E+02
 -0.31097E+02  0.69252E+01  0.27528E+02 -0.85219E+01 -0.32306E+02 -0.18735E+02
 -0.13047E+01 -0.25795E+02 -0.45154E+02  0.19023E+02  0.62729E+02  0.37680E+02
  0.30687E+02  0.27878E+02  0.73300E+01 -0.27927E+02 -0.41971E+02  0.77750E+01
  0.62989E+02  0.11685E+02 -0.46741E+02 -0.47741E+02  0.28917E+02  0.30028E+02
 -0.39255E+02 -0.24560E+02  0.50484E+02  0.50364E+02 -0.24947E+02 -0.44441E+02
  0.15458E+02  0.60117E+02 -0.25423E+02 -0.80579E+02 -0.76795E+02 -0.34141E+02
  0.11795E+02  0.32235E+02  0.67358E+02  0.67877E+02  0.90152E+01 -0.20447E+02
  0.51557E+01  0.59664E+01 -0.46104E+02 -0.34720E+02  0.36782E+02  0.56162E+02
  0.29209E+02 -0.38662E+01 -0.24358E+02 -0.47050E+02 -0.48046E+02 -0.19835E+02
 -0.25067E+02 -0.18700E+02  0.33004E+02  0.74874E+02  0.74384E+02  0.37541E+02
  0.19148E+02 -0.14336E+01 -0.20490E+02 -0.24735E+02 -0.31056E+02 -0.38075E+02
 -0.39577E+02 -0.22408E+02 -0.20772E+02 -0.35246E+02 -0.35925E+02 -0.14693E+02
 -0.28718E+02 -0.58771E+02 -0.55873E+02 -0.59763E+02 -0.87479E+02 -0.11411E+03
 -0.12965E+03 -0.13500E+03 -0.12884E+03 -0.11347E+03 -0.81239E+02 -0.42558E+02
  0.20897E+02  0.95702E+02  0.17126E+03  0.22793E+03  0.24395E+03  0.25181E+03
  0.25973E+03  0.28727E+03  0.31461E+03  0.33233E+03  0.34743E+03  0.35762E+03
  0.33706E+03  0.27097E+03  0.19962E+03  0.11955E+03  0.22580E+02 -0.92596E+02
 -0.15268E+03 -0.20657E+03 -0.30452E+03 -0.39473E+03 -0.47035E+03 -0.53316E+03
 -0.55352E+03 -0.53771E+03 -0.52695E+03 -0.49539E+03 -0.45939E+03 -0.55886E+02
  0.43453E+03  0.51882E+03  0.45226E+03  0.42209E+03  0.50072E+03  0.58379E+03
  0.53057E+03  0.34371E+03  0.12922E+03 -0.25565E+02 -0.16621E+03 -0.40480E+03
 -0.46414E+03 -0.41986E+03 -0.43058E+03 -0.42290E+03 -0.37824E+03 -0.32685E+03
 -0.30062E+03 -0.14407E+03  0.89277E+02  0.23262E+03  0.25063E+03  0.24496E+03
  0.24654E+03  0.22821E+03  0.12682E+03  0.19682E+01 -0.11245E+03 -0.21518E+03
 -0.19513E+03 -0.15030E+03 -0.14829E+03 -0.13501E+03 -0.10173E+03 -0.31408E+02
  0.15498E+02  0.98672E+02  0.12661E+03  0.46770E+02 -0.25017E+02 -0.79763E+02
 -0.65071E+02 -0.11592E+02  0.52070E+02  0.10739E+03  0.13068E+03  0.13252E+03
  0.14899E+03  0.17750E+03  0.20159E+03  0.21776E+03  0.22180E+03  0.25321E+03
  0.31710E+03  0.39791E+03  0.36980E+03  0.17139E+03  0.64788E+01 -0.86243E+02
 -0.11474E+03 -0.86734E+02 -0.36354E+02 -0.14064E+02 -0.21522E+01  0.28291E+02
  0.57722E+02  0.41656E+02 -0.21699E+02 -0.63633E+02 -0.80194E+02 -0.77441E+02
 -0.81711E+02 -0.11600E+03 -0.12225E+03 -0.11582E+03 -0.14012E+03 -0.14763E+03
 -0.14256E+03 -0.94746E+02 -0.10641E+02  0.25046E+02  0.28733E+02  0.34245E+02
  0.46886E+02  0.50262E+02  0.25150E+02 -0.11225E+02 -0.19680E+02  0.16877E+02
  0.17821E+02 -0.21742E+02 -0.74281E+02 -0.12149E+03 -0.14201E+03 -0.15021E+03
 -0.13890E+03 -0.90611E+02 -0.46865E+02 -0.28194E+02 -0.14123E+02  0.23421E+02
  0.63426E+02  0.71529E+02  0.65217E+02  0.56987E+02  0.44972E+02  0.24248E+02
  0.13696E+01 -0.24097E+02 -0.51324E+02 -0.84064E+02 -0.12085E+03 -0.15595E+03
 -0.18272E+03 -0.22107E+03 -0.25127E+03 -0.25819E+03 -0.25485E+03 -0.24541E+03
 -0.23003E+03 -0.20590E+03 -0.18202E+03 -0.13780E+03 -0.59223E+02  0.48564E+01
  0.39646E+02  0.71240E+02  0.10789E+03  0.13449E+03  0.15693E+03  0.19158E+03
  0.25888E+03  0.33617E+03  0.39077E+03  0.42716E+03  0.41691E+03  0.39314E+03
  0.34154E+03  0.25499E+03  0.16055E+03  0.88129E+02  0.74903E+02  0.13843E+03
  0.23199E+03  0.25939E+03  0.17709E+03  0.49370E+02 -0.44307E+02 -0.10367E+03
 -0.13548E+03 -0.14955E+03 -0.13630E+03 -0.11557E+03 -0.10758E+03 -0.11836E+03
 -0.13559E+03 -0.14627E+03 -0.14802E+03 -0.11836E+03 -0.57584E+02 -0.17689E+02
 -0.61938E+01 -0.42244E+01 -0.25832E+02 -0.68070E+02 -0.10503E+03 -0.12008E+03
 -0.12567E+03 -0.13377E+03 -0.12181E+03 -0.88020E+02 -0.25518E+02  0.33003E+02
  0.42062E+02  0.46197E+02  0.53317E+02  0.62617E+02  0.62436E+02  0.33592E+02
 -0.10573E+02 -0.47792E+02 -0.66425E+02 -0.68301E+02 -0.74367E+02 -0.77948E+02
 -0.81986E+02 -0.95388E+02 -0.82606E+02 -0.64818E+02 -0.74676E+02 -0.99345E+02
 -0.14416E+03 -0.19913E+03 -0.17596E+03 -0.10639E+03 -0.25002E+02  0.71312E+02
  0.12536E+03  0.13911E+03  0.14285E+03  0.15035E+03  0.15522E+03  0.15137E+03
  0.14206E+03  0.15369E+03  0.16551E+03  0.15593E+03  0.14613E+03  0.97776E+02
  0.12205E+02 -0.59669E+02 -0.11020E+03 -0.13654E+03 -0.14826E+03 -0.15318E+03
 -0.15317E+03 -0.12609E+03 -0.64363E+02 -0.20525E+02 -0.86096E+01  0.97662E-01
  0.11779E+02  0.15697E+02  0.15561E+02  0.13048E+02  0.21555E+02  0.39408E+02
  0.56090E+02  0.80755E+02  0.11135E+03  0.14082E+03  0.15822E+03  0.16924E+03
  0.17585E+03  0.16853E+03  0.13563E+03  0.72202E+02  0.13845E+02 -0.23329E+02
 -0.54956E+02 -0.80595E+02 -0.10104E+03 -0.99735E+02 -0.71068E+02 -0.37106E+02
 -0.13122E+02 -0.84050E+00  0.83046E+01  0.19911E+01 -0.19892E+02 -0.45047E+02
 -0.64581E+02 -0.77211E+02 -0.83218E+02 -0.79816E+02 -0.58587E+02 -0.46875E+00
  0.61856E+02  0.87673E+02  0.99353E+02  0.11899E+03  0.14168E+03  0.15346E+03
  0.14147E+03  0.10913E+03  0.73235E+02  0.33825E+02 -0.20600E+02 -0.65878E+02
 -0.93332E+02 -0.98778E+02 -0.88511E+02 -0.73276E+02 -0.58968E+02 -0.54724E+02
 -0.45473E+02 -0.29565E+02 -0.17754E+02 -0.25880E+02 -0.60722E+02 -0.94382E+02
 -0.10950E+03 -0.11022E+03 -0.84226E+02 -0.35401E+02  0.16200E+01  0.21089E+02
  0.30319E+02  0.37779E+02  0.30236E+02  0.23940E+02  0.41479E+02  0.56471E+02
  0.49677E+02  0.24739E+02  0.77926E+01  0.69603E+01  0.15109E+02  0.23463E+02
  0.27064E+02  0.11429E+02 -0.17249E+02 -0.33785E+02 -0.41843E+02 -0.45763E+02
 -0.48493E+02 -0.39906E+02 -0.17910E+02  0.12640E+02  0.39154E+02  0.50325E+02
  0.57834E+02  0.61733E+02  0.53861E+02  0.37414E+02  0.23524E+02  0.25269E+02
  0.36935E+02  0.42602E+02  0.35892E+02  0.20836E+02  0.89956E+01 -0.26061E+01
 -0.75308E+01 -0.95035E+01 -0.12195E+02 -0.17171E+02 -0.29019E+02 -0.43601E+02
 -0.57495E+02 -0.68450E+02 -0.77991E+02 -0.87780E+02 -0.97270E+02 -0.10357E+03
 -0.97650E+02 -0.74776E+02 -0.47607E+02 -0.15262E+02  0.19766E+02  0.47897E+02
  0.64634E+02  0.59348E+02  0.21201E+02 -0.39804E+02 -0.90544E+02 -0.11851E+03
 -0.13075E+03 -0.11579E+03 -0.80402E+02 -0.45560E+02 -0.97814E+01  0.23535E+02
  0.56254E+02  0.82723E+02  0.89573E+02  0.93584E+02  0.86069E+02  0.66976E+02
  0.44521E+02  0.18041E+02  0.32975E+01 -0.56884E+00  0.75880E+01  0.26491E+01
 -0.15445E+01  0.32919E+01  0.34173E+02  0.78211E+02  0.88438E+02  0.79226E+02
  0.63735E+02  0.49115E+02  0.28421E+02  0.79176E+01 -0.58418E+01 -0.53834E+01
  0.37609E+00  0.76354E+00  0.28499E+01  0.82687E+01  0.13933E+02  0.17674E+02
  0.21019E+02  0.25437E+02  0.35272E+02  0.50312E+02  0.67163E+02  0.77826E+02
  0.78992E+02  0.57726E+02  0.82398E+01 -0.35614E+02 -0.64056E+02 -0.80351E+02
 -0.80442E+02 -0.76537E+02 -0.74891E+02 -0.68891E+02 -0.53900E+02 -0.35090E+02
 -0.17683E+02 -0.78102E+00  0.10201E+02  0.73845E+01 -0.11523E+01 -0.50165E+01
 -0.42535E+01 -0.19907E+01 -0.31617E+01 -0.82681E+01 -0.97509E+01  0.44211E+00
  0.13309E+02  0.25128E+02  0.41070E+02  0.58075E+02  0.57110E+02  0.25365E+02
 -0.97013E+01 -0.29418E+02 -0.33024E+02 -0.29572E+02 -0.25820E+02 -0.19339E+02
 -0.70356E+01  0.25227E+01  0.52034E+01  0.35978E+01 -0.23002E+01 -0.78943E+01
 -0.85085E+01 -0.61790E+01 -0.16896E+01  0.57025E+01  0.11825E+02  0.19098E+02
  0.21555E+02  0.23233E+02  0.29100E+02  0.36971E+02  0.40542E+02  0.33358E+02
  0.10443E+02 -0.13534E+02 -0.27049E+02 -0.36942E+02 -0.38186E+02 -0.29038E+02
 -0.16490E+02 -0.31760E+01  0.91139E+01  0.15041E+02  0.15029E+02  0.17878E+02
  0.19521E+02  0.15936E+02  0.98374E+01  0.78053E+01  0.12718E+02  0.17468E+02
  0.16019E+02  0.12661E+02  0.16244E+02  0.22537E+02  0.20633E+02  0.61735E+01
 -0.43203E+01 -0.57214E+01 -0.56128E+01 -0.11669E+02 -0.22946E+02 -0.35455E+02
 -0.47888E+02 -0.54819E+02 -0.52449E+02 -0.43802E+02 -0.30372E+02 -0.13575E+02
  0.29869E-01 -0.77364E+00 -0.13738E+02 -0.21265E+02 -0.23484E+02 -0.23602E+02
 -0.27088E+02 -0.29361E+02 -0.27012E+02 -0.24841E+02 -0.27175E+02 -0.27404E+02
 -0.20571E+02 -0.11447E+02 -0.27444E+01  0.34229E+01  0.95397E+01  0.13714E+02
  0.19278E+02  0.25527E+02  0.32313E+02  0.36746E+02  0.34507E+02  0.26998E+02
  0.12816E+02 -0.14053E+01 -0.10584E+02 -0.10738E+02 -0.53982E+01  0.65346E+00
  0.43774E+01  0.92277E+00 -0.32924E+01 -0.42425E+01 -0.21518E+01 -0.55761E+01
 -0.16854E+02 -0.24829E+02 -0.23216E+02 -0.19280E+02 -0.18925E+02 -0.19807E+02
 -0.15209E+02 -0.37050E+01  0.86693E+01  0.21183E+02  0.33304E+02  0.43100E+02
  0.45558E+02  0.40034E+02  0.31975E+02  0.22008E+02  0.11460E+02  0.85512E+01
  0.13306E+02  0.18517E+02  0.18793E+02  0.19508E+02  0.25480E+02  0.31707E+02
  0.33308E+02  0.32296E+02  0.35042E+02  0.34552E+02  0.26356E+02  0.11670E+02
 -0.57924E+01 -0.15603E+02 -0.21665E+02 -0.30438E+02 -0.39840E+02 -0.51604E+02
 -0.59543E+02 -0.62277E+02 -0.55752E+02 -0.35696E+02 -0.10479E+02  0.12179E+02
  0.22548E+02  0.22910E+02  0.19786E+02  0.13615E+02  0.42700E+01 -0.94650E+01
 -0.21303E+02 -0.26693E+02 -0.24457E+02 -0.18719E+02 -0.14285E+02 -0.15602E+02
 -0.22318E+02 -0.27533E+02 -0.30870E+02 -0.29804E+02 -0.22642E+02 -0.87321E+01
  0.51403E+01  0.16040E+02  0.22597E+02  0.24435E+02  0.21522E+02  0.13266E+02
  0.22408E+01 -0.82157E+01 -0.15711E+02 -0.15607E+02 -0.13291E+02 -0.15502E+02
 -0.19065E+02 -0.17299E+02 -0.67618E+01  0.43749E+01  0.11133E+02  0.14632E+02
  0.16473E+02  0.11620E+02  0.25194E+01 -0.35194E+01  0.70172E+00  0.11524E+02
  0.19724E+02  0.24442E+02  0.29874E+02  0.32879E+02  0.28072E+02  0.20933E+02
  0.15845E+02  0.16445E+02  0.16060E+02  0.92134E+01  0.33794E+00 -0.45104E+01
 -0.68136E+01 -0.11262E+02 -0.14535E+02 -0.11973E+02 -0.27733E+01  0.55209E+01
  0.11285E+02  0.19559E+02  0.27348E+02  0.29046E+02  0.20551E+02  0.80000E+01
 -0.17385E+01 -0.87891E+01 -0.11072E+02 -0.35333E+01  0.77804E+01  0.13946E+02
  0.15479E+02  0.11177E+02  0.39077E+01 -0.56205E+01 -0.18477E+02 -0.30920E+02
 -0.38756E+02 -0.43452E+02 -0.46795E+02 -0.44428E+02 -0.31428E+02 -0.95484E+01
  0.15137E+02  0.34860E+02  0.48401E+02  0.54659E+02  0.49780E+02  0.33418E+02
  0.15408E+02  0.18282E+01 -0.96551E+01 -0.17207E+02 -0.19354E+02 -0.14453E+02
 -0.97541E+01 -0.67854E+01 -0.47803E+01 -0.24220E+01 -0.27453E+00 -0.24608E+01
 -0.44393E+01 -0.34379E+01 -0.64750E+00  0.25598E+01  0.24456E+01  0.52927E+01
  0.95742E+01  0.15456E+02  0.22712E+02  0.25162E+02  0.23302E+02  0.14617E+02
  0.17307E+01 -0.88461E+01 -0.17195E+02 -0.23760E+02 -0.26552E+02 -0.24125E+02
 -0.17680E+02 -0.14697E+02 -0.11631E+02 -0.98096E+01 -0.58679E+01 -0.78855E+00
  0.49152E+01  0.12335E+02  0.15023E+02  0.14470E+02  0.10425E+02  0.69652E+01
  0.26117E+01 -0.34971E+01 -0.93698E+01 -0.15673E+02 -0.20481E+02 -0.24335E+02
 -0.23402E+02 -0.17068E+02 -0.88678E+01  0.12940E+01  0.85275E+01  0.94017E+01
  0.49453E+01 -0.27657E+01 -0.11352E+02 -0.15055E+02 -0.11541E+02 -0.24860E+01
  0.59863E+01  0.86686E+01  0.11328E+02  0.13841E+02  0.16577E+02  0.21319E+02
  0.25646E+02  0.26082E+02  0.16749E+02  0.19602E+01 -0.12202E+02 -0.20923E+02
 -0.22356E+02 -0.20239E+02 -0.18159E+02 -0.14061E+02 -0.10550E+02 -0.39019E+01
  0.66778E+01  0.15166E+02  0.19959E+02  0.19330E+02  0.20702E+02  0.22957E+02
  0.21448E+02  0.15023E+02  0.86379E+01  0.55992E+01  0.13245E+01 -0.46423E+01
 -0.79162E+01 -0.35923E+01  0.44483E+01  0.93026E+01  0.60904E+01 -0.33668E+01
 -0.13886E+02 -0.20271E+02 -0.20706E+02 -0.17206E+02 -0.11404E+02 -0.77486E+01
 -0.10506E+02 -0.17875E+02 -0.21220E+02 -0.16171E+02 -0.69721E+01  0.22717E+00
  0.32409E+01  0.32461E+01  0.12322E+01 -0.25642E+01 -0.59808E+01 -0.60049E+01
 -0.39168E+01 -0.77670E+00  0.33939E+01  0.67767E+01  0.52923E+01  0.70665E+00
 -0.87945E-02  0.16453E+01  0.51638E+01  0.36603E+01  0.34703E+00  0.22800E+00
 -0.19618E+00  0.12900E+00 -0.25592E+01 -0.45697E+01 -0.65500E+01 -0.11425E+02
 -0.16961E+02 -0.17827E+02 -0.90504E+01  0.44967E+01  0.15408E+02  0.22313E+02
  0.25468E+02  0.26743E+02  0.23945E+02  0.21833E+02  0.26346E+02  0.30308E+02
  0.31272E+02  0.30034E+02  0.26009E+02  0.21062E+02  0.16430E+02  0.13310E+02
  0.90555E+01  0.28494E+01 -0.18736E+01 -0.78106E+01 -0.11413E+02 -0.10912E+02
 -0.74410E+01 -0.11697E+01  0.40352E+01  0.58010E+01  0.41567E+01  0.31509E+01
  0.19501E+01 -0.30255E+01 -0.10052E+02 -0.16387E+02 -0.19588E+02 -0.18674E+02
 -0.13937E+02 -0.97768E+01 -0.70558E+01 -0.65767E+01 -0.74187E+01 -0.76448E+01
 -0.90514E+01 -0.67617E+01 -0.56146E+00  0.69213E+01  0.13915E+02  0.17464E+02
  0.15195E+02  0.83548E+01 -0.46094E+00 -0.38680E+01  0.89574E+00  0.60516E+01
  0.71164E+01  0.75507E+01  0.46207E+01 -0.34934E+01 -0.11134E+02 -0.17229E+02
 -0.21385E+02 -0.21818E+02 -0.18853E+02 -0.13407E+02 -0.11095E+02 -0.11549E+02
 -0.10761E+02 -0.10658E+02 -0.99053E+01 -0.89491E+01 -0.95648E+01 -0.14736E+02
 -0.19768E+02 -0.19323E+02 -0.12557E+02 -0.89935E+00  0.72771E+01  0.78497E+01
  0.31474E+01 -0.69911E+01 -0.13497E+02 -0.11331E+02 -0.54553E+01  0.11359E+01
  0.79348E+01  0.11965E+02  0.11305E+02  0.89991E+01  0.72321E+01  0.84720E+01
  0.11829E+02  0.17191E+02  0.20797E+02  0.19633E+02  0.16772E+02  0.14268E+02
  0.11406E+02  0.72554E+01  0.45476E+01  0.15819E+01 -0.12846E+01 -0.17862E+01
 -0.37897E+01 -0.68213E+01 -0.11119E+02 -0.11127E+02 -0.97106E+01 -0.84296E+01
 -0.33305E+01  0.20388E+01  0.45644E+01  0.49704E+01  0.52106E+01  0.49711E+01
  0.64925E+01  0.64350E+01  0.46500E+01 -0.10355E+01 -0.90477E+01 -0.10123E+02
 -0.54891E+01 -0.45248E+01 -0.65513E+01 -0.81506E+01 -0.11054E+02 -0.10399E+02
 -0.58563E+01  0.98258E-01 -0.23099E+01 -0.10950E+02 -0.15049E+02 -0.16031E+02
 -0.14715E+02 -0.12632E+02 -0.90852E+01 -0.57841E+01 -0.77309E+01 -0.12929E+02
 -0.15267E+02 -0.12855E+02 -0.11051E+02 -0.10531E+02 -0.89735E+01 -0.37946E+01
  0.29148E+01  0.60920E+01  0.61978E+01  0.11099E+02  0.17197E+02  0.20016E+02
  0.22987E+02  0.22075E+02  0.17065E+02  0.11679E+02  0.87645E+01  0.79563E+01
  0.61668E+01  0.80903E+01  0.15461E+02  0.20154E+02  0.15586E+02  0.11471E+02
  0.81261E+01  0.35697E+00 -0.79320E+01 -0.78987E+01 -0.33347E+01 -0.14131E+01
  0.10847E+01  0.43619E+01  0.91648E+01  0.69313E+01  0.34834E+01  0.33530E+01
  0.84561E+01  0.16426E+02  0.22993E+02  0.29530E+02  0.30995E+02  0.27828E+02
  0.23425E+02  0.17023E+02  0.96968E+01  0.14583E+01 -0.10218E+02 -0.20193E+02
 -0.24825E+02 -0.20718E+02 -0.11195E+02 -0.49656E+01 -0.33062E+01 -0.54977E+01
 -0.66466E+01 -0.92683E+01 -0.10635E+02 -0.99632E+01 -0.91109E+01 -0.74186E+01
 -0.56646E+01 -0.60723E+01 -0.51359E+01 -0.67679E+01 -0.93657E+01 -0.85457E+01
 -0.82647E+01 -0.31377E+01  0.45994E+00  0.60141E+01  0.12595E+02  0.16277E+02
  0.15793E+02  0.11484E+02  0.45273E+01 -0.24350E+01 -0.76971E+01 -0.14389E+02
 -0.19155E+02 -0.22331E+02 -0.13553E+02 -0.58914E+00  0.58522E+01 -0.57104E+01
 -0.20531E+02 -0.27231E+02 -0.21558E+02 -0.85528E+01 -0.21754E+01  0.35067E+01
  0.29808E+01  0.31034E+01  0.33863E+01  0.30639E+00 -0.22494E+01  0.18050E+01
  0.36045E+01  0.34351E+01  0.42597E+01  0.62271E+01  0.68057E+01  0.81767E+01
  0.13750E+02  0.15910E+02  0.15006E+02  0.12099E+02  0.67426E+01 -0.15432E+01
 -0.47397E+01 -0.53308E+01 -0.10555E+02 -0.17453E+02 -0.22055E+02 -0.17918E+02
 -0.10950E+02 -0.86671E+01 -0.10665E+02 -0.10322E+02 -0.63622E+01 -0.43403E+01
 -0.40227E+01 -0.26192E+01 -0.19445E+00  0.24563E+01  0.83370E+01  0.11969E+02
  0.12854E+02  0.14661E+02  0.15226E+02  0.14214E+02  0.15496E+02  0.18227E+02
  0.19301E+02  0.13253E+02  0.45363E+01  0.16728E+00  0.12901E+00  0.26016E+01
  0.39720E+01  0.35882E+01  0.28112E+01  0.13078E+01  0.74101E+00 -0.31370E+00
 -0.21202E+01 -0.38656E+01 -0.61764E+01 -0.59756E+01 -0.22544E+01  0.21042E+01
  0.37260E+01  0.29615E+01  0.16261E+01 -0.29768E+01 -0.10233E+02 -0.16969E+02
 -0.21904E+02 -0.17733E+02 -0.11924E+02 -0.80705E+01 -0.10329E+02 -0.15440E+02
 -0.13112E+02 -0.66479E+01  0.19050E+00  0.40529E+01  0.48221E+01  0.59349E+01
  0.59173E+01  0.73526E+01  0.78109E+01  0.42829E+01  0.20854E+01  0.16026E+01
  0.28224E+01  0.67319E+01  0.94589E+01  0.81556E+01  0.62975E+01  0.63223E+00
 -0.67146E+01 -0.13021E+02 -0.17830E+02 -0.19109E+02 -0.14044E+02 -0.57209E+01
  0.97167E+00  0.53759E+01  0.68133E+01  0.31973E+01 -0.12142E+01 -0.43556E+01
 -0.43783E+01 -0.33763E+01 -0.75341E+00  0.39543E+01  0.58031E+01  0.39431E+01
  0.94952E+00 -0.19224E+00 -0.39870E+00  0.11700E+01  0.36233E+01  0.46107E+01
  0.98113E+00  0.36320E+00  0.46425E+01  0.12838E+02  0.18171E+02  0.23133E+02
  0.25096E+02  0.22538E+02  0.20777E+02  0.17500E+02  0.14456E+02  0.10928E+02
  0.10468E+02  0.10791E+02  0.43413E+01 -0.44498E+01 -0.10108E+02 -0.15426E+02
 -0.16128E+02 -0.13728E+02 -0.11099E+02 -0.91959E+01 -0.73079E+01 -0.79013E+01
 -0.10581E+02 -0.12231E+02 -0.13073E+02 -0.12674E+02 -0.13048E+02 -0.11649E+02
 -0.71673E+01 -0.34058E+01 -0.13161E+01  0.83067E-01 -0.15515E+01 -0.32508E+01
 -0.34714E+01 -0.44665E+01 -0.20092E+01  0.11117E+01  0.42065E+01  0.64491E+01
  0.58376E+01  0.72442E+01  0.10531E+02  0.12871E+02  0.12862E+02  0.12778E+02
  0.12971E+02  0.13223E+02  0.10781E+02  0.73607E+01  0.27689E+01 -0.26545E+01
 -0.55619E+01 -0.44952E+01 -0.19252E+01 -0.18248E+00  0.22316E+01  0.14207E+01
 -0.14690E+01 -0.62584E+01 -0.78576E+01 -0.67915E+01 -0.49880E+01 -0.31884E+01
 -0.35396E+01 -0.30350E+01 -0.26696E+01  0.39184E+00  0.48188E+01  0.74960E+01
  0.60644E+01  0.16315E+01 -0.17829E+01 -0.33329E+01 -0.46846E+01 -0.63840E+01
 -0.10276E+02 -0.12940E+02 -0.12535E+02 -0.13226E+02 -0.13467E+02 -0.11097E+02
 -0.91470E+01 -0.46270E+01 -0.11555E+01  0.27515E+01  0.76666E+01  0.64608E+01
  0.47851E+01  0.29112E+01  0.10249E+01  0.12325E+01  0.31242E+01  0.65791E+01
  0.10526E+02  0.14397E+02  0.15472E+02  0.14259E+02  0.12444E+02  0.11426E+02
  0.10821E+02  0.11092E+02  0.12672E+02  0.16024E+02  0.15818E+02  0.11760E+02
  0.82432E+01  0.62715E+01  0.61047E+01  0.15447E+01 -0.21107E+01 -0.46007E+01
 -0.63140E+01 -0.86549E+01 -0.98237E+01 -0.94553E+01 -0.11475E+02 -0.10636E+02
 -0.76391E+01 -0.44939E+01 -0.19304E+01 -0.83698E+00  0.47619E+00  0.24718E+01
  0.47752E+01  0.36253E+01  0.22708E+01  0.13217E+01 -0.25498E+01 -0.65154E+01
 -0.86827E+01 -0.56744E+01 -0.22628E+01  0.13992E+00 -0.22496E-01 -0.17000E+01
 -0.22771E+01 -0.34715E+01 -0.45455E+01 -0.45509E+01 -0.41997E+01 -0.36134E+01
 -0.34523E+01 -0.38502E+01 -0.45212E+01 -0.39065E+01 -0.47632E+01 -0.51811E+01
 -0.52764E+01 -0.49322E+01 -0.36555E+01 -0.30837E+01 -0.32520E+01 -0.64639E+01
 -0.77656E+01 -0.11096E+02 -0.11038E+02 -0.12081E+02 -0.12585E+02 -0.14022E+02
 -0.15365E+02 -0.12351E+02 -0.11142E+02 -0.77471E+01 -0.56341E+01 -0.39955E+01
 -0.21188E+01  0.23928E+01  0.73597E+01  0.89286E+01  0.91347E+01  0.80886E+01
  0.71087E+01  0.57867E+01  0.45353E+01  0.47999E+01  0.55670E+01  0.46788E+01
  0.53032E+01  0.53154E+01  0.20588E+01  0.11479E+00 -0.58712E+00 -0.35770E-01
  0.17947E+01  0.31271E+01  0.54560E+01  0.55097E+01  0.56887E+01  0.49011E+01
  0.33384E+01  0.19531E+01 -0.21965E+01 -0.51944E+01 -0.68369E+01 -0.80680E+01
 -0.73854E+01 -0.56822E+01 -0.51584E+01 -0.42480E+01 -0.49734E+01 -0.72230E+01
 -0.54082E+01 -0.37743E+00  0.22029E+01  0.42773E+01  0.67029E+01  0.80262E+01
  0.91492E+01  0.79044E+01  0.64795E+01  0.93296E+01  0.10960E+02  0.10294E+02
  0.10038E+02  0.89459E+01  0.91672E+01  0.94894E+01  0.89899E+01  0.66994E+01
  0.45976E+01  0.35317E+01  0.19167E+01  0.95705E+00  0.10683E+01  0.66615E+00
 -0.63240E+00  0.10790E+01  0.32631E+01  0.27740E+01 -0.66894E+00 -0.34104E+01
 -0.50672E+01 -0.55913E+01 -0.47962E+01 -0.34355E+01 -0.37911E+01 -0.80472E+01
 -0.10964E+02 -0.12308E+02 -0.11428E+02 -0.94799E+01 -0.84221E+01 -0.51228E+01
 -0.28543E+01 -0.22568E+01 -0.18956E+01  0.87777E+00  0.49385E+01  0.78667E+01
  0.11038E+02  0.14003E+02  0.14652E+02  0.14439E+02  0.11943E+02  0.82784E+01
  0.46496E+01  0.12917E+01 -0.12578E+01 -0.37467E+01 -0.35729E+01 -0.29226E+01
 -0.15845E+01 -0.21583E+00  0.71242E+00  0.25722E+01  0.49476E+00  0.94816E+00
  0.12902E+01  0.38800E+00  0.22791E+01  0.43939E+01  0.55904E+01  0.45326E+01
  0.39804E+01  0.16678E+01 -0.95316E+00 -0.14467E+01 -0.84633E+00 -0.32755E+01
 -0.59379E+01 -0.66191E+01 -0.68393E+01 -0.63333E+01 -0.84177E+01 -0.10276E+02
 -0.92719E+01 -0.10330E+02 -0.91590E+01 -0.63448E+01 -0.43483E+01 -0.16440E+01
 -0.57317E+00  0.12410E+01  0.25963E+01  0.42753E+01  0.52187E+01  0.62095E+01
  0.73253E+01  0.79847E+01  0.70880E+01  0.74832E+01  0.70403E+01  0.43823E+01
  0.14277E+01 -0.18588E+01 -0.29985E+01 -0.48127E+01 -0.69144E+01 -0.92277E+01
 -0.95330E+01 -0.63070E+01 -0.33716E+01 -0.90211E+00  0.11744E+01  0.37436E+01
  0.33509E+01  0.25513E+01  0.14250E+01 -0.15872E+01 -0.45610E+01 -0.66282E+01
 -0.53862E+01 -0.34684E+01  0.48861E+00  0.14678E+01  0.88101E+00  0.14516E+01
  0.38083E+00 -0.21792E+01 -0.53649E+01 -0.71401E+01 -0.66217E+01 -0.50216E+01
 -0.48372E+01 -0.19478E+01  0.24529E+01  0.13403E+01 -0.46149E+00 -0.11005E+00
  0.93493E+00  0.19343E+01  0.21013E+01  0.31787E+01  0.30370E+01  0.50498E+01
  0.56496E+01  0.78992E+01  0.10147E+02  0.76457E+01  0.34660E+01 -0.26515E+00
 -0.37418E+01 -0.47554E+01 -0.53403E+01 -0.41034E+01  0.50577E+00  0.20696E+01
  0.20910E+01  0.31080E+00 -0.20561E+00  0.18207E+01  0.36139E+01  0.53258E+01
  0.68467E+01  0.69716E+01  0.53456E+01  0.53469E+01  0.50973E+01  0.24876E+01
 -0.16509E+01 -0.38297E+01 -0.45597E+01 -0.35591E+01 -0.13469E+01  0.12002E+01
  0.41006E+01  0.55398E+01  0.10560E+02  0.13530E+02  0.11943E+02  0.10094E+02
  0.75178E+01  0.58716E+01  0.40121E+01  0.16870E+01  0.12284E+01  0.58054E+00
 -0.38925E+00 -0.12580E+01 -0.11912E+01 -0.35987E+00 -0.10244E+01 -0.26086E+01
 -0.31858E+01 -0.43763E+01 -0.56502E+01 -0.52092E+01 -0.49268E+01 -0.66345E+01
 -0.63641E+01 -0.39250E+01 -0.34384E+01 -0.37978E+01 -0.66621E+01 -0.82804E+01
 -0.76895E+01 -0.76355E+01 -0.65749E+01 -0.80887E+01 -0.89468E+01 -0.89969E+01
 -0.91251E+01 -0.90251E+01 -0.79480E+01 -0.77453E+01 -0.69889E+01 -0.49430E+01
 -0.52208E+01 -0.59251E+01 -0.62851E+01 -0.30448E+01 -0.11122E+01 -0.46977E+00
 -0.99441E+00  0.14443E+01  0.44768E+01  0.43912E+01  0.48481E+01  0.46716E+01
  0.68502E+01  0.77714E+01  0.59935E+01  0.32130E+01  0.11817E+01  0.13918E+01
  0.37324E+01  0.25379E+01 -0.18295E+01 -0.60927E+01 -0.68038E+01 -0.37410E+01
 -0.14686E+00  0.27563E+01  0.33416E+01  0.26051E+01  0.20455E+01  0.16042E+01
  0.14002E+01  0.14222E+01  0.32026E+01  0.44787E+01  0.51664E+01  0.73898E+01
  0.40791E+01  0.27690E+01  0.35463E+01  0.35748E+01  0.40176E+01  0.34345E+01
  0.17048E+01  0.22608E-01  0.10628E+00 -0.53767E-01 -0.84451E+00 -0.51811E+00
 -0.87293E+00  0.58267E+00  0.21148E+01  0.17362E+01 -0.31872E+00 -0.18138E+01
 -0.20611E+01 -0.35839E+01 -0.26932E+01 -0.34872E+01 -0.33499E+01 -0.20737E+01
 -0.12169E+01 -0.18092E+01 -0.17922E+01 -0.19006E+01 -0.18989E+01 -0.15343E+01
 -0.19954E+01 -0.10968E+01 -0.80925E+00 -0.25357E+01 -0.40865E+01 -0.26707E+01
  0.84421E+00  0.31282E+01  0.26029E+01  0.12464E+01  0.10108E+01  0.22146E+01
  0.31222E+01  0.34479E+01  0.15195E+01  0.15511E+01  0.29626E+01  0.45337E+01
  0.59694E+01  0.54096E+01  0.34515E+01  0.22255E+01  0.70885E-01 -0.23134E+01
 -0.36072E+01 -0.59003E+01 -0.48120E+01 -0.25744E+01 -0.23021E+01 -0.27236E+01
 -0.34517E+01 -0.41102E+01 -0.18547E+01 -0.23766E+00  0.14099E+01  0.30689E+01
  0.44514E+01  0.41008E+01  0.19968E+01  0.42293E+01  0.51326E+01  0.62667E+01
  0.70935E+01  0.62993E+01  0.60518E+01  0.25422E+01  0.15199E+01  0.93972E+00
  0.11529E+01  0.75714E+00 -0.16514E+01 -0.20176E+01 -0.20941E+01 -0.10116E+01
  0.85239E+00  0.33637E+01  0.59275E+01  0.58443E+01  0.46725E+01  0.36797E+01
  0.27513E+01  0.65369E+00 -0.13775E+01 -0.24496E+01 -0.31063E+01 -0.23255E+01
 -0.22956E+01 -0.20963E+01 -0.71944E+00  0.10746E+01  0.15380E+01  0.21969E+01
  0.13004E+01 -0.27828E+01 -0.46904E+01 -0.78956E+01 -0.78193E+01 -0.56060E+01
 -0.47549E+01 -0.38166E+01 -0.41439E+01 -0.23657E+01 -0.14139E+01 -0.26126E+00
 -0.11062E+01 -0.10648E+01 -0.97304E+00 -0.23255E+01 -0.14327E+01 -0.21727E+01
 -0.18154E+01 -0.17519E+01 -0.89571E+00  0.39360E+00  0.21136E+00 -0.11207E+01
 -0.39986E+01 -0.35566E+01 -0.35326E+01 -0.29264E+01 -0.17263E+01 -0.58425E-01
  0.13557E+01  0.13735E+01  0.37771E+01  0.42246E+01  0.36878E+01  0.43393E+01
  0.53892E+01  0.70207E+01  0.54894E+01  0.41981E+01  0.34144E+01  0.21225E+01
 -0.57197E-01 -0.17510E+01 -0.12030E+01 -0.19274E+01 -0.28005E+00  0.13625E+01
  0.22861E+01  0.28360E+01  0.33632E+01  0.37587E+01  0.29324E+01  0.34777E+00
 -0.19218E+01 -0.36336E+00  0.10813E+01 -0.68625E+00 -0.45897E+00  0.13159E+01
  0.18700E+01  0.62340E+00 -0.15346E+01 -0.23658E+01 -0.32119E+01 -0.51642E+01
 -0.64653E+01 -0.45950E+01 -0.44349E+01 -0.42205E+01 -0.18238E+01 -0.14840E+01
 -0.14111E+01 -0.26082E+01 -0.15157E+01  0.55540E+00  0.82313E+00  0.10940E+01
 -0.93305E+00  0.99622E+00  0.48597E+00  0.40047E+00  0.14587E+01  0.70835E+00
  0.15261E+01  0.20489E+00  0.79116E+00  0.11292E+01  0.69703E+00 -0.45404E+00
 -0.10413E+01 -0.48708E+00  0.12674E+00  0.27692E+00  0.14014E+01  0.32302E+01
  0.35954E+01  0.39415E+01  0.31104E+01  0.42991E+01  0.52808E+01  0.42666E+01
  0.31674E+01  0.13173E+01  0.63308E+00 -0.64556E-01 -0.44394E+00 -0.30763E+01
 -0.37774E+01 -0.58080E+01 -0.64850E+01 -0.43778E+01 -0.24560E+01 -0.46695E+00
 -0.71628E+00  0.22787E+00 -0.72461E+00 -0.14177E+01 -0.17166E+01 -0.12532E+00
 -0.76590E+00 -0.97081E+00 -0.50139E+00 -0.18264E+01 -0.27341E+01 -0.25375E+01
 -0.18465E+01 -0.13662E+01 -0.11565E+01  0.77700E+00  0.77309E-01 -0.56692E+01
 -0.64923E+01 -0.63334E+01 -0.58710E+01 -0.25089E+01  0.13618E+01  0.12195E+01
  0.17299E+01  0.49859E+00 -0.13767E+01 -0.18607E+01 -0.26953E+01 -0.11490E+01
  0.20978E+00  0.14301E+01  0.24149E+01  0.17534E+01 -0.43861E-01 -0.35652E+00
  0.91019E+00  0.29637E+01  0.35825E+01  0.21722E+01  0.31693E+01  0.42806E+01
  0.22251E+01 -0.70096E+00 -0.21796E+01 -0.42496E+01 -0.41060E+01 -0.26609E+01
 -0.32113E+01 -0.25048E+01 -0.28568E+01 -0.30496E+01 -0.30649E+01 -0.28897E+01
 -0.27933E+01 -0.12360E+01  0.68432E+00  0.32419E+01  0.39585E+01  0.34005E+01
  0.22055E+01  0.46105E+00 -0.13915E+01 -0.26113E+01 -0.27455E+01 -0.86850E+00
  0.27396E+01  0.40057E+01  0.23031E+01  0.14225E+01  0.12718E+01  0.29820E+01
  0.59550E+01  0.70969E+01  0.80192E+01  0.78854E+01  0.64721E+01  0.30763E+01
  0.21348E+01 -0.70292E+00 -0.30421E+01 -0.19578E+01 -0.22020E+01 -0.87004E+00
 -0.70550E+00 -0.13919E+01 -0.17843E+01 -0.25572E+01 -0.36381E+01 -0.35196E+01
 -0.95930E+00  0.17710E+01  0.29888E+01  0.38076E+01  0.44559E+01  0.52891E+01
  0.50132E+01  0.34104E+01  0.26628E+01  0.11321E+01  0.12222E+00 -0.14732E+01
 -0.31656E+01 -0.27021E+01 -0.29225E+01 -0.49795E+01 -0.76694E+01 -0.57188E+01
 -0.18594E+01 -0.40070E+01 -0.32827E+01 -0.19039E+01 -0.12494E+01  0.28507E+00
  0.10427E+01  0.36232E+01  0.42989E+01  0.34400E+01  0.33763E+01  0.27318E+01
  0.56786E+00 -0.12006E+01 -0.13952E+01 -0.22926E+01 -0.15558E+01 -0.22963E+01
 -0.31495E+01 -0.39319E+01 -0.54814E+01 -0.62868E+01 -0.57320E+01 -0.52708E+01
 -0.58079E+01 -0.38233E+01 -0.39609E+01 -0.34324E+01 -0.27327E+01 -0.26200E+01
 -0.12837E+01 -0.58480E-01  0.33403E+00  0.79453E+00  0.49733E+00  0.77805E+00
  0.15266E+01  0.23880E+01  0.36980E+01  0.58905E+01  0.66251E+01  0.68719E+01
  0.75564E+01  0.78308E+01  0.77347E+01  0.68016E+01  0.44874E+01  0.27895E+01
  0.10256E+01 -0.48556E+00  0.12953E+01  0.33614E+01  0.63260E+01  0.78373E+01
  0.92485E+01  0.97972E+01  0.84568E+01  0.76595E+01  0.50973E+01  0.33977E+01
  0.24671E+01  0.91768E+00  0.41689E+00  0.39787E+00  0.16487E+01  0.34230E+01
  0.42236E+01  0.43910E+01  0.30870E+01  0.75964E+00 -0.32126E+00 -0.66313E+00
 -0.87780E+00 -0.12255E+01 -0.20669E+01 -0.27854E+01 -0.49790E+01 -0.54540E+01
 -0.59241E+01 -0.62259E+01 -0.57550E+01 -0.79263E+01 -0.81435E+01 -0.82125E+01
 -0.82044E+01 -0.95706E+01 -0.90122E+01 -0.77440E+01 -0.78253E+01 -0.72176E+01
 -0.63483E+01 -0.55480E+01 -0.32944E+01 -0.19592E+01 -0.52539E+01 -0.82114E+01
 -0.81476E+01 -0.49797E+01 -0.58918E+00  0.32061E+01  0.40002E+01  0.33596E+01
  0.44690E+01  0.63489E+01  0.36188E+01  0.19514E+01  0.15024E+01  0.43453E+00
  0.48269E+00  0.13501E+01  0.43310E+00 -0.91084E+00 -0.20814E+00  0.39216E+00
  0.11602E+01  0.17210E+01  0.11627E+01  0.61323E+00  0.53930E+00 -0.68420E+00
  0.67471E+00  0.11186E+01  0.14998E+01  0.24415E+01  0.44312E+01  0.55003E+01
  0.33920E+01  0.37945E+01  0.50799E+01  0.82339E+01  0.85539E+01  0.71176E+01
  0.74824E+01  0.62121E+01  0.54044E+01  0.38277E+01  0.90312E+00 -0.24294E+01
 -0.31841E+01 -0.24305E+01 -0.24161E+01 -0.12038E+01  0.45210E+00  0.42602E-01
  0.45346E+00  0.22460E+01  0.16144E+01  0.33878E+01  0.49464E+01  0.51105E+01
  0.57298E+01  0.67863E+01  0.59801E+01  0.20244E+01 -0.68676E+00 -0.31899E+01
 -0.32219E+01 -0.11877E+01  0.11137E+01  0.18714E+01  0.23128E+01  0.23800E+01
  0.36557E+00 -0.41968E+00 -0.24643E+01 -0.32284E+01 -0.94929E+00 -0.97423E+00
 -0.14454E+01 -0.21953E+01 -0.21215E+01 -0.32740E+01 -0.46635E+01 -0.43308E+01
 -0.31685E+01 -0.25114E+01 -0.26782E+01 -0.10058E+01 -0.24555E-01  0.53877E+00
 -0.16746E+01 -0.60542E+01 -0.75303E+01 -0.79079E+01 -0.79834E+01 -0.65146E+01
 -0.66790E+01 -0.66980E+01 -0.71189E+01 -0.47221E+01 -0.37133E+01 -0.47041E+01
 -0.35953E+01 -0.18561E+01  0.58646E+00  0.31025E+01  0.34023E+01  0.31512E+01
  0.77922E+00 -0.48327E+00 -0.98409E+00 -0.11175E+01 -0.18440E+01 -0.23053E+01
  0.19591E+01  0.32945E+01  0.30289E+01  0.65105E+00 -0.94637E+00 -0.13011E+01
 -0.29148E+01 -0.44899E+01 -0.49092E+01 -0.44598E+01 -0.13456E+01  0.12572E+01
  0.26514E+01  0.45621E+00  0.11182E+01  0.96558E+00 -0.16085E+01  0.43315E+00
  0.41427E+01  0.49595E+01  0.49724E+01  0.39744E+01  0.19736E+01  0.30392E+01
  0.23938E+01  0.79748E+00  0.45156E+00  0.18135E+01  0.25601E+01  0.27214E+01
  0.12469E+01  0.96483E+00  0.13388E+01  0.78588E+00  0.21107E+01  0.31127E+01
  0.27637E+01  0.80988E+00 -0.14234E+01 -0.11713E+01  0.14297E+01  0.26471E+01
  0.18002E+01  0.22802E+00 -0.21592E+01 -0.16840E+01 -0.10391E+01 -0.38198E+01
 -0.24333E+01 -0.17078E+01 -0.14756E+01  0.95212E+00  0.14226E+01  0.20893E+01
  0.21871E+01  0.19872E+01  0.21765E+01  0.33838E+01  0.71097E+00  0.62029E+00
  0.33124E+00 -0.45191E+00 -0.43983E+00 -0.51315E+00 -0.12358E+01 -0.22614E+01
 -0.27411E+01 -0.42366E+01 -0.26431E+01 -0.30671E+01 -0.28613E+01 -0.76678E+00
 -0.29206E+00 -0.54996E+00 -0.15315E+01 -0.15550E+01 -0.35875E+00 -0.23826E+01
 -0.14144E+01  0.45464E+00  0.17286E+01 -0.46202E+00 -0.18049E+01 -0.36417E+01
 -0.19372E+01  0.23928E+01  0.42119E+01  0.64226E+01  0.24969E+01 -0.22571E+01
 -0.41386E+01 -0.36556E+01 -0.24228E+01  0.33432E+00  0.10520E+01  0.13325E+01
 -0.69395E-01 -0.22808E+01 -0.13423E+01 -0.31664E+00 -0.81058E+00 -0.56671E+00
 -0.24305E+01 -0.61788E+00  0.46689E+00  0.13478E+01  0.18700E+01 -0.13635E+01
 -0.90774E+00 -0.85549E+00  0.41819E+00  0.28739E+00  0.48378E+00 -0.13448E+01
 -0.65281E+01 -0.54453E+01 -0.25364E+01  0.14981E-01  0.27865E+01  0.34483E+01
  0.52703E+01  0.58143E+01  0.50999E+01  0.49844E+01  0.49844E+01  0.54409E+01
  0.46891E+01  0.22591E+01  0.24220E+01 -0.17302E+00 -0.21645E+01 -0.15922E+01
  0.57804E+00  0.13308E+01  0.94897E-01 -0.38552E+00 -0.31045E+01 -0.28137E+01
 -0.24737E+01 -0.15854E+01  0.34704E+00  0.70814E+00 -0.90331E+00 -0.20731E+01
 -0.29050E+01 -0.51266E+01 -0.72702E+01 -0.10205E+02 -0.38923E+01  0.79525E+01
  0.16879E+02  0.21168E+02  0.17393E+02  0.11516E+02  0.77207E+01  0.42529E+01
 -0.11942E+01 -0.48848E+01 -0.84625E+01 -0.10735E+02 -0.96637E+01 -0.64597E+01
 -0.82697E-01  0.37253E+01  0.73257E+01  0.74638E+01  0.57054E+01  0.39316E+01
  0.19428E+01 -0.12434E+00 -0.36227E+01 -0.48696E+01 -0.36251E+01 -0.14404E+01
  0.22181E+01  0.80787E+01  0.11840E+02  0.13390E+02  0.12953E+02  0.10351E+02
  0.27706E+01 -0.59560E+01 -0.98802E+01 -0.11313E+02 -0.12038E+02 -0.10076E+02
 -0.64889E+01 -0.33561E+01 -0.41739E+00  0.23343E+01  0.45113E+01  0.45807E+01
  0.19214E+01 -0.31513E+01 -0.72024E+01 -0.58781E+01 -0.39842E+01 -0.21201E+01
 -0.18199E+00  0.19161E+01  0.19064E+01 -0.25041E+01 -0.64370E+01 -0.60677E+01
 -0.49948E+01 -0.21954E+01 -0.76325E+00 -0.10426E+01 -0.11961E+01 -0.10855E+01
 -0.70430E+00 -0.73727E+00 -0.20848E-01 -0.68762E+00 -0.10759E+01 -0.31826E+01
 -0.39279E+01 -0.38627E+01 -0.49836E+01 -0.54966E+01 -0.28627E+01  0.19224E+00
  0.58624E+00  0.28472E+01  0.21733E+01  0.17670E+01  0.11352E+01  0.12180E+01
  0.21515E+01  0.18686E+01  0.31277E+01  0.88028E+00 -0.46920E-01 -0.18239E+01
 -0.88441E+00  0.30791E+01  0.39862E+01  0.37766E+01  0.25717E+01  0.17783E+01
  0.11684E+01  0.30826E+00  0.20918E-01 -0.24865E+01 -0.39684E+01 -0.10620E+01
  0.82075E+00  0.12811E+01  0.41886E+00 -0.28647E-01 -0.59141E+00 -0.20893E+01
 -0.18644E+01 -0.10812E+01 -0.41728E+00 -0.51597E+00 -0.13473E+01 -0.25308E+01
 -0.20872E+01 -0.39456E+01 -0.41770E+01 -0.40567E+01 -0.16922E+01  0.99811E+00
  0.30400E+01  0.51549E+01  0.63327E+01  0.61045E+01  0.58986E+01  0.48420E+01
  0.36045E+01  0.14156E+01 -0.35139E+01 -0.34776E+01 -0.31091E+01 -0.34995E+01
 -0.33461E+01 -0.30236E+01 -0.10661E+01 -0.17758E+00  0.18356E+01  0.49467E+01
  0.52021E+01  0.46285E+01  0.28511E+01  0.31874E+01  0.18275E+01  0.18998E+00
 -0.20651E+00 -0.12355E+01  0.91189E+00  0.17520E-01  0.17805E+01  0.32028E+01
  0.11329E+01  0.13296E+01  0.18464E+01  0.86544E+00  0.15452E+00 -0.36051E+00
  0.13204E+01  0.28450E+01  0.14029E+01  0.16468E+01  0.21244E+01  0.42892E+01
  0.42074E+01  0.40110E+01  0.37046E+01  0.36597E+01  0.34471E+01  0.20833E+01
  0.20886E+01  0.21855E+01  0.17437E+01  0.28752E+01  0.17583E+01  0.16194E+00
 -0.10705E+01 -0.90611E+00  0.11653E+01  0.12946E+01  0.16836E+01  0.85094E+00
  0.14798E+01  0.10685E+01 -0.28515E+00 -0.14108E+01 -0.74397E+00 -0.16325E+01
 -0.32770E+01 -0.30339E+01 -0.21984E+01 -0.17897E+01 -0.17094E+01 -0.15855E+01
 -0.25253E+01 -0.34090E+01 -0.29299E+01 -0.28798E+01 -0.38167E+01 -0.52329E+01
 -0.57498E+01 -0.40314E+01 -0.28429E+01 -0.34444E+01 -0.24521E+01 -0.11323E+01
 -0.16652E-01  0.55941E+00 -0.16207E+01 -0.33109E+01 -0.45803E+01 -0.35777E+01
 -0.26036E+01 -0.87410E+00 -0.10940E+01 -0.23634E+01 -0.29014E+01 -0.36222E+01
 -0.44108E+01 -0.55893E+01 -0.38930E+01 -0.19521E+01 -0.14617E+01 -0.16839E+00
  0.88806E+00  0.11397E+01  0.11767E+01  0.60208E+00  0.27920E+01  0.58037E+01
  0.52552E+01  0.24391E+01  0.15539E+01  0.99775E+00  0.70519E-02 -0.11158E+01
 -0.19022E+01 -0.18308E+01 -0.11804E+01 -0.90857E+00 -0.19290E+01 -0.24992E+01
 -0.17247E+01 -0.11903E+01 -0.79795E+00 -0.53223E+00  0.77719E+00  0.18875E+01
  0.12839E+01  0.22358E+01  0.19718E+01  0.25881E+01  0.18904E+01  0.25414E+01
  0.35639E+01  0.82620E+00 -0.66972E+00 -0.22301E+00 -0.63326E+00 -0.16186E+01
 -0.14591E+01 -0.12208E+01 -0.62879E-01 -0.12593E+01 -0.17864E+01 -0.22677E+01
 -0.23910E+01 -0.18486E+01  0.17440E+01  0.27874E+01  0.28482E+01  0.29405E+01
  0.27708E+01  0.35155E+01  0.24682E+01  0.91481E+00 -0.67330E+00 -0.12664E+01
 -0.12812E+01 -0.41881E+00 -0.59974E+00  0.56218E+00 -0.54353E+00  0.43191E+00
  0.27169E+01  0.20575E+01  0.28965E+01  0.26512E+01  0.13717E+01  0.13182E+00
 -0.69747E+00  0.84564E+00  0.12667E+01  0.77140E+00  0.17511E+01  0.89934E+00
  0.97334E+00  0.21552E+01  0.18259E+01  0.21230E+01  0.14882E+01  0.27700E+01
  0.20358E+01 -0.19684E+00 -0.35306E+00 -0.11835E+01 -0.42850E+00 -0.35469E+00
 -0.21706E+01 -0.45851E+01 -0.57554E+01 -0.52716E+01 -0.19263E+01 -0.22135E+00
 -0.30675E+00  0.17575E+01  0.26088E+01  0.30706E+01  0.37412E+01  0.39327E+01
  0.24044E+01  0.23271E+01  0.12754E+01  0.79173E+00  0.75140E+00 -0.12500E+01
 -0.55838E+00  0.22805E+00  0.10161E+01 -0.62347E+00 -0.42394E+01 -0.41167E+01
 -0.36012E+01 -0.15597E+01  0.10533E+01  0.14068E+01  0.87196E+00  0.18001E+00
  0.53551E+00  0.18414E+00 -0.50188E-01 -0.50037E+00 -0.16223E+00  0.21422E+00
  0.12992E+01  0.23940E+01 -0.63312E+00 -0.91555E+00 -0.87282E+00 -0.22457E+00
 -0.27679E+00 -0.44423E-01 -0.29833E+00 -0.18846E+01 -0.17214E+00  0.82139E+00
  0.30259E+01  0.36619E+01  0.22875E+01  0.81007E+00 -0.17516E+01 -0.22864E+01
 -0.19064E+01 -0.25680E+01 -0.16956E+01 -0.25319E+01 -0.22307E+01 -0.16030E+01
 -0.20618E+01 -0.20751E+01 -0.25214E+01 -0.51798E+01 -0.38739E+01 -0.14798E+01
 -0.18643E+01 -0.19670E+01 -0.12199E+01 -0.16718E+01 -0.22059E+01 -0.23415E+01
 -0.34595E+01 -0.33582E+01 -0.38164E+01 -0.39851E+01 -0.51139E+01 -0.49349E+01
 -0.37362E+01 -0.30845E+01 -0.25179E+01 -0.24424E+01 -0.23336E+01 -0.21084E+01
 -0.19846E+01 -0.88068E+00 -0.11997E+01 -0.13763E+01 -0.11367E+01 -0.29834E+01
 -0.13325E+01  0.65376E+01  0.93663E+01  0.84989E+01  0.67663E+01  0.33770E+01
  0.14361E+01 -0.98131E+00  0.21846E+01  0.56141E+01  0.40566E+01  0.72474E+00
 -0.63354E+00 -0.40526E+00  0.21202E+01  0.20526E+01  0.21526E+01  0.28539E+01
  0.25428E+01  0.13497E+01 -0.13785E+01 -0.32603E+01 -0.37009E+01 -0.18875E+01
  0.33132E+00  0.34999E+01  0.34818E+01  0.38716E+01  0.42376E+01  0.54224E+01
  0.46580E+01  0.43599E+01  0.37657E+01  0.81720E+00  0.42952E+00 -0.40686E+00
  0.75383E+00  0.23969E+01  0.43985E+01  0.59028E+01  0.62554E+01  0.52454E+01
  0.36559E+01  0.39819E+01  0.27234E+01  0.13459E+01 -0.15086E+00 -0.51143E+00
  0.21114E+00  0.18113E+01  0.19553E+01  0.13263E+01  0.13419E+01  0.21444E+01
  0.32513E+01  0.17684E+01  0.28693E+01  0.36370E+01  0.38626E+01  0.45175E+01
  0.32583E+01  0.23391E+01  0.98410E+00  0.74203E+00 -0.23981E+00 -0.16253E+01
  0.11574E+01  0.30278E+01  0.25897E+01  0.14454E+01 -0.11755E+01 -0.27939E+01
 -0.84632E+00  0.75446E+00  0.86447E+00  0.72610E+00  0.83027E+00 -0.10293E+00
 -0.25776E+01 -0.40380E+01 -0.33914E+01 -0.34906E+01 -0.37047E+01 -0.41475E+01
 -0.44015E+01 -0.44969E+01 -0.47725E+01 -0.49110E+01 -0.50845E+01 -0.35252E+01
 -0.38438E+01 -0.40509E+01 -0.36447E+01 -0.25280E+01 -0.29462E+01 -0.20610E+01
 -0.16532E+01 -0.26175E+01 -0.27292E+01 -0.53243E+01 -0.51527E+01 -0.31035E+01
 -0.20575E+01 -0.97715E+00 -0.59651E+00 -0.75178E-01  0.82407E+00 -0.66471E+00
 -0.10361E+01 -0.80359E+00 -0.13944E+01 -0.37984E+00 -0.81536E+00 -0.13157E+01
 -0.33420E+00  0.10955E+00  0.70454E+00  0.12078E+01  0.49415E-01 -0.53800E+00
 -0.14465E+01 -0.24962E+01 -0.18312E+01 -0.54285E+00 -0.88148E+00 -0.37332E-01
 -0.72940E+00 -0.21337E+01 -0.25318E+01 -0.25170E+01 -0.21595E+01 -0.20486E+01
 -0.20023E+01 -0.31050E+01 -0.23694E+01 -0.29862E+01 -0.15464E+01  0.32549E+00
  0.21289E+01  0.40525E+01  0.30748E+01  0.28702E+01  0.30249E+01  0.38291E+01
  0.32266E+01  0.27479E+01  0.31756E+01  0.10778E+01  0.16701E+00 -0.48906E+00
 -0.64684E+00  0.13095E+01  0.31476E+01  0.35923E+01  0.44741E+01  0.44491E+01
