Box 1
0.000000 0.000000 0.086000
0.110000 0.000000 0.086000
0.110000 0.950000 0.086000
0.000000 0.950000 0.086000
0.110000 0.000000 0.000000
0.110000 0.950000 0.000000
0.000000 0.000000 0.000000
0.000000 0.950000 0.000000
bc: fixed
No load applied

Box 2
0.000000 0.000000 0.172000
0.110000 0.000000 0.172000
0.110000 0.950000 0.172000
0.000000 0.950000 0.172000
0.110000 0.000000 0.086000
0.110000 0.950000 0.086000
0.000000 0.000000 0.086000
0.000000 0.950000 0.086000
No bc applied
No load applied

Box 3
0.000000 0.000000 0.258000
0.110000 0.000000 0.258000
0.110000 0.950000 0.258000
0.000000 0.950000 0.258000
0.110000 0.000000 0.172000
0.110000 0.950000 0.172000
0.000000 0.000000 0.172000
0.000000 0.950000 0.172000
No bc applied
No load applied

Box 4
0.000000 0.000000 0.344000
0.110000 0.000000 0.344000
0.110000 0.950000 0.344000
0.000000 0.950000 0.344000
0.110000 0.000000 0.258000
0.110000 0.950000 0.258000
0.000000 0.000000 0.258000
0.000000 0.950000 0.258000
No bc applied
No load applied

Box 5
0.000000 0.000000 0.430000
0.110000 0.000000 0.430000
0.110000 0.950000 0.430000
0.000000 0.950000 0.430000
0.110000 0.000000 0.344000
0.110000 0.950000 0.344000
0.000000 0.000000 0.344000
0.000000 0.950000 0.344000
No bc applied
No load applied

Box 6
0.000000 0.000000 0.516000
0.110000 0.000000 0.516000
0.110000 0.950000 0.516000
0.000000 0.950000 0.516000
0.110000 0.000000 0.430000
0.110000 0.950000 0.430000
0.000000 0.000000 0.430000
0.000000 0.950000 0.430000
No bc applied
No load applied

Box 7
0.000000 0.000000 0.602000
0.110000 0.000000 0.602000
0.110000 0.950000 0.602000
0.000000 0.950000 0.602000
0.110000 0.000000 0.516000
0.110000 0.950000 0.516000
0.000000 0.000000 0.516000
0.000000 0.950000 0.516000
No bc applied
No load applied

Box 8
0.000000 0.000000 0.688000
0.110000 0.000000 0.688000
0.110000 0.950000 0.688000
0.000000 0.950000 0.688000
0.110000 0.000000 0.602000
0.110000 0.950000 0.602000
0.000000 0.000000 0.602000
0.000000 0.950000 0.602000
No bc applied
No load applied

Box 9
0.000000 0.000000 0.774000
0.110000 0.000000 0.774000
0.110000 0.950000 0.774000
0.000000 0.950000 0.774000
0.110000 0.000000 0.688000
0.110000 0.950000 0.688000
0.000000 0.000000 0.688000
0.000000 0.950000 0.688000
No bc applied
No load applied

Box 10
0.000000 0.000000 0.860000
0.110000 0.000000 0.860000
0.110000 0.950000 0.860000
0.000000 0.950000 0.860000
0.110000 0.000000 0.774000
0.110000 0.950000 0.774000
0.000000 0.000000 0.774000
0.000000 0.950000 0.774000
No bc applied
load: horizontalLive;100

Box 11
0.000000 0.000000 0.946000
0.110000 0.000000 0.946000
0.110000 0.950000 0.946000
0.000000 0.950000 0.946000
0.110000 0.000000 0.860000
0.110000 0.950000 0.860000
0.000000 0.000000 0.860000
0.000000 0.950000 0.860000
No bc applied
No load applied

Box 12
0.000000 0.000000 1.032000
0.110000 0.000000 1.032000
0.110000 0.950000 1.032000
0.000000 0.950000 1.032000
0.110000 0.000000 0.946000
0.110000 0.950000 0.946000
0.000000 0.000000 0.946000
0.000000 0.950000 0.946000
No bc applied
No load applied

Box 13
0.000000 0.000000 1.118000
0.110000 0.000000 1.118000
0.110000 0.950000 1.118000
0.000000 0.950000 1.118000
0.110000 0.000000 1.032000
0.110000 0.950000 1.032000
0.000000 0.000000 1.032000
0.000000 0.950000 1.032000
No bc applied
No load applied

Box 14
0.000000 0.000000 1.204000
0.110000 0.000000 1.204000
0.110000 0.950000 1.204000
0.000000 0.950000 1.204000
0.110000 0.000000 1.118000
0.110000 0.950000 1.118000
0.000000 0.000000 1.118000
0.000000 0.950000 1.118000
No bc applied
No load applied

Box 15
0.000000 0.000000 1.290000
0.110000 0.000000 1.290000
0.110000 0.950000 1.290000
0.000000 0.950000 1.290000
0.110000 0.000000 1.204000
0.110000 0.950000 1.204000
0.000000 0.000000 1.204000
0.000000 0.950000 1.204000
No bc applied
No load applied

Box 16
0.000000 0.000000 1.376000
0.110000 0.000000 1.376000
0.110000 0.950000 1.376000
0.000000 0.950000 1.376000
0.110000 0.000000 1.290000
0.110000 0.950000 1.290000
0.000000 0.000000 1.290000
0.000000 0.950000 1.290000
No bc applied
No load applied

Box 17
0.000000 0.000000 1.462000
0.110000 0.000000 1.462000
0.110000 0.950000 1.462000
0.000000 0.950000 1.462000
0.110000 0.000000 1.376000
0.110000 0.950000 1.376000
0.000000 0.000000 1.376000
0.000000 0.950000 1.376000
No bc applied
No load applied

Box 18
0.000000 0.000000 1.548000
0.110000 0.000000 1.548000
0.110000 0.950000 1.548000
0.000000 0.950000 1.548000
0.110000 0.000000 1.462000
0.110000 0.950000 1.462000
0.000000 0.000000 1.462000
0.000000 0.950000 1.462000
No bc applied
No load applied

Box 19
0.000000 0.000000 1.586000
0.110000 0.000000 1.586000
0.110000 0.980000 1.586000
0.000000 0.980000 1.586000
0.110000 0.000000 1.548000
0.110000 0.980000 1.548000
0.000000 0.000000 1.548000
0.000000 0.980000 1.548000
No bc applied
No load applied

Box 20
0.000000 0.000000 1.672000
0.110000 0.000000 1.672000
0.110000 0.950000 1.672000
0.000000 0.950000 1.672000
0.110000 0.000000 1.586000
0.110000 0.950000 1.586000
0.000000 0.000000 1.586000
0.000000 0.950000 1.586000
bc: slider_x
No load applied

