 2.00000000E-03  1.4000000E+00  1.8374804E+00  1.0564115E-08 -1.9741542E-09 -1.9604380E-05  1.0564115E-08 -1.9741542E-06 -1.9604380E-02  1.0564115E-05
 1.00020000E+01  1.4029787E+00  1.8355203E+00 -1.2620086E-03  2.9787189E-03 -1.9796920E-03 -1.2620086E-03  5.4557322E-04 -8.7010996E-05 -3.2370032E-04
 2.00020000E+01  1.4045590E+00  1.8354160E+00 -2.3904120E-03  4.5589832E-03 -2.0840419E-03 -2.3904120E-03  1.2330010E-04 -7.5325585E-06 -8.6514912E-05
 3.00020000E+01  1.4051901E+00  1.8353760E+00 -2.8313190E-03  5.1901383E-03 -2.1240012E-03 -2.8313190E-03  1.2961825E-04 -8.4331086E-06 -9.0497215E-05
 4.00020000E+01  1.4058553E+00  1.8353312E+00 -3.2914980E-03  5.8552662E-03 -2.1688174E-03 -3.2914980E-03  1.4690538E-04 -1.0590066E-05 -9.9009519E-05
 5.00020000E+01  1.4066890E+00  1.8352768E+00 -3.8690029E-03  6.6890454E-03 -2.2231633E-03 -3.8690029E-03  1.7901644E-04 -1.1539433E-05 -1.2653195E-04
 6.00020000E+01  1.4075684E+00  1.8352126E+00 -4.4562674E-03  7.5684061E-03 -2.2873516E-03 -4.4562674E-03  1.6206650E-04 -1.4615106E-05 -1.0270720E-04
 7.00020000E+01  1.4083739E+00  1.8351612E+00 -4.9845008E-03  8.3738841E-03 -2.3387978E-03 -4.9845008E-03  1.6561559E-04 -9.0106234E-06 -1.0920021E-04
 8.00020000E+01  1.4092004E+00  1.8351232E+00 -5.5234315E-03  9.2004074E-03 -2.3768011E-03 -5.5234315E-03  1.7128449E-04 -6.3451634E-06 -1.2024907E-04
 9.00020000E+01  1.4100566E+00  1.8350948E+00 -6.0754550E-03  1.0056649E-02 -2.4051509E-03 -6.0754550E-03  1.5683982E-04  2.3450471E-05 -3.9584795E-05
 1.00002000E+02  1.4109082E+00  1.8350689E+00 -6.6199186E-03  1.0908222E-02 -2.4310694E-03 -6.6199186E-03  1.6872528E-04 -4.2792180E-06 -1.1103044E-04
 1.10002000E+02  1.4117254E+00  1.8350463E+00 -7.1404086E-03  1.1725434E-02 -2.4536533E-03 -7.1404086E-03  1.5865292E-04 -5.6367138E-06 -1.0281975E-04
 1.20002000E+02  1.4125371E+00  1.8350371E+00 -7.6488408E-03  1.2537131E-02 -2.4629038E-03 -7.6488408E-03  1.7459095E-04 -7.8786749E-07 -1.1704580E-04
 1.30002000E+02  1.4134254E+00  1.8350374E+00 -8.2228772E-03  1.3425421E-02 -2.4626223E-03 -8.2228772E-03  1.8188407E-04 -1.6920187E-06 -1.2102288E-04
 1.40002000E+02  1.4143537E+00  1.8350386E+00 -8.8165814E-03  1.4353704E-02 -2.4613956E-03 -8.8165814E-03  1.8797515E-04 -1.6179277E-06 -1.2498056E-04
 1.50002000E+02  1.4153106E+00  1.8350439E+00 -9.4238078E-03  1.5310574E-02 -2.4561434E-03 -9.4238078E-03  1.9546640E-04 -1.4894546E-06 -1.3007176E-04
 1.60002000E+02  1.4162697E+00  1.8350502E+00 -1.0040309E-02  1.6269659E-02 -2.4497961E-03 -1.0040309E-02  1.9006557E-04 -1.7427182E-06 -1.2623631E-04
 1.70002000E+02  1.4172211E+00  1.8350699E+00 -1.0634366E-02  1.7221145E-02 -2.4300715E-03 -1.0634366E-02  1.9072219E-04  9.1857336E-06 -1.1386682E-04
 1.80002000E+02  1.4182185E+00  1.8351178E+00 -1.1230751E-02  1.8218540E-02 -2.3822380E-03 -1.1230751E-02  2.0641774E-04  9.8335192E-06 -1.2329471E-04
 1.90002000E+02  1.4192718E+00  1.8351672E+00 -1.1859327E-02  1.9271765E-02 -2.3328029E-03 -1.1859327E-02  2.1407208E-04  1.0022313E-05 -1.2784284E-04
 2.00002000E+02  1.4203530E+00  1.8352172E+00 -1.2504939E-02  2.0352963E-02 -2.2827784E-03 -1.2504939E-02  2.1759919E-04  1.0011195E-05 -1.2951440E-04
 2.10002000E+02  1.4214419E+00  1.8352506E+00 -1.3154170E-02  2.1441873E-02 -2.2493791E-03 -1.3154170E-02  2.1638338E-04  5.1779874E-06 -1.2895807E-04
 2.20002000E+02  1.4224917E+00  1.8353224E+00 -1.3741308E-02  2.2491657E-02 -2.1776151E-03 -1.3741308E-02  2.1208935E-04  1.8323910E-05 -1.1519059E-04
 2.30002000E+02  1.4235734E+00  1.8354155E+00 -1.4329195E-02  2.3573366E-02 -2.0845294E-03 -1.4329195E-02  2.1962221E-04  1.8826813E-05 -1.1941694E-04
 2.40002000E+02  1.4246800E+00  1.8355100E+00 -1.4931143E-02  2.4680023E-02 -1.9900261E-03 -1.4931143E-02  2.2245249E-04  1.8924632E-05 -1.2102970E-04
 2.50002000E+02  1.4257944E+00  1.8356044E+00 -1.5537485E-02  2.5794359E-02 -1.8955779E-03 -1.5537485E-02  2.2308167E-04  1.8838124E-05 -1.2139327E-04
 2.60002000E+02  1.4269097E+00  1.8356983E+00 -1.6144400E-02  2.6909653E-02 -1.8017421E-03 -1.6144400E-02  2.2296928E-04  1.8690872E-05 -1.2133513E-04
 2.70002000E+02  1.4280236E+00  1.8357913E+00 -1.6750597E-02  2.8023644E-02 -1.7087073E-03 -1.6750597E-02  2.2260417E-04  1.8522305E-05 -1.2113187E-04
 2.80002000E+02  1.4291356E+00  1.8358835E+00 -1.7355640E-02  2.9135554E-02 -1.6165282E-03 -1.7355640E-02  2.2215189E-04  1.8348867E-05 -1.2088087E-04
 2.90002000E+02  1.4302451E+00  1.8359748E+00 -1.7959361E-02  3.0245116E-02 -1.5252210E-03 -1.7959361E-02  2.2167010E-04  1.8173959E-05 -1.2060939E-04
 3.00002000E+02  1.4313522E+00  1.8360652E+00 -1.8561726E-02  3.1352240E-02 -1.4347883E-03 -1.8561726E-02  2.2117898E-04  1.7999252E-05 -1.2033644E-04
 3.10002000E+02  1.4324569E+00  1.8361548E+00 -1.9162723E-02  3.2456902E-02 -1.3452274E-03 -1.9162723E-02  2.2068574E-04  1.7825302E-05 -1.2006234E-04
 3.20002000E+02  1.4335591E+00  1.8362435E+00 -1.9762350E-02  3.3559097E-02 -1.2565339E-03 -1.9762350E-02  2.2019275E-04  1.7652293E-05 -1.1978844E-04
 3.30002000E+02  1.4346588E+00  1.8363313E+00 -2.0360609E-02  3.4658830E-02 -1.1687030E-03 -2.0360609E-02  2.1970083E-04  1.7480283E-05 -1.1951519E-04
 3.40002000E+02  1.4357561E+00  1.8364183E+00 -2.0957503E-02  3.5756107E-02 -1.0817296E-03 -2.0957503E-02  2.1921024E-04  1.7309287E-05 -1.1924275E-04
 3.50002000E+02  1.4368509E+00  1.8365044E+00 -2.1553037E-02  3.6850935E-02 -9.9560859E-04 -2.1553037E-02  2.1872108E-04  1.7139306E-05 -1.1897116E-04
 3.60002000E+02  1.4379433E+00  1.8365897E+00 -2.2147216E-02  3.7943320E-02 -9.1033498E-04 -2.2147216E-02  2.1823337E-04  1.6970337E-05 -1.1870044E-04
 3.70002000E+02  1.4390333E+00  1.8366741E+00 -2.2740043E-02  3.9033270E-02 -8.2590371E-04 -2.2740043E-02  2.1774711E-04  1.6802374E-05 -1.1843058E-04
 3.80002000E+02  1.4401208E+00  1.8367577E+00 -2.3331523E-02  4.0120793E-02 -7.4230975E-04 -2.3331523E-02  2.1726231E-04  1.6635410E-05 -1.1816160E-04
 3.90002000E+02  1.4412059E+00  1.8368405E+00 -2.3921660E-02  4.1205895E-02 -6.5954812E-04 -2.3921660E-02  2.1677894E-04  1.6469439E-05 -1.1789348E-04
 4.00002000E+02  1.4422886E+00  1.8369224E+00 -2.4510459E-02  4.2288584E-02 -5.7761387E-04 -2.4510459E-02  2.1629703E-04  1.6304456E-05 -1.1762622E-04
 4.10002000E+02  1.4433689E+00  1.8370035E+00 -2.5097923E-02  4.3368867E-02 -4.9650211E-04 -2.5097923E-02  2.1581643E-04  1.6140446E-05 -1.1735975E-04
 4.20002000E+02  1.4444468E+00  1.8370838E+00 -2.5684057E-02  4.4446751E-02 -4.1620794E-04 -2.5684057E-02  2.1533733E-04  1.5977417E-05 -1.1709418E-04
 4.30002000E+02  1.4455222E+00  1.8371633E+00 -2.6268865E-02  4.5522243E-02 -3.3672637E-04 -2.6268865E-02  2.1485985E-04  1.5815385E-05 -1.1682920E-04
 4.40002000E+02  1.4465954E+00  1.8372419E+00 -2.6852351E-02  4.6595351E-02 -2.5805267E-04 -2.6852351E-02  2.1438363E-04  1.5654290E-05 -1.1656534E-04
 4.50002000E+02  1.4476661E+00  1.8373198E+00 -2.7434519E-02  4.7666081E-02 -1.8018204E-04 -2.7434519E-02  2.1390881E-04  1.5494151E-05 -1.1630231E-04
 4.60002000E+02  1.4487344E+00  1.8373969E+00 -2.8015375E-02  4.8734441E-02 -1.0310973E-04 -2.8015375E-02  2.1343539E-04  1.5334964E-05 -1.1604012E-04
 4.70002000E+02  1.4498008E+00  1.8374732E+00 -2.8595116E-02  4.9800821E-02 -2.6801248E-05 -2.8595116E-02  2.1312323E-04  1.5188509E-05 -1.1586325E-04
 4.80002000E+02  1.4508655E+00  1.8375488E+00 -2.9173903E-02  5.0865477E-02  4.8761619E-05 -2.9173903E-02  2.1272670E-04  1.5035953E-05 -1.1564454E-04
 4.90002000E+02  1.4519280E+00  1.8376236E+00 -2.9751518E-02  5.1928012E-02  1.2355432E-04 -2.9751518E-02  2.1228312E-04  1.4881001E-05 -1.1539934E-04
 5.00002000E+02  1.4529883E+00  1.8376976E+00 -3.0327881E-02  5.2988282E-02  1.9757113E-04 -3.0327881E-02  2.1182358E-04  1.4725798E-05 -1.1514516E-04
 5.10002000E+02  1.4540462E+00  1.8377708E+00 -3.0902965E-02  5.4046240E-02  2.7081301E-04 -3.0902965E-02  2.1135919E-04  1.4571100E-05 -1.1488829E-04
 5.20002000E+02  1.4551019E+00  1.8378433E+00 -3.1476763E-02  5.5101872E-02  3.4328327E-04 -3.1476763E-02  2.1089392E-04  1.4417172E-05 -1.1463096E-04
 5.30002000E+02  1.4561552E+00  1.8379150E+00 -3.2049275E-02  5.6155179E-02  4.1498602E-04 -3.2049275E-02  2.1042920E-04  1.4264104E-05 -1.1437398E-04
 5.40002000E+02  1.4572062E+00  1.8379859E+00 -3.2620504E-02  5.7206165E-02  4.8592564E-04 -3.2620504E-02  2.0996556E-04  1.4111926E-05 -1.1411765E-04
 5.50002000E+02  1.4582548E+00  1.8380561E+00 -3.3190453E-02  5.8254836E-02  5.5610662E-04 -3.3190453E-02  2.0950316E-04  1.3960644E-05 -1.1386205E-04
 5.60002000E+02  1.4593012E+00  1.8381255E+00 -3.3759125E-02  5.9301199E-02  6.2553342E-04 -3.3759125E-02  2.0904207E-04  1.3810257E-05 -1.1360724E-04
 5.70002000E+02  1.4603453E+00  1.8381942E+00 -3.4326526E-02  6.0345259E-02  6.9421053E-04 -3.4326526E-02  2.0858230E-04  1.3660762E-05 -1.1335321E-04
 5.80002000E+02  1.4613870E+00  1.8382621E+00 -3.4892659E-02  6.1387023E-02  7.6214237E-04 -3.4892659E-02  2.0812387E-04  1.3512152E-05 -1.1309996E-04
 5.90002000E+02  1.4624265E+00  1.8383293E+00 -3.5457527E-02  6.2426499E-02  8.2933337E-04 -3.5457527E-02  2.0766677E-04  1.3364424E-05 -1.1284750E-04
 6.00002000E+02  1.4634637E+00  1.8383958E+00 -3.6021135E-02  6.3463693E-02  8.9578792E-04 -3.6021135E-02  2.0721098E-04  1.3217572E-05 -1.1259583E-04
 6.10002000E+02  1.4644986E+00  1.8384615E+00 -3.6583486E-02  6.4498611E-02  9.6151039E-04 -3.6583486E-02  2.0675652E-04  1.3071590E-05 -1.1234493E-04
 6.20002000E+02  1.4655313E+00  1.8385265E+00 -3.7144585E-02  6.5531260E-02  1.0265051E-03 -3.7144585E-02  2.0630327E-04  1.2926463E-05 -1.1209476E-04
 6.30002000E+02  1.4665616E+00  1.8385908E+00 -3.7704435E-02  6.6561646E-02  1.0907764E-03 -3.7704435E-02  2.0585148E-04  1.2782214E-05 -1.1184543E-04
 6.40002000E+02  1.4675898E+00  1.8386543E+00 -3.8263040E-02  6.7589776E-02  1.1543285E-03 -3.8263040E-02  2.0540095E-04  1.2638812E-05 -1.1159686E-04
 6.50002000E+02  1.4686157E+00  1.8387172E+00 -3.8820405E-02  6.8615657E-02  1.2171658E-03 -3.8820405E-02  2.0495171E-04  1.2496260E-05 -1.1134904E-04
 6.60002000E+02  1.4696393E+00  1.8387793E+00 -3.9376532E-02  6.9639295E-02  1.2792924E-03 -3.9376532E-02  2.0450375E-04  1.2354551E-05 -1.1110198E-04
 6.70002000E+02  1.4706607E+00  1.8388407E+00 -3.9931425E-02  7.0660696E-02  1.3407126E-03 -3.9931425E-02  2.0405707E-04  1.2213681E-05 -1.1085567E-04
 6.80002000E+02  1.4716799E+00  1.8389014E+00 -4.0485090E-02  7.1679867E-02  1.4014305E-03 -4.0485090E-02  2.0361167E-04  1.2073645E-05 -1.1061012E-04
 6.90002000E+02  1.4726968E+00  1.8389615E+00 -4.1037528E-02  7.2696815E-02  1.4614502E-03 -4.1037528E-02  2.0316753E-04  1.1934438E-05 -1.1036531E-04
 7.00002000E+02  1.4737115E+00  1.8390208E+00 -4.1588744E-02  7.3711544E-02  1.5207761E-03 -4.1588744E-02  2.0272467E-04  1.1796055E-05 -1.1012125E-04
 7.10002000E+02  1.4747240E+00  1.8390794E+00 -4.2138729E-02  7.4724039E-02  1.5794104E-03 -4.2138729E-02  2.0226998E-04  1.1657687E-05 -1.0987108E-04
 7.20002000E+02  1.4757343E+00  1.8391374E+00 -4.2687465E-02  7.5734264E-02  1.6373554E-03 -4.2687465E-02  2.0182182E-04  1.1520541E-05 -1.0962409E-04
 7.30002000E+02  1.4767423E+00  1.8391946E+00 -4.3234976E-02  7.6742267E-02  1.6946175E-03 -4.3234976E-02  2.0138001E-04  1.1384482E-05 -1.0938071E-04
 7.40002000E+02  1.4777481E+00  1.8392512E+00 -4.3781275E-02  7.7748069E-02  1.7512016E-03 -4.3781275E-02  2.0094126E-04  1.1249326E-05 -1.0913910E-04
 7.50002000E+02  1.4787517E+00  1.8393071E+00 -4.4326368E-02  7.8751682E-02  1.8071120E-03 -4.4326368E-02  2.0050441E-04  1.1115004E-05 -1.0889857E-04
 7.60002000E+02  1.4797531E+00  1.8393624E+00 -4.4870261E-02  7.9753115E-02  1.8623528E-03 -4.4870261E-02  2.0006903E-04  1.0981488E-05 -1.0865890E-04
 7.70002000E+02  1.4807524E+00  1.8394169E+00 -4.5412958E-02  8.0752374E-02  1.9169281E-03 -4.5412958E-02  1.9963496E-04  1.0848766E-05 -1.0842001E-04
 7.80002000E+02  1.4817495E+00  1.8394708E+00 -4.5954462E-02  8.1749466E-02  1.9708417E-03 -4.5954462E-02  1.9920215E-04  1.0716831E-05 -1.0818184E-04
 7.90002000E+02  1.4827412E+00  1.8395239E+00 -4.6493125E-02  8.2741241E-02  2.0239167E-03 -4.6493125E-02  1.9818154E-04  1.0557688E-05 -1.0760972E-04
 8.00002000E+02  1.4837324E+00  1.8395764E+00 -4.7031335E-02  8.3732410E-02  2.0764454E-03 -4.7031335E-02  1.9821151E-04  1.0450165E-05 -1.0763229E-04
 8.10002000E+02  1.4847229E+00  1.8396284E+00 -4.7569185E-02  8.4722890E-02  2.1283960E-03 -4.7569185E-02  1.9795283E-04  1.0328822E-05 -1.0749231E-04
 8.20002000E+02  1.4857118E+00  1.8396797E+00 -4.8106161E-02  8.5711766E-02  2.1797262E-03 -4.8106161E-02  1.9758760E-04  1.0202888E-05 -1.0729234E-04
 8.30002000E+02  1.4866891E+00  1.8397299E+00 -4.8637138E-02  8.6689109E-02  2.2298797E-03 -4.8637138E-02  1.9436328E-04  9.9293428E-06 -1.0555330E-04
 8.40002000E+02  1.4876591E+00  1.8397792E+00 -4.9163859E-02  8.7659095E-02  2.2791865E-03 -4.9163859E-02  1.9372026E-04  9.7969506E-06 -1.0518847E-04
 8.50002000E+02  1.4886266E+00  1.8398279E+00 -4.9689200E-02  8.8626606E-02  2.3278615E-03 -4.9689200E-02  1.9329170E-04  9.6734953E-06 -1.0495203E-04
 8.60002000E+02  1.4895920E+00  1.8398759E+00 -5.0213394E-02  8.9592036E-02  2.3759233E-03 -5.0213394E-02  1.9288104E-04  9.5513901E-06 -1.0472630E-04
 8.70002000E+02  1.4905554E+00  1.8399234E+00 -5.0736465E-02  9.0555420E-02  2.4233766E-03 -5.0736465E-02  1.9247285E-04  9.4300439E-06 -1.0450203E-04
 8.80002000E+02  1.4915168E+00  1.8399702E+00 -5.1258416E-02  9.1516767E-02  2.4702249E-03 -5.1258416E-02  1.9206632E-04  9.3094284E-06 -1.0427870E-04
 8.90002000E+02  1.4924761E+00  1.8400165E+00 -5.1779252E-02  9.2476084E-02  2.5164719E-03 -5.1779252E-02  1.9166055E-04  9.1894930E-06 -1.0405585E-04
 9.00002000E+02  1.4934334E+00  1.8400621E+00 -5.2298975E-02  9.3433374E-02  2.5621209E-03 -5.2298975E-02  1.9125579E-04  9.0702500E-06 -1.0383358E-04
 9.10002000E+02  1.4943886E+00  1.8401072E+00 -5.2817589E-02  9.4388643E-02  2.6071754E-03 -5.2817589E-02  1.9085212E-04  8.9516985E-06 -1.0361195E-04
 9.20002000E+02  1.4953419E+00  1.8401516E+00 -5.3335096E-02  9.5341897E-02  2.6516389E-03 -5.3335096E-02  1.9044954E-04  8.8338346E-06 -1.0339095E-04
 9.30002000E+02  1.4962931E+00  1.8401955E+00 -5.3851499E-02  9.6293140E-02  2.6955148E-03 -5.3851499E-02  1.9004803E-04  8.7166544E-06 -1.0317058E-04
 9.40002000E+02  1.4972424E+00  1.8402388E+00 -5.4366802E-02  9.7242378E-02  2.7388064E-03 -5.4366802E-02  1.8964761E-04  8.6001541E-06 -1.0295085E-04
 9.50002000E+02  1.4981896E+00  1.8402815E+00 -5.4881008E-02  9.8189617E-02  2.7815173E-03 -5.4881008E-02  1.8924826E-04  8.4843297E-06 -1.0273173E-04
 9.60002000E+02  1.4991349E+00  1.8403237E+00 -5.5394120E-02  9.9134862E-02  2.8236507E-03 -5.5394120E-02  1.8884999E-04  8.3691772E-06 -1.0251324E-04
 9.70002000E+02  1.5000781E+00  1.8403652E+00 -5.5906142E-02  1.0007812E-01  2.8652101E-03 -5.5906142E-02  1.8845278E-04  8.2546927E-06 -1.0229537E-04
 9.80002000E+02  1.5010194E+00  1.8404062E+00 -5.6417075E-02  1.0101939E-01  2.9061987E-03 -5.6417075E-02  1.8805663E-04  8.1408726E-06 -1.0207812E-04
 9.90002000E+02  1.5019587E+00  1.8404466E+00 -5.6926924E-02  1.0195869E-01  2.9466198E-03 -5.6926924E-02  1.8766154E-04  8.0277131E-06 -1.0186149E-04
 1.00000200E+03  1.5028960E+00  1.8404865E+00 -5.7435691E-02  1.0289601E-01  2.9864768E-03 -5.7435691E-02  1.8726750E-04  7.9152104E-06 -1.0164546E-04
 1.01000200E+03  1.5038314E+00  1.8405258E+00 -5.7943379E-02  1.0383136E-01  3.0257729E-03 -5.7943379E-02  1.8687452E-04  7.8033607E-06 -1.0143005E-04
 1.02000200E+03  1.5047648E+00  1.8405645E+00 -5.8449992E-02  1.0476475E-01  3.0645113E-03 -5.8449992E-02  1.8648259E-04  7.6921604E-06 -1.0121525E-04
 1.03000200E+03  1.5056962E+00  1.8406027E+00 -5.8955532E-02  1.0569619E-01  3.1026954E-03 -5.8955532E-02  1.8609169E-04  7.5816055E-06 -1.0100105E-04
 1.04000200E+03  1.5066257E+00  1.8406403E+00 -5.9460003E-02  1.0662567E-01  3.1403284E-03 -5.9460003E-02  1.8570183E-04  7.4716927E-06 -1.0078745E-04
 1.05000200E+03  1.5075532E+00  1.8406774E+00 -5.9963408E-02  1.0755321E-01  3.1774133E-03 -5.9963408E-02  1.8531301E-04  7.3624180E-06 -1.0057445E-04
 1.06000200E+03  1.5084788E+00  1.8407140E+00 -6.0465748E-02  1.0847880E-01  3.2139535E-03 -6.0465748E-02  1.8492522E-04  7.2537779E-06 -1.0036205E-04
 1.07000200E+03  1.5094025E+00  1.8407500E+00 -6.0967029E-02  1.0940246E-01  3.2499520E-03 -6.0967029E-02  1.8453845E-04  7.1457689E-06 -1.0015024E-04
 1.08000200E+03  1.5103242E+00  1.8407854E+00 -6.1467252E-02  1.1032419E-01  3.2854121E-03 -6.1467252E-02  1.8415271E-04  7.0383874E-06 -9.9939026E-05
 1.09000200E+03  1.5112440E+00  1.8408203E+00 -6.1966420E-02  1.1124399E-01  3.3203368E-03 -6.1966420E-02  1.8376798E-04  6.9316296E-06 -9.9728400E-05
 1.10000200E+03  1.5121619E+00  1.8408547E+00 -6.2464536E-02  1.1216187E-01  3.3547293E-03 -6.2464536E-02  1.8338427E-04  6.8254923E-06 -9.9518361E-05
 1.11000200E+03  1.5130778E+00  1.8408886E+00 -6.2961604E-02  1.1307784E-01  3.3885927E-03 -6.2961604E-02  1.8300157E-04  6.7199719E-06 -9.9308906E-05
 1.12000200E+03  1.5139919E+00  1.8409219E+00 -6.3457626E-02  1.1399189E-01  3.4219300E-03 -6.3457626E-02  1.8261988E-04  6.6150648E-06 -9.9100033E-05
 1.13000200E+03  1.5149040E+00  1.8409547E+00 -6.3952605E-02  1.1490404E-01  3.4547443E-03 -6.3952605E-02  1.8223919E-04  6.5107676E-06 -9.8891740E-05
 1.14000200E+03  1.5158143E+00  1.8409870E+00 -6.4446544E-02  1.1581428E-01  3.4870386E-03 -6.4446544E-02  1.8185949E-04  6.4070767E-06 -9.8684024E-05
 1.15000200E+03  1.5167226E+00  1.8410188E+00 -6.4939446E-02  1.1672263E-01  3.5188159E-03 -6.4939446E-02  1.8148079E-04  6.3039891E-06 -9.8476882E-05
 1.16000200E+03  1.5176291E+00  1.8410501E+00 -6.5431314E-02  1.1762909E-01  3.5500793E-03 -6.5431314E-02  1.8110309E-04  6.2015010E-06 -9.8270313E-05
 1.17000200E+03  1.5185337E+00  1.8410808E+00 -6.5922150E-02  1.1853366E-01  3.5808318E-03 -6.5922150E-02  1.8072637E-04  6.0996092E-06 -9.8064313E-05
 1.18000200E+03  1.5194364E+00  1.8411111E+00 -6.6411958E-02  1.1943636E-01  3.6110763E-03 -6.6411958E-02  1.8035063E-04  5.9983105E-06 -9.7858880E-05
 1.19000200E+03  1.5203372E+00  1.8411408E+00 -6.6900740E-02  1.2033717E-01  3.6408158E-03 -6.6900740E-02  1.7997588E-04  5.8976012E-06 -9.7654013E-05
 1.20000200E+03  1.5212361E+00  1.8411701E+00 -6.7388499E-02  1.2123612E-01  3.6700532E-03 -6.7388499E-02  1.7960210E-04  5.7974783E-06 -9.7449707E-05
 1.21000200E+03  1.5221332E+00  1.8411988E+00 -6.7875237E-02  1.2213319E-01  3.6987915E-03 -6.7875237E-02  1.7922929E-04  5.6979383E-06 -9.7245962E-05
 1.22000200E+03  1.5230284E+00  1.8412270E+00 -6.8360959E-02  1.2302841E-01  3.7270335E-03 -6.8360959E-02  1.7885745E-04  5.5989781E-06 -9.7042775E-05
 1.23000200E+03  1.5239218E+00  1.8412548E+00 -6.8845666E-02  1.2392177E-01  3.7547821E-03 -6.8845666E-02  1.7848658E-04  5.5005944E-06 -9.6840144E-05
 1.24000200E+03  1.5248133E+00  1.8412820E+00 -6.9329361E-02  1.2481328E-01  3.7820403E-03 -6.9329361E-02  1.7811667E-04  5.4027840E-06 -9.6638067E-05
 1.25000200E+03  1.5257029E+00  1.8413088E+00 -6.9812047E-02  1.2570294E-01  3.8088108E-03 -6.9812047E-02  1.7774772E-04  5.3055438E-06 -9.6436540E-05
 1.26000200E+03  1.5265908E+00  1.8413351E+00 -7.0293727E-02  1.2659076E-01  3.8350965E-03 -7.0293727E-02  1.7737972E-04  5.2088703E-06 -9.6235562E-05
 1.27000200E+03  1.5274767E+00  1.8413609E+00 -7.0774404E-02  1.2747674E-01  3.8609003E-03 -7.0774404E-02  1.7701267E-04  5.1127607E-06 -9.6035130E-05
 1.28000200E+03  1.5283609E+00  1.8413862E+00 -7.1254079E-02  1.2836088E-01  3.8862250E-03 -7.1254079E-02  1.7664657E-04  5.0172116E-06 -9.5835244E-05
 1.29000200E+03  1.5292432E+00  1.8414111E+00 -7.1732757E-02  1.2924320E-01  3.9110733E-03 -7.1732757E-02  1.7628142E-04  4.9222200E-06 -9.5635899E-05
 1.30000200E+03  1.5301237E+00  1.8414354E+00 -7.2210439E-02  1.3012370E-01  3.9354480E-03 -7.2210439E-02  1.7591720E-04  4.8277828E-06 -9.5437093E-05
 1.31000200E+03  1.5310024E+00  1.8414594E+00 -7.2687128E-02  1.3100238E-01  3.9593519E-03 -7.2687128E-02  1.7555392E-04  4.7338969E-06 -9.5238826E-05
 1.32000200E+03  1.5318792E+00  1.8414828E+00 -7.3162828E-02  1.3187924E-01  3.9827878E-03 -7.3162828E-02  1.7519158E-04  4.6405593E-06 -9.5041094E-05
 1.33000200E+03  1.5327543E+00  1.8415058E+00 -7.3637540E-02  1.3275429E-01  4.0057584E-03 -7.3637540E-02  1.7483017E-04  4.5477669E-06 -9.4843895E-05
 1.34000200E+03  1.5336275E+00  1.8415283E+00 -7.4111268E-02  1.3362754E-01  4.0282663E-03 -7.4111268E-02  1.7446968E-04  4.4555167E-06 -9.4647227E-05
 1.35000200E+03  1.5344990E+00  1.8415503E+00 -7.4584013E-02  1.3449899E-01  4.0503143E-03 -7.4584013E-02  1.7411011E-04  4.3638057E-06 -9.4451089E-05
 1.36000200E+03  1.5353686E+00  1.8415719E+00 -7.5055779E-02  1.3536864E-01  4.0719052E-03 -7.5055779E-02  1.7375147E-04  4.2726308E-06 -9.4255477E-05
 1.37000200E+03  1.5362365E+00  1.8415930E+00 -7.5526568E-02  1.3623651E-01  4.0930414E-03 -7.5526568E-02  1.7339374E-04  4.1819892E-06 -9.4060390E-05
 1.38000200E+03  1.5371026E+00  1.8416137E+00 -7.5996384E-02  1.3710258E-01  4.1137258E-03 -7.5996384E-02  1.7303693E-04  4.0918779E-06 -9.3865825E-05
 1.39000200E+03  1.5379669E+00  1.8416340E+00 -7.6465227E-02  1.3796688E-01  4.1339610E-03 -7.6465227E-02  1.7268102E-04  4.0022940E-06 -9.3671781E-05
 1.40000200E+03  1.5388294E+00  1.8416537E+00 -7.6933102E-02  1.3882939E-01  4.1537496E-03 -7.6933102E-02  1.7232602E-04  3.9132345E-06 -9.3478255E-05
 1.41000200E+03  1.5396901E+00  1.8416731E+00 -7.7400011E-02  1.3969014E-01  4.1730941E-03 -7.7400011E-02  1.7197193E-04  3.8246966E-06 -9.3285246E-05
 1.42000200E+03  1.5405491E+00  1.8416920E+00 -7.7865955E-02  1.4054911E-01  4.1919973E-03 -7.7865955E-02  1.7161873E-04  3.7366774E-06 -9.3092750E-05
 1.43000200E+03  1.5414063E+00  1.8417105E+00 -7.8330939E-02  1.4140633E-01  4.2104617E-03 -7.8330939E-02  1.7126643E-04  3.6491741E-06 -9.2900767E-05
 1.44000200E+03  1.5422618E+00  1.8417285E+00 -7.8794964E-02  1.4226178E-01  4.2284898E-03 -7.8794964E-02  1.7091503E-04  3.5621838E-06 -9.2709294E-05
 1.45000200E+03  1.5431155E+00  1.8417461E+00 -7.9258032E-02  1.4311548E-01  4.2460843E-03 -7.9258032E-02  1.7056451E-04  3.4757038E-06 -9.2518329E-05
 1.46000200E+03  1.5439674E+00  1.8417632E+00 -7.9720148E-02  1.4396743E-01  4.2632476E-03 -7.9720148E-02  1.7021489E-04  3.3897311E-06 -9.2327871E-05
 1.47000200E+03  1.5448176E+00  1.8417800E+00 -8.0181312E-02  1.4481763E-01  4.2799823E-03 -8.0181312E-02  1.6986614E-04  3.3042631E-06 -9.2137916E-05
 1.48000200E+03  1.5456661E+00  1.8417963E+00 -8.0641527E-02  1.4566609E-01  4.2962910E-03 -8.0641527E-02  1.6951828E-04  3.2192968E-06 -9.1948464E-05
 1.49000200E+03  1.5465128E+00  1.8418122E+00 -8.1100797E-02  1.4651281E-01  4.3121761E-03 -8.1100797E-02  1.6917129E-04  3.1348297E-06 -9.1759512E-05
 1.50000200E+03  1.5473578E+00  1.8418276E+00 -8.1559123E-02  1.4735780E-01  4.3276400E-03 -8.1559123E-02  1.6882518E-04  3.0508590E-06 -9.1571057E-05
 1.51000200E+03  1.5482011E+00  1.8418427E+00 -8.2016513E-02  1.4820107E-01  4.3426857E-03 -8.2016513E-02  1.6848763E-04  2.9675755E-06 -9.1387059E-05
 1.52000200E+03  1.5490427E+00  1.8418573E+00 -8.2472986E-02  1.4904266E-01  4.3573159E-03 -8.2472986E-02  1.6814659E-04  2.8845841E-06 -9.1201598E-05
 1.53000200E+03  1.5498825E+00  1.8418715E+00 -8.2928527E-02  1.4988254E-01  4.3715323E-03 -8.2928527E-02  1.6780330E-04  2.8020757E-06 -9.1014758E-05
 1.54000200E+03  1.5507212E+00  1.8418854E+00 -8.3383376E-02  1.5072120E-01  4.3853522E-03 -8.3383376E-02  1.6776497E-04  2.7267383E-06 -9.0986690E-05
 1.55000200E+03  1.5515596E+00  1.8418988E+00 -8.3838094E-02  1.5155959E-01  4.3987828E-03 -8.3838094E-02  1.6755278E-04  2.6453870E-06 -9.0876738E-05
 1.56000200E+03  1.5523966E+00  1.8419118E+00 -8.4292046E-02  1.5239656E-01  4.4118060E-03 -8.4292046E-02  1.6722776E-04  2.5639624E-06 -9.0700647E-05
 1.57000200E+03  1.5532318E+00  1.8419244E+00 -8.4745088E-02  1.5323185E-01  4.4244230E-03 -8.4745088E-02  1.6688809E-04  2.4829513E-06 -9.0515952E-05
 1.58000200E+03  1.5540654E+00  1.8419366E+00 -8.5197204E-02  1.5406544E-01  4.4366362E-03 -8.5197204E-02  1.6654716E-04  2.4024112E-06 -9.0330503E-05
 1.59000200E+03  1.5548973E+00  1.8419484E+00 -8.5648393E-02  1.5489732E-01  4.4484479E-03 -8.5648393E-02  1.6620680E-04  2.3223469E-06 -9.0145371E-05
 1.60000200E+03  1.5557275E+00  1.8419599E+00 -8.6098658E-02  1.5572751E-01  4.4598604E-03 -8.6098658E-02  1.6586731E-04  2.2427575E-06 -8.9960726E-05
 1.61000200E+03  1.5565560E+00  1.8419709E+00 -8.6548001E-02  1.5655600E-01  4.4708761E-03 -8.6548001E-02  1.6552862E-04  2.1636388E-06 -8.9776544E-05
 1.62000200E+03  1.5573828E+00  1.8419815E+00 -8.6996424E-02  1.5738279E-01  4.4814975E-03 -8.6996424E-02  1.6519076E-04  2.0849889E-06 -8.9592833E-05
 1.63000200E+03  1.5582079E+00  1.8419917E+00 -8.7443931E-02  1.5820791E-01  4.4917268E-03 -8.7443931E-02  1.6485490E-04  2.0068238E-06 -8.9410210E-05
 1.64000200E+03  1.5590313E+00  1.8420016E+00 -8.7890526E-02  1.5903134E-01  4.5015664E-03 -8.7890526E-02  1.6451905E-04  1.9291029E-06 -8.9227637E-05
 1.65000200E+03  1.5598531E+00  1.8420110E+00 -8.8336208E-02  1.5985310E-01  4.5110185E-03 -8.8336208E-02  1.6418374E-04  1.8518434E-06 -8.9045376E-05
 1.66000200E+03  1.5606732E+00  1.8420201E+00 -8.8780980E-02  1.6067318E-01  4.5200855E-03 -8.8780980E-02  1.6384924E-04  1.7750426E-06 -8.8863565E-05
 1.67000200E+03  1.5614916E+00  1.8420288E+00 -8.9224844E-02  1.6149159E-01  4.5287696E-03 -8.9224844E-02  1.6351556E-04  1.6986984E-06 -8.8682222E-05
 1.68000200E+03  1.5623083E+00  1.8420371E+00 -8.9667803E-02  1.6230834E-01  4.5370732E-03 -8.9667803E-02  1.6318271E-04  1.6228081E-06 -8.8501348E-05
 1.69000200E+03  1.5631234E+00  1.8420450E+00 -9.0109858E-02  1.6312342E-01  4.5449984E-03 -9.0109858E-02  1.6285069E-04  1.5473692E-06 -8.8320941E-05
 1.70000200E+03  1.5639368E+00  1.8420525E+00 -9.0551013E-02  1.6393684E-01  4.5525475E-03 -9.0551013E-02  1.6251949E-04  1.4723794E-06 -8.8141000E-05
 1.71000200E+03  1.5647486E+00  1.8420597E+00 -9.0991269E-02  1.6474861E-01  4.5597228E-03 -9.0991269E-02  1.6218874E-04  1.3978249E-06 -8.7961355E-05
 1.72000200E+03  1.5655587E+00  1.8420665E+00 -9.1430627E-02  1.6555873E-01  4.5665265E-03 -9.1430627E-02  1.6185858E-04  1.3237283E-06 -8.7781989E-05
 1.73000200E+03  1.5663672E+00  1.8420730E+00 -9.1869089E-02  1.6636720E-01  4.5729607E-03 -9.1869089E-02  1.6152808E-04  1.2500186E-06 -8.7602638E-05
 1.74000200E+03  1.5671740E+00  1.8420790E+00 -9.2306657E-02  1.6717402E-01  4.5790279E-03 -9.2306657E-02  1.6120450E-04  1.1768991E-06 -8.7426664E-05
 1.75000200E+03  1.5679792E+00  1.8420847E+00 -9.2743349E-02  1.6797923E-01  4.5847302E-03 -9.2743349E-02  1.6087890E-04  1.1041066E-06 -8.7249928E-05
 1.76000200E+03  1.5687828E+00  1.8420901E+00 -9.3179156E-02  1.6878281E-01  4.5900696E-03 -9.3179156E-02  1.6055278E-04  1.0317564E-06 -8.7072859E-05
 1.77000200E+03  1.5695848E+00  1.8420950E+00 -9.3614078E-02  1.6958476E-01  4.5950484E-03 -9.3614078E-02  1.6022727E-04  9.5983939E-07 -8.6896137E-05
 1.78000200E+03  1.5703851E+00  1.8420997E+00 -9.4048118E-02  1.7038509E-01  4.5996687E-03 -9.4048118E-02  1.5990254E-04  8.8835256E-07 -8.6719852E-05
 1.79000200E+03  1.5711838E+00  1.8421039E+00 -9.4481277E-02  1.7118379E-01  4.6039326E-03 -9.4481277E-02  1.5957861E-04  8.1729356E-07 -8.6544015E-05
 1.80000200E+03  1.5719809E+00  1.8421078E+00 -9.4913558E-02  1.7198087E-01  4.6078422E-03 -9.4913558E-02  1.5925547E-04  7.4665998E-07 -8.6368627E-05
 1.81000200E+03  1.5727763E+00  1.8421114E+00 -9.5344964E-02  1.7277634E-01  4.6113998E-03 -9.5344964E-02  1.5893312E-04  6.7644947E-07 -8.6193684E-05
 1.82000200E+03  1.5735702E+00  1.8421146E+00 -9.5775496E-02  1.7357020E-01  4.6146074E-03 -9.5775496E-02  1.5861156E-04  6.0665990E-07 -8.6019188E-05
 1.83000200E+03  1.5743625E+00  1.8421175E+00 -9.6205156E-02  1.7436246E-01  4.6174670E-03 -9.6205156E-02  1.5829079E-04  5.3728904E-07 -8.5845134E-05
 1.84000200E+03  1.5751531E+00  1.8421200E+00 -9.6633948E-02  1.7515311E-01  4.6199809E-03 -9.6633948E-02  1.5797080E-04  4.6833448E-07 -8.5671522E-05
 1.85000200E+03  1.5759422E+00  1.8421222E+00 -9.7061872E-02  1.7594217E-01  4.6221510E-03 -9.7061872E-02  1.5765160E-04  3.9979401E-07 -8.5498350E-05
 1.86000200E+03  1.5767296E+00  1.8421240E+00 -9.7488932E-02  1.7672963E-01  4.6239794E-03 -9.7488932E-02  1.5733317E-04  3.3166550E-07 -8.5325617E-05
 1.87000200E+03  1.5775155E+00  1.8421255E+00 -9.7915129E-02  1.7751550E-01  4.6254683E-03 -9.7915129E-02  1.5701552E-04  2.6394674E-07 -8.5153320E-05
 1.88000200E+03  1.5782998E+00  1.8421266E+00 -9.8340466E-02  1.7829979E-01  4.6266195E-03 -9.8340466E-02  1.5669864E-04  1.9663560E-07 -8.4981459E-05
 1.89000200E+03  1.5790825E+00  1.8421274E+00 -9.8764944E-02  1.7908249E-01  4.6274352E-03 -9.8764944E-02  1.5638254E-04  1.2972968E-07 -8.4810031E-05
 1.90000200E+03  1.5798636E+00  1.8421279E+00 -9.9188566E-02  1.7986361E-01  4.6279174E-03 -9.9188566E-02  1.5606720E-04  6.3227095E-08 -8.4639036E-05
 1.91000200E+03  1.5806432E+00  1.8421281E+00 -9.9611335E-02  1.8064316E-01  4.6280681E-03 -9.9611335E-02  1.5575264E-04 -2.8746111E-09 -8.4468475E-05
 1.92000200E+03  1.5814211E+00  1.8421279E+00 -1.0003325E-01  1.8142114E-01  4.6278893E-03 -1.0003325E-01  1.5543883E-04 -6.8577441E-08 -8.4298339E-05
 1.93000200E+03  1.5821976E+00  1.8421274E+00 -1.0045432E-01  1.8219755E-01  4.6273829E-03 -1.0045432E-01  1.5512578E-04 -1.3388337E-07 -8.4128630E-05
 1.94000200E+03  1.5829724E+00  1.8421266E+00 -1.0087454E-01  1.8297240E-01  4.6265510E-03 -1.0087454E-01  1.5481349E-04 -1.9879461E-07 -8.3959346E-05
 1.95000200E+03  1.5837457E+00  1.8421254E+00 -1.0129391E-01  1.8374569E-01  4.6253956E-03 -1.0129391E-01  1.5450196E-04 -2.6331337E-07 -8.3790486E-05
 1.96000200E+03  1.5845174E+00  1.8421239E+00 -1.0171244E-01  1.8451742E-01  4.6239185E-03 -1.0171244E-01  1.5419118E-04 -3.2744158E-07 -8.3622049E-05
 1.97000200E+03  1.5852876E+00  1.8421221E+00 -1.0213013E-01  1.8528760E-01  4.6221217E-03 -1.0213013E-01  1.5388115E-04 -3.9118151E-07 -8.3454033E-05
 1.98000200E+03  1.5860562E+00  1.8421200E+00 -1.0254698E-01  1.8605623E-01  4.6200072E-03 -1.0254698E-01  1.5357187E-04 -4.5453497E-07 -8.3286437E-05
 1.99000200E+03  1.5868233E+00  1.8421176E+00 -1.0296300E-01  1.8682332E-01  4.6175769E-03 -1.0296300E-01  1.5326333E-04 -5.1750423E-07 -8.3119258E-05
 2.00000200E+03  1.5875889E+00  1.8421148E+00 -1.0337818E-01  1.8758887E-01  4.6148328E-03 -1.0337818E-01  1.5295554E-04 -5.8009124E-07 -8.2952496E-05
 2.01000200E+03  1.5883529E+00  1.8421118E+00 -1.0379252E-01  1.8835288E-01  4.6117766E-03 -1.0379252E-01  1.5264849E-04 -6.4229799E-07 -8.2786152E-05
 2.02000200E+03  1.5891154E+00  1.8421084E+00 -1.0420604E-01  1.8911535E-01  4.6084104E-03 -1.0420604E-01  1.5234218E-04 -7.0412668E-07 -8.2620220E-05
 2.03000200E+03  1.5898763E+00  1.8421047E+00 -1.0461873E-01  1.8987630E-01  4.6047359E-03 -1.0461873E-01  1.5203660E-04 -7.6557908E-07 -8.2454699E-05
 2.04000200E+03  1.5906357E+00  1.8421008E+00 -1.0503059E-01  1.9063572E-01  4.6007551E-03 -1.0503059E-01  1.5173175E-04 -8.2665734E-07 -8.2289588E-05
 2.05000200E+03  1.5913936E+00  1.8420965E+00 -1.0544162E-01  1.9139362E-01  4.5964699E-03 -1.0544162E-01  1.5142764E-04 -8.8736337E-07 -8.2124886E-05
 2.06000200E+03  1.5921500E+00  1.8420919E+00 -1.0585184E-01  1.9215000E-01  4.5918821E-03 -1.0585184E-01  1.5112425E-04 -9.4769912E-07 -8.1960591E-05
 2.07000200E+03  1.5929049E+00  1.8420870E+00 -1.0626123E-01  1.9290486E-01  4.5869935E-03 -1.0626123E-01  1.5082159E-04 -1.0076667E-06 -8.1796703E-05
 2.08000200E+03  1.5936582E+00  1.8420818E+00 -1.0666980E-01  1.9365821E-01  4.5818059E-03 -1.0666980E-01  1.5051966E-04 -1.0672678E-06 -8.1633219E-05
 2.09000200E+03  1.5944101E+00  1.8420763E+00 -1.0707756E-01  1.9441006E-01  4.5763213E-03 -1.0707756E-01  1.5021844E-04 -1.1265044E-06 -8.1470139E-05
 2.10000200E+03  1.5951604E+00  1.8420705E+00 -1.0748451E-01  1.9516040E-01  4.5705414E-03 -1.0748451E-01  1.4991795E-04 -1.1853787E-06 -8.1307460E-05
 2.11000200E+03  1.5959092E+00  1.8420645E+00 -1.0789064E-01  1.9590924E-01  4.5644681E-03 -1.0789064E-01  1.4961817E-04 -1.2438924E-06 -8.1145181E-05
 2.12000200E+03  1.5966566E+00  1.8420581E+00 -1.0829596E-01  1.9665658E-01  4.5581031E-03 -1.0829596E-01  1.4931910E-04 -1.3020475E-06 -8.0983302E-05
 2.13000200E+03  1.5974024E+00  1.8420514E+00 -1.0870047E-01  1.9740243E-01  4.5514481E-03 -1.0870047E-01  1.4902075E-04 -1.3598457E-06 -8.0821820E-05
 2.14000200E+03  1.5981468E+00  1.8420445E+00 -1.0910418E-01  1.9814679E-01  4.5445051E-03 -1.0910418E-01  1.4872310E-04 -1.4172890E-06 -8.0660734E-05
 2.15000200E+03  1.5988897E+00  1.8420373E+00 -1.0950708E-01  1.9888966E-01  4.5372758E-03 -1.0950708E-01  1.4842617E-04 -1.4743793E-06 -8.0500043E-05
 2.16000200E+03  1.5996311E+00  1.8420298E+00 -1.0990918E-01  1.9963105E-01  4.5297619E-03 -1.0990918E-01  1.4812994E-04 -1.5311184E-06 -8.0339745E-05
 2.17000200E+03  1.6003710E+00  1.8420220E+00 -1.1031048E-01  2.0037096E-01  4.5219651E-03 -1.1031048E-01  1.4783441E-04 -1.5875083E-06 -8.0179839E-05
 2.18000200E+03  1.6011094E+00  1.8420139E+00 -1.1071098E-01  2.0110940E-01  4.5138873E-03 -1.1071098E-01  1.4753958E-04 -1.6435506E-06 -8.0020324E-05
 2.19000200E+03  1.6018464E+00  1.8420055E+00 -1.1111068E-01  2.0184636E-01  4.5055301E-03 -1.1111068E-01  1.4724545E-04 -1.6992473E-06 -7.9861197E-05
 2.20000200E+03  1.6025819E+00  1.8419969E+00 -1.1150959E-01  2.0258185E-01  4.4968953E-03 -1.1150959E-01  1.4695202E-04 -1.7546001E-06 -7.9702459E-05
 2.21000200E+03  1.6033159E+00  1.8419880E+00 -1.1190771E-01  2.0331588E-01  4.4879847E-03 -1.1190771E-01  1.4665928E-04 -1.8096109E-06 -7.9544107E-05
 2.22000200E+03  1.6040484E+00  1.8419788E+00 -1.1230503E-01  2.0404845E-01  4.4787998E-03 -1.1230503E-01  1.4636723E-04 -1.8642815E-06 -7.9386140E-05
 2.23000200E+03  1.6047796E+00  1.8419693E+00 -1.1270157E-01  2.0477955E-01  4.4693423E-03 -1.1270157E-01  1.4607587E-04 -1.9186136E-06 -7.9228557E-05
 2.24000200E+03  1.6055092E+00  1.8419596E+00 -1.1309732E-01  2.0550921E-01  4.4596141E-03 -1.1309732E-01  1.4578520E-04 -1.9726090E-06 -7.9071357E-05
 2.25000200E+03  1.6062374E+00  1.8419496E+00 -1.1349228E-01  2.0623741E-01  4.4496168E-03 -1.1349228E-01  1.4549521E-04 -2.0262695E-06 -7.8914538E-05
 2.26000200E+03  1.6069642E+00  1.8419394E+00 -1.1388646E-01  2.0696416E-01  4.4393519E-03 -1.1388646E-01  1.4520590E-04 -2.0795968E-06 -7.8758098E-05
 2.27000200E+03  1.6076895E+00  1.8419288E+00 -1.1427986E-01  2.0768947E-01  4.4288213E-03 -1.1427986E-01  1.4491728E-04 -2.1325928E-06 -7.8602037E-05
 2.28000200E+03  1.6084133E+00  1.8419180E+00 -1.1467248E-01  2.0841333E-01  4.4180265E-03 -1.1467248E-01  1.4462933E-04 -2.1852591E-06 -7.8446353E-05
 2.29000200E+03  1.6091358E+00  1.8419070E+00 -1.1506433E-01  2.0913576E-01  4.4069692E-03 -1.1506433E-01  1.4434206E-04 -2.2375973E-06 -7.8291045E-05
 2.30000200E+03  1.6098568E+00  1.8418957E+00 -1.1545539E-01  2.0985675E-01  4.3956510E-03 -1.1545539E-01  1.4405537E-04 -2.2896106E-06 -7.8136070E-05
 2.31000200E+03  1.6105763E+00  1.8418841E+00 -1.1584569E-01  2.1057631E-01  4.3840736E-03 -1.1584569E-01  1.4376926E-04 -2.3412926E-06 -7.7981399E-05
 2.32000200E+03  1.6112944E+00  1.8418722E+00 -1.1623521E-01  2.1129445E-01  4.3722386E-03 -1.1623521E-01  1.4348398E-04 -2.3926563E-06 -7.7827196E-05
 2.33000200E+03  1.6120112E+00  1.8418601E+00 -1.1662396E-01  2.1201116E-01  4.3601475E-03 -1.1662396E-01  1.4319939E-04 -2.4436995E-06 -7.7673378E-05
 2.34000200E+03  1.6127264E+00  1.8418478E+00 -1.1701194E-01  2.1272644E-01  4.3478021E-03 -1.1701194E-01  1.4292179E-04 -2.4942886E-06 -7.7522503E-05
 2.35000200E+03  1.6134404E+00  1.8418352E+00 -1.1739921E-01  2.1344040E-01  4.3352028E-03 -1.1739921E-01  1.4265608E-04 -2.5452226E-06 -7.7379669E-05
 2.36000200E+03  1.6141530E+00  1.8418224E+00 -1.1778571E-01  2.1415295E-01  4.3223512E-03 -1.1778571E-01  1.4236202E-04 -2.5952170E-06 -7.7221048E-05
 2.37000200E+03  1.6148640E+00  1.8418093E+00 -1.1817143E-01  2.1486405E-01  4.3092509E-03 -1.1817143E-01  1.4207648E-04 -2.6448845E-06 -7.7066590E-05
 2.38000200E+03  1.6155737E+00  1.8417959E+00 -1.1855638E-01  2.1557372E-01  4.2959027E-03 -1.1855638E-01  1.4179457E-04 -2.6943359E-06 -7.6914249E-05
 2.39000200E+03  1.6162820E+00  1.8417823E+00 -1.1894057E-01  2.1628199E-01  4.2823080E-03 -1.1894057E-01  1.4151378E-04 -2.7434883E-06 -7.6762533E-05
 2.40000200E+03  1.6169889E+00  1.8417685E+00 -1.1932401E-01  2.1698886E-01  4.2684683E-03 -1.1932401E-01  1.4123376E-04 -2.7923347E-06 -7.6611246E-05
 2.41000200E+03  1.6176943E+00  1.8417544E+00 -1.1970669E-01  2.1769433E-01  4.2543851E-03 -1.1970669E-01  1.4095440E-04 -2.8408735E-06 -7.6460330E-05
 2.42000200E+03  1.6183984E+00  1.8417401E+00 -1.2008861E-01  2.1839841E-01  4.2400600E-03 -1.2008861E-01  1.4067570E-04 -2.8891060E-06 -7.6309775E-05
 2.43000200E+03  1.6191011E+00  1.8417255E+00 -1.2046978E-01  2.1910109E-01  4.2254945E-03 -1.2046978E-01  1.4039764E-04 -2.9370336E-06 -7.6159578E-05
 2.44000200E+03  1.6198024E+00  1.8417107E+00 -1.2085021E-01  2.1980238E-01  4.2106901E-03 -1.2085021E-01  1.4012022E-04 -2.9846580E-06 -7.6009739E-05
 2.45000200E+03  1.6205005E+00  1.8416957E+00 -1.2122897E-01  2.2050046E-01  4.1956662E-03 -1.2122897E-01  1.3910593E-04 -3.0174647E-06 -7.5464854E-05
 2.46000200E+03  1.6211951E+00  1.8416805E+00 -1.2160581E-01  2.2119513E-01  4.1804724E-03 -1.2160581E-01  1.3878724E-04 -3.0613920E-06 -7.5288002E-05
 2.47000200E+03  1.6218884E+00  1.8416650E+00 -1.2198188E-01  2.2188839E-01  4.1650500E-03 -1.2198188E-01  1.3851420E-04 -3.1075544E-06 -7.5140466E-05
 2.48000200E+03  1.6225803E+00  1.8416494E+00 -1.2235721E-01  2.2258028E-01  4.1493973E-03 -1.2235721E-01  1.3824259E-04 -3.1534702E-06 -7.4993792E-05
 2.49000200E+03  1.6232708E+00  1.8416335E+00 -1.2273182E-01  2.2327081E-01  4.1335157E-03 -1.2273182E-01  1.3797161E-04 -3.1990965E-06 -7.4847472E-05
 2.50000200E+03  1.6239600E+00  1.8416174E+00 -1.2310569E-01  2.2395999E-01  4.1174068E-03 -1.2310569E-01  1.3770126E-04 -3.2444340E-06 -7.4701496E-05
 2.51000200E+03  1.6246478E+00  1.8416011E+00 -1.2347883E-01  2.2464783E-01  4.1010718E-03 -1.2347883E-01  1.3743152E-04 -3.2894840E-06 -7.4555861E-05
 2.52000200E+03  1.6253343E+00  1.8415845E+00 -1.2385125E-01  2.2533431E-01  4.0845123E-03 -1.2385125E-01  1.3716241E-04 -3.3342480E-06 -7.4410568E-05
 2.53000200E+03  1.6260195E+00  1.8415677E+00 -1.2422294E-01  2.2601945E-01  4.0677298E-03 -1.2422294E-01  1.3689390E-04 -3.3787276E-06 -7.4265614E-05
 2.54000200E+03  1.6267032E+00  1.8415507E+00 -1.2459390E-01  2.2670325E-01  4.0507255E-03 -1.2459390E-01  1.3662601E-04 -3.4229242E-06 -7.4120999E-05
 2.55000200E+03  1.6273857E+00  1.8415335E+00 -1.2496415E-01  2.2738571E-01  4.0335009E-03 -1.2496415E-01  1.3635873E-04 -3.4668392E-06 -7.3976722E-05
 2.56000200E+03  1.6280668E+00  1.8415161E+00 -1.2533367E-01  2.2806684E-01  4.0160575E-03 -1.2533367E-01  1.3609206E-04 -3.5104742E-06 -7.3832781E-05
 2.57000200E+03  1.6287466E+00  1.8414984E+00 -1.2570248E-01  2.2874663E-01  3.9983966E-03 -1.2570248E-01  1.3582600E-04 -3.5538304E-06 -7.3689176E-05
 2.58000200E+03  1.6294251E+00  1.8414805E+00 -1.2607056E-01  2.2942510E-01  3.9805196E-03 -1.2607056E-01  1.3556055E-04 -3.5969095E-06 -7.3545905E-05
 2.59000200E+03  1.6301022E+00  1.8414624E+00 -1.2643794E-01  2.3010224E-01  3.9624280E-03 -1.2643794E-01  1.3529569E-04 -3.6397127E-06 -7.3402967E-05
 2.60000200E+03  1.6307781E+00  1.8414441E+00 -1.2680459E-01  2.3077806E-01  3.9441229E-03 -1.2680459E-01  1.3503175E-04 -3.6822463E-06 -7.3260517E-05
 2.61000200E+03  1.6314526E+00  1.8414256E+00 -1.2717054E-01  2.3145256E-01  3.9256059E-03 -1.2717054E-01  1.3476820E-04 -3.7245090E-06 -7.3118310E-05
 2.62000200E+03  1.6321257E+00  1.8414069E+00 -1.2753578E-01  2.3212574E-01  3.9068783E-03 -1.2753578E-01  1.3450515E-04 -3.7664935E-06 -7.2976366E-05
 2.63000200E+03  1.6327976E+00  1.8413879E+00 -1.2790031E-01  2.3279761E-01  3.8879414E-03 -1.2790031E-01  1.3424270E-04 -3.8082079E-06 -7.2834750E-05
 2.64000200E+03  1.6334682E+00  1.8413688E+00 -1.2826413E-01  2.3346817E-01  3.8687966E-03 -1.2826413E-01  1.3398083E-04 -3.8496534E-06 -7.2693461E-05
 2.65000200E+03  1.6341374E+00  1.8413494E+00 -1.2862724E-01  2.3413742E-01  3.8494452E-03 -1.2862724E-01  1.3371957E-04 -3.8908315E-06 -7.2552499E-05
 2.66000200E+03  1.6348054E+00  1.8413299E+00 -1.2898965E-01  2.3480536E-01  3.8298887E-03 -1.2898965E-01  1.3345889E-04 -3.9317436E-06 -7.2411864E-05
 2.67000200E+03  1.6354720E+00  1.8413101E+00 -1.2935136E-01  2.3547201E-01  3.8101282E-03 -1.2935136E-01  1.3319880E-04 -3.9723909E-06 -7.2271552E-05
 2.68000200E+03  1.6361374E+00  1.8412902E+00 -1.2971237E-01  2.3613735E-01  3.7901652E-03 -1.2971237E-01  1.3293930E-04 -4.0127750E-06 -7.2131565E-05
 2.69000200E+03  1.6368014E+00  1.8412700E+00 -1.3007268E-01  2.3680140E-01  3.7700009E-03 -1.3007268E-01  1.3268039E-04 -4.0528971E-06 -7.1991900E-05
 2.70000200E+03  1.6374642E+00  1.8412496E+00 -1.3043229E-01  2.3746416E-01  3.7496366E-03 -1.3043229E-01  1.3242206E-04 -4.0927584E-06 -7.1852557E-05
 2.71000200E+03  1.6381256E+00  1.8412291E+00 -1.3079120E-01  2.3812562E-01  3.7290737E-03 -1.3079120E-01  1.3216431E-04 -4.1323604E-06 -7.1713534E-05
 2.72000200E+03  1.6387858E+00  1.8412083E+00 -1.3114942E-01  2.3878580E-01  3.7083134E-03 -1.3114942E-01  1.3190715E-04 -4.1717045E-06 -7.1574831E-05
 2.73000200E+03  1.6394447E+00  1.8411874E+00 -1.3150695E-01  2.3944469E-01  3.6873570E-03 -1.3150695E-01  1.3165056E-04 -4.2107919E-06 -7.1436447E-05
 2.74000200E+03  1.6401023E+00  1.8411662E+00 -1.3186379E-01  2.4010231E-01  3.6662058E-03 -1.3186379E-01  1.3139455E-04 -4.2496238E-06 -7.1298380E-05
 2.75000200E+03  1.6407586E+00  1.8411449E+00 -1.3221993E-01  2.4075864E-01  3.6448612E-03 -1.3221993E-01  1.3113911E-04 -4.2882018E-06 -7.1160629E-05
 2.76000200E+03  1.6414137E+00  1.8411233E+00 -1.3257539E-01  2.4141370E-01  3.6233242E-03 -1.3257539E-01  1.3088425E-04 -4.3265270E-06 -7.1023195E-05
 2.77000200E+03  1.6420675E+00  1.8411016E+00 -1.3293017E-01  2.4206748E-01  3.6015963E-03 -1.3293017E-01  1.3062997E-04 -4.3646008E-06 -7.0886074E-05
 2.78000200E+03  1.6427200E+00  1.8410797E+00 -1.3328425E-01  2.4272000E-01  3.5796786E-03 -1.3328425E-01  1.3037625E-04 -4.4024243E-06 -7.0749267E-05
 2.79000200E+03  1.6433712E+00  1.8410576E+00 -1.3363766E-01  2.4337125E-01  3.5575724E-03 -1.3363766E-01  1.3012310E-04 -4.4399989E-06 -7.0612773E-05
 2.80000200E+03  1.6440212E+00  1.8410353E+00 -1.3399038E-01  2.4402123E-01  3.5352790E-03 -1.3399038E-01  1.2987052E-04 -4.4773259E-06 -7.0476590E-05
 2.81000200E+03  1.6446700E+00  1.8410128E+00 -1.3434243E-01  2.4466995E-01  3.5127995E-03 -1.3434243E-01  1.2961851E-04 -4.5144065E-06 -7.0340718E-05
 2.82000200E+03  1.6453174E+00  1.8409901E+00 -1.3469379E-01  2.4531742E-01  3.4901353E-03 -1.3469379E-01  1.2936705E-04 -4.5512420E-06 -7.0205155E-05
 2.83000200E+03  1.6459636E+00  1.8409673E+00 -1.3504448E-01  2.4596362E-01  3.4672875E-03 -1.3504448E-01  1.2911616E-04 -4.5878337E-06 -7.0069901E-05
 2.84000200E+03  1.6466086E+00  1.8409443E+00 -1.3539449E-01  2.4660858E-01  3.4442573E-03 -1.3539449E-01  1.2886584E-04 -4.6241826E-06 -6.9934955E-05
 2.85000200E+03  1.6472523E+00  1.8409210E+00 -1.3574383E-01  2.4725228E-01  3.4210460E-03 -1.3574383E-01  1.2861607E-04 -4.6602902E-06 -6.9800315E-05
 2.86000200E+03  1.6478947E+00  1.8408977E+00 -1.3609249E-01  2.4789474E-01  3.3976548E-03 -1.3609249E-01  1.2836685E-04 -4.6961577E-06 -6.9665981E-05
 2.87000200E+03  1.6485360E+00  1.8408741E+00 -1.3644049E-01  2.4853595E-01  3.3740848E-03 -1.3644049E-01  1.2811820E-04 -4.7317862E-06 -6.9531952E-05
 2.88000200E+03  1.6491759E+00  1.8408503E+00 -1.3678781E-01  2.4917592E-01  3.3503373E-03 -1.3678781E-01  1.2787010E-04 -4.7671770E-06 -6.9398226E-05
 2.89000200E+03  1.6498147E+00  1.8408264E+00 -1.3713447E-01  2.4981465E-01  3.3264134E-03 -1.3713447E-01  1.2762255E-04 -4.8023314E-06 -6.9264804E-05
 2.90000200E+03  1.6504521E+00  1.8408023E+00 -1.3748046E-01  2.5045215E-01  3.3023143E-03 -1.3748046E-01  1.2737555E-04 -4.8372503E-06 -6.9131683E-05
 2.91000200E+03  1.6510884E+00  1.8407780E+00 -1.3782579E-01  2.5108841E-01  3.2780412E-03 -1.3782579E-01  1.2712910E-04 -4.8719352E-06 -6.8998863E-05
 2.92000200E+03  1.6517234E+00  1.8407536E+00 -1.3817045E-01  2.5172344E-01  3.2535953E-03 -1.3817045E-01  1.2688319E-04 -4.9063872E-06 -6.8866344E-05
 2.93000200E+03  1.6523572E+00  1.8407290E+00 -1.3851445E-01  2.5235724E-01  3.2289777E-03 -1.3851445E-01  1.2663784E-04 -4.9406074E-06 -6.8734123E-05
 2.94000200E+03  1.6529898E+00  1.8407042E+00 -1.3885779E-01  2.5298982E-01  3.2041896E-03 -1.3885779E-01  1.2639303E-04 -4.9745972E-06 -6.8602201E-05
 2.95000200E+03  1.6536212E+00  1.8406792E+00 -1.3920047E-01  2.5362117E-01  3.1792321E-03 -1.3920047E-01  1.2614876E-04 -5.0083575E-06 -6.8470576E-05
 2.96000200E+03  1.6542513E+00  1.8406541E+00 -1.3954250E-01  2.5425131E-01  3.1541064E-03 -1.3954250E-01  1.2590503E-04 -5.0418896E-06 -6.8339248E-05
 2.97000200E+03  1.6548802E+00  1.8406288E+00 -1.3988387E-01  2.5488022E-01  3.1288135E-03 -1.3988387E-01  1.2566184E-04 -5.0751946E-06 -6.8208215E-05
 2.98000200E+03  1.6555079E+00  1.8406034E+00 -1.4022458E-01  2.5550793E-01  3.1033548E-03 -1.4022458E-01  1.2541919E-04 -5.1082739E-06 -6.8077476E-05
 2.99000200E+03  1.6561344E+00  1.8405777E+00 -1.4056464E-01  2.5613442E-01  3.0777311E-03 -1.4056464E-01  1.2517708E-04 -5.1411282E-06 -6.7947031E-05
 3.00000200E+03  1.6567597E+00  1.8405519E+00 -1.4090405E-01  2.5675970E-01  3.0519438E-03 -1.4090405E-01  1.2493550E-04 -5.1737591E-06 -6.7816879E-05
 3.01000200E+03  1.6573838E+00  1.8405260E+00 -1.4124281E-01  2.5738377E-01  3.0259939E-03 -1.4124281E-01  1.2469446E-04 -5.2061674E-06 -6.7687019E-05
 3.02000200E+03  1.6580066E+00  1.8404999E+00 -1.4158092E-01  2.5800664E-01  2.9998825E-03 -1.4158092E-01  1.2445395E-04 -5.2383544E-06 -6.7557450E-05
 3.03000200E+03  1.6586283E+00  1.8404736E+00 -1.4191839E-01  2.5862831E-01  2.9736107E-03 -1.4191839E-01  1.2421397E-04 -5.2703212E-06 -6.7428170E-05
 3.04000200E+03  1.6592488E+00  1.8404472E+00 -1.4225520E-01  2.5924878E-01  2.9471796E-03 -1.4225520E-01  1.2397452E-04 -5.3020689E-06 -6.7299180E-05
 3.05000200E+03  1.6598681E+00  1.8404206E+00 -1.4259138E-01  2.5986806E-01  2.9205903E-03 -1.4259138E-01  1.2373559E-04 -5.3335986E-06 -6.7170479E-05
 3.06000200E+03  1.6604861E+00  1.8403938E+00 -1.4292691E-01  2.6048614E-01  2.8938439E-03 -1.4292691E-01  1.2349719E-04 -5.3649114E-06 -6.7042064E-05
 3.07000200E+03  1.6611030E+00  1.8403669E+00 -1.4326180E-01  2.6110303E-01  2.8669415E-03 -1.4326180E-01  1.2325932E-04 -5.3960085E-06 -6.6913936E-05
 3.08000200E+03  1.6617187E+00  1.8403399E+00 -1.4359605E-01  2.6171873E-01  2.8398842E-03 -1.4359605E-01  1.2302197E-04 -5.4268909E-06 -6.6786094E-05
 3.09000200E+03  1.6623333E+00  1.8403127E+00 -1.4392966E-01  2.6233325E-01  2.8126729E-03 -1.4392966E-01  1.2278514E-04 -5.4575597E-06 -6.6658537E-05
 3.10000200E+03  1.6629466E+00  1.8402853E+00 -1.4426263E-01  2.6294659E-01  2.7853089E-03 -1.4426263E-01  1.2254883E-04 -5.4880159E-06 -6.6531264E-05
 3.11000200E+03  1.6635587E+00  1.8402578E+00 -1.4459497E-01  2.6355874E-01  2.7577931E-03 -1.4459497E-01  1.2231304E-04 -5.5182608E-06 -6.6404274E-05
 3.12000200E+03  1.6641697E+00  1.8402301E+00 -1.4492668E-01  2.6416972E-01  2.7301266E-03 -1.4492668E-01  1.2207777E-04 -5.5482953E-06 -6.6277566E-05
 3.13000200E+03  1.6647795E+00  1.8402023E+00 -1.4525775E-01  2.6477952E-01  2.7023105E-03 -1.4525775E-01  1.2184301E-04 -5.5781205E-06 -6.6151139E-05
 3.14000200E+03  1.6653881E+00  1.8401743E+00 -1.4558819E-01  2.6538815E-01  2.6743457E-03 -1.4558819E-01  1.2160877E-04 -5.6077374E-06 -6.6024993E-05
 3.15000200E+03  1.6659956E+00  1.8401462E+00 -1.4591800E-01  2.6599561E-01  2.6462334E-03 -1.4591800E-01  1.2137503E-04 -5.6371473E-06 -6.5899127E-05
 3.16000200E+03  1.6666019E+00  1.8401180E+00 -1.4624718E-01  2.6660190E-01  2.6179746E-03 -1.4624718E-01  1.2114181E-04 -5.6663509E-06 -6.5773540E-05
 3.17000200E+03  1.6672070E+00  1.8400896E+00 -1.4657574E-01  2.6720703E-01  2.5895702E-03 -1.4657574E-01  1.2090911E-04 -5.6953494E-06 -6.5648230E-05
 3.18000200E+03  1.6678110E+00  1.8400610E+00 -1.4690366E-01  2.6781099E-01  2.5610214E-03 -1.4690366E-01  1.2067690E-04 -5.7241440E-06 -6.5523198E-05
 3.19000200E+03  1.6684138E+00  1.8400323E+00 -1.4723097E-01  2.6841380E-01  2.5323291E-03 -1.4723097E-01  1.2044521E-04 -5.7527355E-06 -6.5398442E-05
 3.20000200E+03  1.6690154E+00  1.8400035E+00 -1.4755765E-01  2.6901544E-01  2.5034943E-03 -1.4755765E-01  1.2021402E-04 -5.7811251E-06 -6.5273962E-05
 3.21000200E+03  1.6696159E+00  1.8399745E+00 -1.4788371E-01  2.6961594E-01  2.4745181E-03 -1.4788371E-01  1.1998334E-04 -5.8093137E-06 -6.5149757E-05
 3.22000200E+03  1.6702153E+00  1.8399454E+00 -1.4820915E-01  2.7021528E-01  2.4454015E-03 -1.4820915E-01  1.1975316E-04 -5.8373024E-06 -6.5025825E-05
 3.23000200E+03  1.6708135E+00  1.8399161E+00 -1.4853397E-01  2.7081347E-01  2.4161454E-03 -1.4853397E-01  1.1952348E-04 -5.8650922E-06 -6.4902167E-05
 3.24000200E+03  1.6714105E+00  1.8398868E+00 -1.4885817E-01  2.7141051E-01  2.3867509E-03 -1.4885817E-01  1.1929430E-04 -5.8926841E-06 -6.4778781E-05
 3.25000200E+03  1.6720064E+00  1.8398572E+00 -1.4918175E-01  2.7200641E-01  2.3572189E-03 -1.4918175E-01  1.1906562E-04 -5.9200789E-06 -6.4655667E-05
 3.26000200E+03  1.6726012E+00  1.8398276E+00 -1.4950473E-01  2.7260117E-01  2.3275504E-03 -1.4950473E-01  1.1883743E-04 -5.9472780E-06 -6.4532823E-05
 3.27000200E+03  1.6731948E+00  1.8397977E+00 -1.4982708E-01  2.7319479E-01  2.2977464E-03 -1.4982708E-01  1.1860975E-04 -5.9742821E-06 -6.4410249E-05
 3.28000200E+03  1.6737873E+00  1.8397678E+00 -1.5014883E-01  2.7378727E-01  2.2678079E-03 -1.5014883E-01  1.1838255E-04 -6.0010922E-06 -6.4287944E-05
 3.29000200E+03  1.6743786E+00  1.8397377E+00 -1.5046996E-01  2.7437861E-01  2.2377358E-03 -1.5046996E-01  1.1815585E-04 -6.0277094E-06 -6.4165908E-05
 3.30000200E+03  1.6749688E+00  1.8397075E+00 -1.5079049E-01  2.7496883E-01  2.2075311E-03 -1.5079049E-01  1.1792964E-04 -6.0541347E-06 -6.4044139E-05
 3.31000200E+03  1.6755579E+00  1.8396772E+00 -1.5111040E-01  2.7555791E-01  2.1771947E-03 -1.5111040E-01  1.1770392E-04 -6.0803688E-06 -6.3922637E-05
 3.32000200E+03  1.6761459E+00  1.8396467E+00 -1.5142971E-01  2.7614587E-01  2.1467277E-03 -1.5142971E-01  1.1747869E-04 -6.1064130E-06 -6.3801400E-05
 3.33000200E+03  1.6767327E+00  1.8396161E+00 -1.5174842E-01  2.7673270E-01  2.1161309E-03 -1.5174842E-01  1.1725395E-04 -6.1322682E-06 -6.3680429E-05
 3.34000200E+03  1.6773184E+00  1.8395854E+00 -1.5206652E-01  2.7731841E-01  2.0854053E-03 -1.5206652E-01  1.1702970E-04 -6.1579351E-06 -6.3559723E-05
 3.35000200E+03  1.6779030E+00  1.8395546E+00 -1.5238402E-01  2.7790300E-01  2.0545518E-03 -1.5238402E-01  1.1680593E-04 -6.1834150E-06 -6.3439280E-05
 3.36000200E+03  1.6784865E+00  1.8395236E+00 -1.5270091E-01  2.7848647E-01  2.0235714E-03 -1.5270091E-01  1.1658264E-04 -6.2087086E-06 -6.3319099E-05
 3.37000200E+03  1.6790688E+00  1.8394925E+00 -1.5301721E-01  2.7906882E-01  1.9924650E-03 -1.5301721E-01  1.1635983E-04 -6.2338169E-06 -6.3199181E-05
 3.38000200E+03  1.6796501E+00  1.8394612E+00 -1.5333290E-01  2.7965007E-01  1.9612335E-03 -1.5333290E-01  1.1613751E-04 -6.2587409E-06 -6.3079524E-05
 3.39000200E+03  1.6802302E+00  1.8394299E+00 -1.5364800E-01  2.8023020E-01  1.9298779E-03 -1.5364800E-01  1.1591567E-04 -6.2834815E-06 -6.2960128E-05
 3.40000200E+03  1.6808092E+00  1.8393984E+00 -1.5396251E-01  2.8080922E-01  1.8983990E-03 -1.5396251E-01  1.1569430E-04 -6.3080396E-06 -6.2840992E-05
 3.41000200E+03  1.6813871E+00  1.8393668E+00 -1.5427641E-01  2.8138714E-01  1.8667978E-03 -1.5427641E-01  1.1547341E-04 -6.3324162E-06 -6.2722115E-05
 3.42000200E+03  1.6819640E+00  1.8393351E+00 -1.5458973E-01  2.8196396E-01  1.8350751E-03 -1.5458973E-01  1.1525300E-04 -6.3566120E-06 -6.2603496E-05
 3.43000200E+03  1.6825397E+00  1.8393032E+00 -1.5490245E-01  2.8253967E-01  1.8032319E-03 -1.5490245E-01  1.1503306E-04 -6.3806282E-06 -6.2485134E-05
 3.44000200E+03  1.6831143E+00  1.8392713E+00 -1.5521458E-01  2.8311429E-01  1.7712691E-03 -1.5521458E-01  1.1481360E-04 -6.4044656E-06 -6.2367033E-05
 3.45000200E+03  1.6836878E+00  1.8392392E+00 -1.5552612E-01  2.8368781E-01  1.7391875E-03 -1.5552612E-01  1.1459463E-04 -6.4281270E-06 -6.2249200E-05
 3.46000200E+03  1.6842602E+00  1.8392070E+00 -1.5583707E-01  2.8426024E-01  1.7069881E-03 -1.5583707E-01  1.1437611E-04 -6.4516095E-06 -6.2131607E-05
 3.47000200E+03  1.6848316E+00  1.8391747E+00 -1.5614744E-01  2.8483157E-01  1.6746717E-03 -1.5614744E-01  1.1415806E-04 -6.4749158E-06 -6.2014269E-05
 3.48000200E+03  1.6854018E+00  1.8391422E+00 -1.5645721E-01  2.8540182E-01  1.6422392E-03 -1.5645721E-01  1.1394047E-04 -6.4980471E-06 -6.1897183E-05
 3.49000200E+03  1.6859710E+00  1.8391097E+00 -1.5676641E-01  2.8597098E-01  1.6096915E-03 -1.5676641E-01  1.1372335E-04 -6.5210039E-06 -6.1780352E-05
 3.50000200E+03  1.6865391E+00  1.8390770E+00 -1.5707502E-01  2.8653905E-01  1.5770294E-03 -1.5707502E-01  1.1350670E-04 -6.5437872E-06 -6.1663773E-05
 3.51000200E+03  1.6871060E+00  1.8390443E+00 -1.5738305E-01  2.8710604E-01  1.5442539E-03 -1.5738305E-01  1.1329051E-04 -6.5663979E-06 -6.1547446E-05
 3.52000200E+03  1.6876720E+00  1.8390114E+00 -1.5769049E-01  2.8767196E-01  1.5113657E-03 -1.5769049E-01  1.1307478E-04 -6.5888370E-06 -6.1431369E-05
 3.53000200E+03  1.6882368E+00  1.8389784E+00 -1.5799736E-01  2.8823679E-01  1.4783658E-03 -1.5799736E-01  1.1285952E-04 -6.6111054E-06 -6.1315543E-05
 3.54000200E+03  1.6888006E+00  1.8389453E+00 -1.5830365E-01  2.8880055E-01  1.4452549E-03 -1.5830365E-01  1.1264471E-04 -6.6332037E-06 -6.1199967E-05
 3.55000200E+03  1.6893632E+00  1.8389120E+00 -1.5860936E-01  2.8936324E-01  1.4120340E-03 -1.5860936E-01  1.1243037E-04 -6.6551328E-06 -6.1084639E-05
 3.56000200E+03  1.6899249E+00  1.8388787E+00 -1.5891450E-01  2.8992486E-01  1.3787039E-03 -1.5891450E-01  1.1221648E-04 -6.6768937E-06 -6.0969559E-05
 3.57000200E+03  1.6904854E+00  1.8388453E+00 -1.5921906E-01  2.9048540E-01  1.3452653E-03 -1.5921906E-01  1.1200305E-04 -6.6984872E-06 -6.0854727E-05
 3.58000200E+03  1.6910449E+00  1.8388117E+00 -1.5952304E-01  2.9104489E-01  1.3117192E-03 -1.5952304E-01  1.1179007E-04 -6.7199142E-06 -6.0740142E-05
 3.59000200E+03  1.6916033E+00  1.8387781E+00 -1.5982646E-01  2.9160331E-01  1.2780664E-03 -1.5982646E-01  1.1157755E-04 -6.7411755E-06 -6.0625803E-05
 3.60000200E+03  1.6921607E+00  1.8387443E+00 -1.6012930E-01  2.9216066E-01  1.2443077E-03 -1.6012930E-01  1.1136548E-04 -6.7622718E-06 -6.0511709E-05
 3.61000200E+03  1.6927170E+00  1.8387104E+00 -1.6043157E-01  2.9271696E-01  1.2104440E-03 -1.6043157E-01  1.1115387E-04 -6.7832042E-06 -6.0397860E-05
 3.62000200E+03  1.6932722E+00  1.8386765E+00 -1.6073328E-01  2.9327220E-01  1.1764760E-03 -1.6073328E-01  1.1094270E-04 -6.8039733E-06 -6.0284254E-05
 3.63000200E+03  1.6938264E+00  1.8386424E+00 -1.6103442E-01  2.9382639E-01  1.1424045E-03 -1.6103442E-01  1.1073199E-04 -6.8245801E-06 -6.0170892E-05
 3.64000200E+03  1.6943795E+00  1.8386082E+00 -1.6133499E-01  2.9437952E-01  1.1082304E-03 -1.6133499E-01  1.1052172E-04 -6.8450253E-06 -6.0057773E-05
 3.65000200E+03  1.6949316E+00  1.8385740E+00 -1.6163500E-01  2.9493161E-01  1.0739545E-03 -1.6163500E-01  1.1031190E-04 -6.8653098E-06 -5.9944895E-05
 3.66000200E+03  1.6954826E+00  1.8385396E+00 -1.6193444E-01  2.9548264E-01  1.0395776E-03 -1.6193444E-01  1.1008402E-04 -6.8853250E-06 -5.9825711E-05
 3.67000200E+03  1.6960324E+00  1.8385051E+00 -1.6223319E-01  2.9603238E-01  1.0051142E-03 -1.6223319E-01  1.0983540E-04 -6.9017500E-06 -5.9688295E-05
 3.68000200E+03  1.6965810E+00  1.8384706E+00 -1.6253135E-01  2.9658103E-01  9.7055607E-04 -1.6253135E-01  1.0962667E-04 -6.9214846E-06 -5.9575948E-05
 3.69000200E+03  1.6971286E+00  1.8384359E+00 -1.6282895E-01  2.9712865E-01  9.3589950E-04 -1.6282895E-01  1.0941885E-04 -6.9411132E-06 -5.9464152E-05
 3.70000200E+03  1.6976752E+00  1.8384011E+00 -1.6312599E-01  2.9767522E-01  9.0114518E-04 -1.6312599E-01  1.0921148E-04 -6.9605862E-06 -5.9352597E-05
 3.71000200E+03  1.6982219E+00  1.8383662E+00 -1.6342311E-01  2.9822193E-01  8.6621937E-04 -1.6342311E-01  1.0899928E-04 -6.9813666E-06 -5.9242982E-05
 3.72000200E+03  1.6987663E+00  1.8383313E+00 -1.6371896E-01  2.9876628E-01  8.3128009E-04 -1.6371896E-01  1.0877323E-04 -6.9968357E-06 -5.9114566E-05
 3.73000200E+03  1.6993097E+00  1.8382962E+00 -1.6401431E-01  2.9930972E-01  7.9624023E-04 -1.6401431E-01  1.0858980E-04 -7.0179779E-06 -5.9018136E-05
 3.74000200E+03  1.6998522E+00  1.8382611E+00 -1.6430912E-01  2.9985216E-01  7.6110302E-04 -1.6430912E-01  1.0838445E-04 -7.0368615E-06 -5.8907708E-05
 3.75000200E+03  1.7003936E+00  1.8382259E+00 -1.6460338E-01  3.0039357E-01  7.2587188E-04 -1.6460338E-01  1.0817926E-04 -7.0555634E-06 -5.8797339E-05
 3.76000200E+03  1.7009339E+00  1.8381905E+00 -1.6489710E-01  3.0093395E-01  6.9054762E-04 -1.6489710E-01  1.0797451E-04 -7.0741130E-06 -5.8687202E-05
 3.77000200E+03  1.7014733E+00  1.8381551E+00 -1.6519026E-01  3.0147331E-01  6.5513098E-04 -1.6519026E-01  1.0777020E-04 -7.0925118E-06 -5.8577299E-05
 3.78000200E+03  1.7020117E+00  1.8381196E+00 -1.6548287E-01  3.0201165E-01  6.1962273E-04 -1.6548287E-01  1.0756631E-04 -7.1107604E-06 -5.8467630E-05
 3.79000200E+03  1.7025490E+00  1.8380840E+00 -1.6577493E-01  3.0254897E-01  5.8402361E-04 -1.6577493E-01  1.0736285E-04 -7.1288596E-06 -5.8358193E-05
 3.80000200E+03  1.7030853E+00  1.8380483E+00 -1.6606645E-01  3.0308528E-01  5.4833437E-04 -1.6606645E-01  1.0715983E-04 -7.1468100E-06 -5.8248987E-05
 3.81000200E+03  1.7036206E+00  1.8380126E+00 -1.6635742E-01  3.0362057E-01  5.1255574E-04 -1.6635742E-01  1.0695723E-04 -7.1646125E-06 -5.8140013E-05
 3.82000200E+03  1.7041549E+00  1.8379767E+00 -1.6664785E-01  3.0415485E-01  4.7668847E-04 -1.6664785E-01  1.0675506E-04 -7.1822677E-06 -5.8031269E-05
 3.83000200E+03  1.7046881E+00  1.8379407E+00 -1.6693774E-01  3.0468812E-01  4.4073329E-04 -1.6693774E-01  1.0655331E-04 -7.1997766E-06 -5.7922754E-05
 3.84000200E+03  1.7052204E+00  1.8379047E+00 -1.6722708E-01  3.0522039E-01  4.0469093E-04 -1.6722708E-01  1.0635199E-04 -7.2171396E-06 -5.7814469E-05
 3.85000200E+03  1.7057516E+00  1.8378686E+00 -1.6751588E-01  3.0575164E-01  3.6856212E-04 -1.6751588E-01  1.0615109E-04 -7.2343577E-06 -5.7706412E-05
 3.86000200E+03  1.7062819E+00  1.8378323E+00 -1.6780414E-01  3.0628190E-01  3.3234757E-04 -1.6780414E-01  1.0595061E-04 -7.2514316E-06 -5.7598583E-05
 3.87000200E+03  1.7068112E+00  1.8377960E+00 -1.6809187E-01  3.0681115E-01  2.9604802E-04 -1.6809187E-01  1.0575055E-04 -7.2683619E-06 -5.7490981E-05
 3.88000200E+03  1.7073394E+00  1.8377597E+00 -1.6837905E-01  3.0733940E-01  2.5966418E-04 -1.6837905E-01  1.0555092E-04 -7.2851495E-06 -5.7383606E-05
 3.89000200E+03  1.7078667E+00  1.8377232E+00 -1.6866570E-01  3.0786666E-01  2.2319675E-04 -1.6866570E-01  1.0535170E-04 -7.3017950E-06 -5.7276456E-05
 3.90000200E+03  1.7083929E+00  1.8376866E+00 -1.6895182E-01  3.0839292E-01  1.8664645E-04 -1.6895182E-01  1.0515290E-04 -7.3182992E-06 -5.7169532E-05
 3.91000200E+03  1.7089182E+00  1.8376500E+00 -1.6923740E-01  3.0891819E-01  1.5001397E-04 -1.6923740E-01  1.0495451E-04 -7.3346627E-06 -5.7062833E-05
 3.92000200E+03  1.7094425E+00  1.8376133E+00 -1.6952245E-01  3.0944247E-01  1.1330004E-04 -1.6952245E-01  1.0475655E-04 -7.3508863E-06 -5.6956358E-05
 3.93000200E+03  1.7099658E+00  1.8375765E+00 -1.6980696E-01  3.0996576E-01  7.6505327E-05 -1.6980696E-01  1.0455899E-04 -7.3669708E-06 -5.6850106E-05
 3.94000200E+03  1.7104881E+00  1.8375396E+00 -1.7009095E-01  3.1048806E-01  3.9630543E-05 -1.7009095E-01  1.0436185E-04 -7.3829167E-06 -5.6744077E-05
 3.95000200E+03  1.7110094E+00  1.8375027E+00 -1.7037440E-01  3.1100938E-01  2.6763737E-06 -1.7037440E-01  1.0416513E-04 -7.3987247E-06 -5.6638270E-05
 3.96000200E+03  1.7115297E+00  1.8374656E+00 -1.7065733E-01  3.1152971E-01 -3.4356493E-05 -1.7065733E-01  1.0396881E-04 -7.4143959E-06 -5.6532686E-05
 3.97000200E+03  1.7120491E+00  1.8374285E+00 -1.7093973E-01  3.1204906E-01 -7.1467373E-05 -1.7093973E-01  1.0377290E-04 -7.4299305E-06 -5.6427322E-05
 3.98000200E+03  1.7125674E+00  1.8373913E+00 -1.7122160E-01  3.1256744E-01 -1.0865559E-04 -1.7122160E-01  1.0357741E-04 -7.4453295E-06 -5.6322179E-05
 3.99000200E+03  1.7130848E+00  1.8373541E+00 -1.7150295E-01  3.1308484E-01 -1.4592046E-04 -1.7150295E-01  1.0338232E-04 -7.4605934E-06 -5.6217255E-05
 4.00000200E+03  1.7136013E+00  1.8373167E+00 -1.7178378E-01  3.1360126E-01 -1.8326131E-04 -1.7178378E-01  1.0318764E-04 -7.4757230E-06 -5.6112551E-05
 4.01000200E+03  1.7141167E+00  1.8372793E+00 -1.7206408E-01  3.1411672E-01 -2.2067748E-04 -1.7206408E-01  1.0299336E-04 -7.4907190E-06 -5.6008066E-05
 4.02000200E+03  1.7146312E+00  1.8372418E+00 -1.7234386E-01  3.1463120E-01 -2.5816830E-04 -1.7234386E-01  1.0279949E-04 -7.5055819E-06 -5.5903799E-05
 4.03000200E+03  1.7151447E+00  1.8372043E+00 -1.7262312E-01  3.1514471E-01 -2.9573309E-04 -1.7262312E-01  1.0260603E-04 -7.5203127E-06 -5.5799750E-05
 4.04000200E+03  1.7156573E+00  1.8371666E+00 -1.7290186E-01  3.1565726E-01 -3.3337122E-04 -1.7290186E-01  1.0241296E-04 -7.5349118E-06 -5.5695917E-05
 4.05000200E+03  1.7161688E+00  1.8371289E+00 -1.7318008E-01  3.1616884E-01 -3.7108201E-04 -1.7318008E-01  1.0222030E-04 -7.5493799E-06 -5.5592301E-05
 4.06000200E+03  1.7166795E+00  1.8370911E+00 -1.7345778E-01  3.1667946E-01 -4.0886481E-04 -1.7345778E-01  1.0202804E-04 -7.5637178E-06 -5.5488901E-05
 4.07000200E+03  1.7171891E+00  1.8370533E+00 -1.7373497E-01  3.1718912E-01 -4.4671898E-04 -1.7373497E-01  1.0183618E-04 -7.5779260E-06 -5.5385716E-05
 4.08000200E+03  1.7176978E+00  1.8370154E+00 -1.7401164E-01  3.1769782E-01 -4.8464387E-04 -1.7401164E-01  1.0164472E-04 -7.5920053E-06 -5.5282745E-05
 4.09000200E+03  1.7182056E+00  1.8369774E+00 -1.7428779E-01  3.1820557E-01 -5.2263884E-04 -1.7428779E-01  1.0145365E-04 -7.6059562E-06 -5.5179989E-05
 4.10000200E+03  1.7187124E+00  1.8369393E+00 -1.7456344E-01  3.1871236E-01 -5.6070324E-04 -1.7456344E-01  1.0126298E-04 -7.6197795E-06 -5.5077447E-05
 4.11000200E+03  1.7192182E+00  1.8369012E+00 -1.7483857E-01  3.1921820E-01 -5.9883643E-04 -1.7483857E-01  1.0107271E-04 -7.6334758E-06 -5.4975117E-05
 4.12000200E+03  1.7197231E+00  1.8368630E+00 -1.7511319E-01  3.1972309E-01 -6.3703780E-04 -1.7511319E-01  1.0088284E-04 -7.6470458E-06 -5.4872999E-05
 4.13000200E+03  1.7202270E+00  1.8368247E+00 -1.7538730E-01  3.2022703E-01 -6.7530670E-04 -1.7538730E-01  1.0069335E-04 -7.6604901E-06 -5.4771094E-05
 4.14000200E+03  1.7207300E+00  1.8367864E+00 -1.7566090E-01  3.2073002E-01 -7.1364250E-04 -1.7566090E-01  1.0050426E-04 -7.6738093E-06 -5.4669399E-05
 4.15000200E+03  1.7212321E+00  1.8367480E+00 -1.7593399E-01  3.2123207E-01 -7.5204459E-04 -1.7593399E-01  1.0031556E-04 -7.6870040E-06 -5.4567916E-05
 4.16000200E+03  1.7217332E+00  1.8367095E+00 -1.7620658E-01  3.2173318E-01 -7.9051235E-04 -1.7620658E-01  1.0012725E-04 -7.7000750E-06 -5.4466643E-05
 4.17000200E+03  1.7222333E+00  1.8366710E+00 -1.7647866E-01  3.2223334E-01 -8.2904515E-04 -1.7647866E-01  9.9939336E-05 -7.7130227E-06 -5.4365579E-05
 4.18000200E+03  1.7227326E+00  1.8366324E+00 -1.7675024E-01  3.2273257E-01 -8.6764239E-04 -1.7675024E-01  9.9751807E-05 -7.7258480E-06 -5.4264725E-05
 4.19000200E+03  1.7232309E+00  1.8365937E+00 -1.7702131E-01  3.2323086E-01 -9.0630344E-04 -1.7702131E-01  9.9564665E-05 -7.7385514E-06 -5.4164078E-05
 4.20000200E+03  1.7237282E+00  1.8365550E+00 -1.7729188E-01  3.2372822E-01 -9.4502771E-04 -1.7729188E-01  9.9377910E-05 -7.7511334E-06 -5.4063640E-05
 4.21000200E+03  1.7242246E+00  1.8365162E+00 -1.7756194E-01  3.2422464E-01 -9.8381459E-04 -1.7756194E-01  9.9191541E-05 -7.7635948E-06 -5.3963409E-05
 4.22000200E+03  1.7247201E+00  1.8364773E+00 -1.7783151E-01  3.2472014E-01 -1.0226635E-03 -1.7783151E-01  9.9005557E-05 -7.7759361E-06 -5.3863385E-05
 4.23000200E+03  1.7252147E+00  1.8364384E+00 -1.7810058E-01  3.2521470E-01 -1.0615738E-03 -1.7810058E-01  9.8819956E-05 -7.7881580E-06 -5.3763568E-05
 4.24000200E+03  1.7257083E+00  1.8363995E+00 -1.7836915E-01  3.2570834E-01 -1.1005449E-03 -1.7836915E-01  9.8634739E-05 -7.8002611E-06 -5.3663956E-05
 4.25000200E+03  1.7262010E+00  1.8363604E+00 -1.7863722E-01  3.2620105E-01 -1.1395762E-03 -1.7863722E-01  9.8449903E-05 -7.8122458E-06 -5.3564549E-05
 4.26000200E+03  1.7266928E+00  1.8363213E+00 -1.7890479E-01  3.2669283E-01 -1.1786671E-03 -1.7890479E-01  9.8265449E-05 -7.8241130E-06 -5.3465348E-05
 4.27000200E+03  1.7271837E+00  1.8362822E+00 -1.7917187E-01  3.2718370E-01 -1.2178171E-03 -1.7917187E-01  9.8081374E-05 -7.8358632E-06 -5.3366350E-05
 4.28000200E+03  1.7276736E+00  1.8362430E+00 -1.7943846E-01  3.2767365E-01 -1.2570256E-03 -1.7943846E-01  9.7897679E-05 -7.8474970E-06 -5.3267556E-05
 4.29000200E+03  1.7281627E+00  1.8362037E+00 -1.7970455E-01  3.2816268E-01 -1.2962919E-03 -1.7970455E-01  9.7714362E-05 -7.8590149E-06 -5.3168965E-05
 4.30000200E+03  1.7286508E+00  1.8361644E+00 -1.7997015E-01  3.2865079E-01 -1.3356156E-03 -1.7997015E-01  9.7531422E-05 -7.8704176E-06 -5.3070577E-05
 4.31000200E+03  1.7291380E+00  1.8361250E+00 -1.8023525E-01  3.2913799E-01 -1.3749959E-03 -1.8023525E-01  9.7348858E-05 -7.8817057E-06 -5.2972391E-05
 4.32000200E+03  1.7296243E+00  1.8360856E+00 -1.8049987E-01  3.2962428E-01 -1.4144324E-03 -1.8049987E-01  9.7166669E-05 -7.8928796E-06 -5.2874406E-05
 4.33000200E+03  1.7301195E+00  1.8360453E+00 -1.8076924E-01  3.3011954E-01 -1.4546818E-03 -1.8076924E-01  9.7839802E-05 -8.0166825E-06 -5.3355365E-05
 4.34000200E+03  1.7306049E+00  1.8360056E+00 -1.8103349E-01  3.3060490E-01 -1.4943520E-03 -1.8103349E-01  9.6802367E-05 -7.9158565E-06 -5.2679781E-05
 4.35000200E+03  1.7310884E+00  1.8359660E+00 -1.8129662E-01  3.3108843E-01 -1.5339535E-03 -1.8129662E-01  9.6611900E-05 -7.9254444E-06 -5.2576111E-05
 4.36000200E+03  1.7315710E+00  1.8359264E+00 -1.8155926E-01  3.3157103E-01 -1.5736076E-03 -1.8155926E-01  9.6431133E-05 -7.9361504E-06 -5.2478876E-05
 4.37000200E+03  1.7320527E+00  1.8358867E+00 -1.8182141E-01  3.3205274E-01 -1.6133149E-03 -1.8182141E-01  9.6250788E-05 -7.9467547E-06 -5.2381880E-05
 4.38000200E+03  1.7325335E+00  1.8358469E+00 -1.8208308E-01  3.3253354E-01 -1.6530749E-03 -1.8208308E-01  9.6070861E-05 -7.9572522E-06 -5.2285109E-05
 4.39000200E+03  1.7330134E+00  1.8358071E+00 -1.8234426E-01  3.3301345E-01 -1.6928872E-03 -1.8234426E-01  9.5891303E-05 -7.9676399E-06 -5.2188536E-05
 4.40000200E+03  1.7334925E+00  1.8357672E+00 -1.8260497E-01  3.3349245E-01 -1.7327512E-03 -1.8260497E-01  9.5713520E-05 -7.9779258E-06 -5.2092437E-05
 4.41000200E+03  1.7339706E+00  1.8357273E+00 -1.8286520E-01  3.3397059E-01 -1.7726681E-03 -1.8286520E-01  9.5539351E-05 -7.9885930E-06 -5.1999275E-05
 4.42000200E+03  1.7344478E+00  1.8356874E+00 -1.8312496E-01  3.3444784E-01 -1.8126363E-03 -1.8312496E-01  9.5360928E-05 -7.9986628E-06 -5.1903318E-05
 4.43000200E+03  1.7349242E+00  1.8356473E+00 -1.8338423E-01  3.3492420E-01 -1.8526546E-03 -1.8338423E-01  9.5181598E-05 -8.0086108E-06 -5.1807280E-05
 4.44000200E+03  1.7353997E+00  1.8356073E+00 -1.8364302E-01  3.3539965E-01 -1.8927209E-03 -1.8364302E-01  9.5000667E-05 -8.0180946E-06 -5.1709528E-05
 4.45000200E+03  1.7358742E+00  1.8355672E+00 -1.8390133E-01  3.3587421E-01 -1.9328358E-03 -1.8390133E-01  9.4823318E-05 -8.0278306E-06 -5.1614037E-05
 4.46000200E+03  1.7363479E+00  1.8355270E+00 -1.8415916E-01  3.3634789E-01 -1.9729991E-03 -1.8415916E-01  9.4646313E-05 -8.0374646E-06 -5.1518833E-05
 4.47000200E+03  1.7368207E+00  1.8354868E+00 -1.8441652E-01  3.3682068E-01 -2.0132103E-03 -1.8441652E-01  9.4469670E-05 -8.0469932E-06 -5.1423824E-05
 4.48000200E+03  1.7372926E+00  1.8354465E+00 -1.8467340E-01  3.3729258E-01 -2.0534688E-03 -1.8467340E-01  9.4293619E-05 -8.0564329E-06 -5.1329126E-05
 4.49000200E+03  1.7377636E+00  1.8354062E+00 -1.8492981E-01  3.3776361E-01 -2.0937744E-03 -1.8492981E-01  9.4117768E-05 -8.0657617E-06 -5.1234551E-05
 4.50000200E+03  1.7382338E+00  1.8353659E+00 -1.8518575E-01  3.3823376E-01 -2.1341263E-03 -1.8518575E-01  9.3942203E-05 -8.0749770E-06 -5.1140121E-05
 4.51000200E+03  1.7387030E+00  1.8353255E+00 -1.8544121E-01  3.3870304E-01 -2.1745240E-03 -1.8544121E-01  9.3766996E-05 -8.0840888E-06 -5.1045881E-05
 4.52000200E+03  1.7391714E+00  1.8352850E+00 -1.8569621E-01  3.3917143E-01 -2.2149670E-03 -1.8569621E-01  9.3592146E-05 -8.0930976E-06 -5.0951834E-05
 4.53000200E+03  1.7396390E+00  1.8352445E+00 -1.8595073E-01  3.3963896E-01 -2.2554548E-03 -1.8595073E-01  9.3417652E-05 -8.1020041E-06 -5.0857977E-05
 4.54000200E+03  1.7401056E+00  1.8352040E+00 -1.8620479E-01  3.4010561E-01 -2.2959869E-03 -1.8620479E-01  9.3243513E-05 -8.1108089E-06 -5.0764311E-05
 4.55000200E+03  1.7405714E+00  1.8351634E+00 -1.8645837E-01  3.4057139E-01 -2.3365627E-03 -1.8645837E-01  9.3069729E-05 -8.1195124E-06 -5.0670834E-05
 4.56000200E+03  1.7410363E+00  1.8351228E+00 -1.8671149E-01  3.4103631E-01 -2.3771818E-03 -1.8671149E-01  9.2896298E-05 -8.1281150E-06 -5.0577548E-05
 4.57000200E+03  1.7415004E+00  1.8350822E+00 -1.8696415E-01  3.4150036E-01 -2.4178437E-03 -1.8696415E-01  9.2723220E-05 -8.1366175E-06 -5.0484450E-05
 4.58000200E+03  1.7419635E+00  1.8350415E+00 -1.8721634E-01  3.4196354E-01 -2.4585479E-03 -1.8721634E-01  9.2550494E-05 -8.1450203E-06 -5.0391541E-05
 4.59000200E+03  1.7424259E+00  1.8350007E+00 -1.8746806E-01  3.4242586E-01 -2.4992938E-03 -1.8746806E-01  9.2378119E-05 -8.1533238E-06 -5.0298819E-05
 4.60000200E+03  1.7428873E+00  1.8349599E+00 -1.8771933E-01  3.4288732E-01 -2.5400809E-03 -1.8771933E-01  9.2206094E-05 -8.1615287E-06 -5.0206286E-05
 4.61000200E+03  1.7433479E+00  1.8349191E+00 -1.8797013E-01  3.4334792E-01 -2.5809089E-03 -1.8797013E-01  9.2034419E-05 -8.1696353E-06 -5.0113939E-05
 4.62000200E+03  1.7438077E+00  1.8348782E+00 -1.8822047E-01  3.4380767E-01 -2.6217771E-03 -1.8822047E-01  9.1863092E-05 -8.1776443E-06 -5.0021779E-05
 4.63000200E+03  1.7442666E+00  1.8348373E+00 -1.8847035E-01  3.4426655E-01 -2.6626852E-03 -1.8847035E-01  9.1692112E-05 -8.1855561E-06 -4.9929805E-05
 4.64000200E+03  1.7447246E+00  1.8347964E+00 -1.8871976E-01  3.4472459E-01 -2.7036326E-03 -1.8871976E-01  9.1521479E-05 -8.1933713E-06 -4.9838017E-05
 4.65000200E+03  1.7451818E+00  1.8347554E+00 -1.8896873E-01  3.4518177E-01 -2.7446188E-03 -1.8896873E-01  9.1351192E-05 -8.2010904E-06 -4.9746415E-05
 4.66000200E+03  1.7456381E+00  1.8347144E+00 -1.8921723E-01  3.4563810E-01 -2.7856433E-03 -1.8921723E-01  9.1181251E-05 -8.2087137E-06 -4.9654997E-05
 4.67000200E+03  1.7460936E+00  1.8346733E+00 -1.8946528E-01  3.4609358E-01 -2.8267057E-03 -1.8946528E-01  9.1011653E-05 -8.2162418E-06 -4.9563763E-05
 4.68000200E+03  1.7465482E+00  1.8346322E+00 -1.8971287E-01  3.4654822E-01 -2.8678056E-03 -1.8971287E-01  9.0842399E-05 -8.2236754E-06 -4.9472713E-05
 4.69000200E+03  1.7470020E+00  1.8345911E+00 -1.8996000E-01  3.4700201E-01 -2.9089423E-03 -1.8996000E-01  9.0673487E-05 -8.2310147E-06 -4.9381847E-05
 4.70000200E+03  1.7474550E+00  1.8345499E+00 -1.9020669E-01  3.4745495E-01 -2.9501156E-03 -1.9020669E-01  9.0504917E-05 -8.2382603E-06 -4.9291163E-05
 4.71000200E+03  1.7479071E+00  1.8345087E+00 -1.9045292E-01  3.4790706E-01 -2.9913248E-03 -1.9045292E-01  9.0336689E-05 -8.2454128E-06 -4.9200662E-05
 4.72000200E+03  1.7483583E+00  1.8344674E+00 -1.9069869E-01  3.4835832E-01 -3.0325696E-03 -1.9069869E-01  9.0168800E-05 -8.2524724E-06 -4.9110343E-05
 4.73000200E+03  1.7488087E+00  1.8344262E+00 -1.9094402E-01  3.4880874E-01 -3.0738494E-03 -1.9094402E-01  9.0001250E-05 -8.2594399E-06 -4.9020206E-05
 4.74000200E+03  1.7492583E+00  1.8343848E+00 -1.9118889E-01  3.4925833E-01 -3.1151638E-03 -1.9118889E-01  8.9834039E-05 -8.2663156E-06 -4.8930249E-05
 4.75000200E+03  1.7497071E+00  1.8343435E+00 -1.9143332E-01  3.4970709E-01 -3.1565124E-03 -1.9143332E-01  8.9667165E-05 -8.2731000E-06 -4.8840474E-05
 4.76000200E+03  1.7501550E+00  1.8343021E+00 -1.9167730E-01  3.5015500E-01 -3.1978947E-03 -1.9167730E-01  8.9500629E-05 -8.2797937E-06 -4.8750879E-05
 4.77000200E+03  1.7506021E+00  1.8342607E+00 -1.9192083E-01  3.5060209E-01 -3.2393102E-03 -1.9192083E-01  8.9334428E-05 -8.2863969E-06 -4.8661463E-05
 4.78000200E+03  1.7510483E+00  1.8342192E+00 -1.9216391E-01  3.5104835E-01 -3.2807585E-03 -1.9216391E-01  8.9168563E-05 -8.2929104E-06 -4.8572227E-05
 4.79000200E+03  1.7514938E+00  1.8341778E+00 -1.9240655E-01  3.5149378E-01 -3.3222391E-03 -1.9240655E-01  8.9003032E-05 -8.2993344E-06 -4.8483170E-05
 4.80000200E+03  1.7519384E+00  1.8341362E+00 -1.9264875E-01  3.5193838E-01 -3.3637517E-03 -1.9264875E-01  8.8837834E-05 -8.3056695E-06 -4.8394291E-05
 4.81000200E+03  1.7523822E+00  1.8340947E+00 -1.9289050E-01  3.5238216E-01 -3.4052957E-03 -1.9289050E-01  8.8672970E-05 -8.3119161E-06 -4.8305590E-05
 4.82000200E+03  1.7528251E+00  1.8340531E+00 -1.9313180E-01  3.5282511E-01 -3.4468707E-03 -1.9313180E-01  8.8508437E-05 -8.3180747E-06 -4.8217067E-05
 4.83000200E+03  1.7532672E+00  1.8340115E+00 -1.9337267E-01  3.5326724E-01 -3.4884763E-03 -1.9337267E-01  8.8344235E-05 -8.3241459E-06 -4.8128721E-05
 4.84000200E+03  1.7537086E+00  1.8339699E+00 -1.9361309E-01  3.5370855E-01 -3.5301120E-03 -1.9361309E-01  8.8180364E-05 -8.3301299E-06 -4.8040551E-05
 4.85000200E+03  1.7541511E+00  1.8339281E+00 -1.9385397E-01  3.5415108E-01 -3.5718941E-03 -1.9385397E-01  8.9536704E-05 -8.5188696E-06 -4.8929325E-05
 4.86000200E+03  1.7545924E+00  1.8338862E+00 -1.9409459E-01  3.5459235E-01 -3.6138161E-03 -1.9409459E-01  8.7862092E-05 -8.3436463E-06 -4.7871437E-05
 4.87000200E+03  1.7550312E+00  1.8338445E+00 -1.9433369E-01  3.5503119E-01 -3.6555397E-03 -1.9433369E-01  8.7683692E-05 -8.3470815E-06 -4.7773387E-05
 4.88000200E+03  1.7554692E+00  1.8338027E+00 -1.9457233E-01  3.5546920E-01 -3.6972891E-03 -1.9457233E-01  8.7520986E-05 -8.3526947E-06 -4.7685817E-05
 4.89000200E+03  1.7559064E+00  1.8337609E+00 -1.9481055E-01  3.5590640E-01 -3.7390665E-03 -1.9481055E-01  8.7358778E-05 -8.3582485E-06 -4.7598536E-05
 4.90000200E+03  1.7563428E+00  1.8337191E+00 -1.9504832E-01  3.5634279E-01 -3.7808714E-03 -1.9504832E-01  8.7196904E-05 -8.3637155E-06 -4.7511347E-05
 4.91000200E+03  1.7567784E+00  1.8336773E+00 -1.9528566E-01  3.5677837E-01 -3.8227035E-03 -1.9528566E-01  8.7035342E-05 -8.3691003E-06 -4.7424412E-05
 4.92000200E+03  1.7572131E+00  1.8336354E+00 -1.9552256E-01  3.5721315E-01 -3.8645623E-03 -1.9552256E-01  8.6874111E-05 -8.3744027E-06 -4.7337654E-05
 4.93000200E+03  1.7576471E+00  1.8335936E+00 -1.9575904E-01  3.5764712E-01 -3.9064482E-03 -1.9575904E-01  8.6718297E-05 -8.3800923E-06 -4.7253792E-05
 4.94000200E+03  1.7580803E+00  1.8335516E+00 -1.9599510E-01  3.5808032E-01 -3.9483618E-03 -1.9599510E-01  8.6558119E-05 -8.3852930E-06 -4.7167654E-05
 4.95000200E+03  1.7585127E+00  1.8335097E+00 -1.9623072E-01  3.5851271E-01 -3.9903009E-03 -1.9623072E-01  8.6397840E-05 -8.3903489E-06 -4.7081405E-05
 4.96000200E+03  1.7589443E+00  1.8334677E+00 -1.9646591E-01  3.5894430E-01 -4.0322651E-03 -1.9646591E-01  8.6237867E-05 -8.3953214E-06 -4.6995320E-05
 4.97000200E+03  1.7593751E+00  1.8334257E+00 -1.9670067E-01  3.5937509E-01 -4.0742540E-03 -1.9670067E-01  8.6078224E-05 -8.4002133E-06 -4.6909411E-05
 4.98000200E+03  1.7598051E+00  1.8333837E+00 -1.9693500E-01  3.5980508E-01 -4.1162671E-03 -1.9693500E-01  8.5918901E-05 -8.4050244E-06 -4.6823672E-05
 4.99000200E+03  1.7602343E+00  1.8333417E+00 -1.9716891E-01  3.6023427E-01 -4.1583041E-03 -1.9716891E-01  8.5759896E-05 -8.4097551E-06 -4.6738105E-05
 5.00000200E+03  1.7606627E+00  1.8332996E+00 -1.9740238E-01  3.6066268E-01 -4.2003645E-03 -1.9740238E-01  8.5601209E-05 -8.4144057E-06 -4.6652706E-05
 5.01000200E+03  1.7610903E+00  1.8332576E+00 -1.9763544E-01  3.6109029E-01 -4.2424480E-03 -1.9763544E-01  8.5442840E-05 -8.4189767E-06 -4.6567478E-05
 5.02000200E+03  1.7615171E+00  1.8332154E+00 -1.9786806E-01  3.6151711E-01 -4.2845542E-03 -1.9786806E-01  8.5284787E-05 -8.4234685E-06 -4.6482419E-05
 5.03000200E+03  1.7619431E+00  1.8331733E+00 -1.9810026E-01  3.6194314E-01 -4.3266826E-03 -1.9810026E-01  8.5127050E-05 -8.4278814E-06 -4.6397528E-05
 5.04000200E+03  1.7623684E+00  1.8331312E+00 -1.9833204E-01  3.6236838E-01 -4.3688329E-03 -1.9833204E-01  8.4969885E-05 -8.4322407E-06 -4.6312943E-05
 5.05000200E+03  1.7627928E+00  1.8330890E+00 -1.9856339E-01  3.6279283E-01 -4.4110048E-03 -1.9856339E-01  8.4812793E-05 -8.4365000E-06 -4.6228399E-05
 5.06000200E+03  1.7632165E+00  1.8330468E+00 -1.9879432E-01  3.6321651E-01 -4.4531978E-03 -1.9879432E-01  8.4655998E-05 -8.4406792E-06 -4.6144012E-05
 5.07000200E+03  1.7636394E+00  1.8330046E+00 -1.9902483E-01  3.6363939E-01 -4.4954115E-03 -1.9902483E-01  8.4499515E-05 -8.4447813E-06 -4.6059791E-05
 5.08000200E+03  1.7640615E+00  1.8329624E+00 -1.9925492E-01  3.6406150E-01 -4.5376455E-03 -1.9925492E-01  8.4343345E-05 -8.4488067E-06 -4.5975737E-05
 5.09000200E+03  1.7644828E+00  1.8329201E+00 -1.9948459E-01  3.6448283E-01 -4.5798994E-03 -1.9948459E-01  8.4187486E-05 -8.4527557E-06 -4.5891850E-05
 5.10000200E+03  1.7649034E+00  1.8328778E+00 -1.9971384E-01  3.6490338E-01 -4.6221729E-03 -1.9971384E-01  8.4031938E-05 -8.4566288E-06 -4.5808128E-05
 5.11000200E+03  1.7653231E+00  1.8328355E+00 -1.9994267E-01  3.6532315E-01 -4.6644656E-03 -1.9994267E-01  8.3876700E-05 -8.4604265E-06 -4.5724572E-05
 5.12000200E+03  1.7657421E+00  1.8327932E+00 -2.0017108E-01  3.6574214E-01 -4.7067771E-03 -2.0017108E-01  8.3721771E-05 -8.4641491E-06 -4.5641181E-05
 5.13000200E+03  1.7661604E+00  1.8327509E+00 -2.0039908E-01  3.6616037E-01 -4.7491070E-03 -2.0039908E-01  8.3567151E-05 -8.4677970E-06 -4.5557955E-05
 5.14000200E+03  1.7665778E+00  1.8327085E+00 -2.0062666E-01  3.6657782E-01 -4.7914549E-03 -2.0062666E-01  8.3412838E-05 -8.4713705E-06 -4.5474893E-05
 5.15000200E+03  1.7669945E+00  1.8326662E+00 -2.0085383E-01  3.6699449E-01 -4.8338205E-03 -2.0085383E-01  8.3258832E-05 -8.4748702E-06 -4.5391995E-05
 5.16000200E+03  1.7674104E+00  1.8326238E+00 -2.0108058E-01  3.6741040E-01 -4.8762035E-03 -2.0108058E-01  8.3105133E-05 -8.4782963E-06 -4.5309260E-05
 5.17000200E+03  1.7678255E+00  1.8325814E+00 -2.0130692E-01  3.6782555E-01 -4.9186034E-03 -2.0130692E-01  8.2951739E-05 -8.4816494E-06 -4.5226689E-05
 5.18000200E+03  1.7682399E+00  1.8325390E+00 -2.0153285E-01  3.6823992E-01 -4.9610199E-03 -2.0153285E-01  8.2798650E-05 -8.4849297E-06 -4.5144280E-05
 5.19000200E+03  1.7686535E+00  1.8324965E+00 -2.0175837E-01  3.6865353E-01 -5.0034526E-03 -2.0175837E-01  8.2645866E-05 -8.4881376E-06 -4.5062034E-05
 5.20000200E+03  1.7690664E+00  1.8324541E+00 -2.0198347E-01  3.6906638E-01 -5.0459011E-03 -2.0198347E-01  8.2493394E-05 -8.4912744E-06 -4.4979954E-05
 5.21000200E+03  1.7694785E+00  1.8324116E+00 -2.0220816E-01  3.6947847E-01 -5.0883652E-03 -2.0220816E-01  8.2341217E-05 -8.4943393E-06 -4.4898033E-05
 5.22000200E+03  1.7698898E+00  1.8323692E+00 -2.0243245E-01  3.6988979E-01 -5.1308444E-03 -2.0243245E-01  8.2189341E-05 -8.4973325E-06 -4.4816272E-05
 5.23000200E+03  1.7703004E+00  1.8323267E+00 -2.0265633E-01  3.7030036E-01 -5.1733384E-03 -2.0265633E-01  8.2037766E-05 -8.5002549E-06 -4.4734671E-05
 5.24000200E+03  1.7707102E+00  1.8322842E+00 -2.0287980E-01  3.7071017E-01 -5.2158468E-03 -2.0287980E-01  8.1886491E-05 -8.5031069E-06 -4.4653231E-05
 5.25000200E+03  1.7711192E+00  1.8322416E+00 -2.0310286E-01  3.7111923E-01 -5.2583694E-03 -2.0310286E-01  8.1735517E-05 -8.5058888E-06 -4.4571950E-05
 5.26000200E+03  1.7715275E+00  1.8321991E+00 -2.0332552E-01  3.7152753E-01 -5.3009056E-03 -2.0332552E-01  8.1584841E-05 -8.5086011E-06 -4.4490830E-05
 5.27000200E+03  1.7719351E+00  1.8321565E+00 -2.0354777E-01  3.7193507E-01 -5.3434553E-03 -2.0354777E-01  8.1434465E-05 -8.5112441E-06 -4.4409869E-05
 5.28000200E+03  1.7723419E+00  1.8321140E+00 -2.0376962E-01  3.7234187E-01 -5.3860179E-03 -2.0376962E-01  8.1284386E-05 -8.5138182E-06 -4.4329066E-05
 5.29000200E+03  1.7727493E+00  1.8320713E+00 -2.0399178E-01  3.7274935E-01 -5.4287196E-03 -2.0399178E-01  8.1534673E-05 -8.5787120E-06 -4.4523280E-05
 5.30000200E+03  1.7731550E+00  1.8320286E+00 -2.0421307E-01  3.7315500E-01 -5.4713687E-03 -2.0421307E-01  8.0969557E-05 -8.5174335E-06 -4.4160065E-05
 5.31000200E+03  1.7735595E+00  1.8319860E+00 -2.0443367E-01  3.7355947E-01 -5.5139605E-03 -2.0443367E-01  8.0828139E-05 -8.5202858E-06 -4.4083203E-05
 5.32000200E+03  1.7739632E+00  1.8319434E+00 -2.0465389E-01  3.7396325E-01 -5.5565689E-03 -2.0465389E-01  8.0681055E-05 -8.5228740E-06 -4.4004179E-05
 5.33000200E+03  1.7743663E+00  1.8319008E+00 -2.0487371E-01  3.7436628E-01 -5.5991889E-03 -2.0487371E-01  8.0532497E-05 -8.5251118E-06 -4.3924191E-05
 5.34000200E+03  1.7747686E+00  1.8318582E+00 -2.0509313E-01  3.7476857E-01 -5.6418199E-03 -2.0509313E-01  8.0384213E-05 -8.5272796E-06 -4.3844346E-05
 5.35000200E+03  1.7751701E+00  1.8318155E+00 -2.0531215E-01  3.7517012E-01 -5.6844616E-03 -2.0531215E-01  8.0236210E-05 -8.5293796E-06 -4.3764652E-05
 5.36000200E+03  1.7755709E+00  1.8317729E+00 -2.0553078E-01  3.7557094E-01 -5.7271136E-03 -2.0553078E-01  8.0088516E-05 -8.5314157E-06 -4.3685122E-05
 5.37000200E+03  1.7759710E+00  1.8317302E+00 -2.0574900E-01  3.7597101E-01 -5.7697756E-03 -2.0574900E-01  7.9941109E-05 -8.5333855E-06 -4.3605745E-05
 5.38000200E+03  1.7763704E+00  1.8316876E+00 -2.0596684E-01  3.7637037E-01 -5.8124492E-03 -2.0596684E-01  7.9798973E-05 -8.5358202E-06 -4.3529232E-05
 5.39000200E+03  1.7767690E+00  1.8316449E+00 -2.0618429E-01  3.7676899E-01 -5.8551329E-03 -2.0618429E-01  7.9652189E-05 -8.5376698E-06 -4.3450196E-05
 5.40000200E+03  1.7771669E+00  1.8316022E+00 -2.0640135E-01  3.7716689E-01 -5.8978258E-03 -2.0640135E-01  7.9505634E-05 -8.5394450E-06 -4.3371274E-05
 5.41000200E+03  1.7775641E+00  1.8315595E+00 -2.0661801E-01  3.7756405E-01 -5.9405273E-03 -2.0661801E-01  7.9359368E-05 -8.5411559E-06 -4.3292505E-05
 5.42000200E+03  1.7779605E+00  1.8315168E+00 -2.0683427E-01  3.7796048E-01 -5.9832372E-03 -2.0683427E-01  7.9213386E-05 -8.5428025E-06 -4.3213888E-05
 5.43000200E+03  1.7783562E+00  1.8314740E+00 -2.0705014E-01  3.7835618E-01 -6.0259552E-03 -2.0705014E-01  7.9067693E-05 -8.5443856E-06 -4.3135425E-05
 5.44000200E+03  1.7787512E+00  1.8314313E+00 -2.0726563E-01  3.7875116E-01 -6.0686810E-03 -2.0726563E-01  7.8922290E-05 -8.5459059E-06 -4.3057117E-05
 5.45000200E+03  1.7791454E+00  1.8313886E+00 -2.0748072E-01  3.7914541E-01 -6.1114142E-03 -2.0748072E-01  7.8777173E-05 -8.5473632E-06 -4.2978962E-05
 5.46000200E+03  1.7795389E+00  1.8313458E+00 -2.0769542E-01  3.7953893E-01 -6.1541545E-03 -2.0769542E-01  7.8632342E-05 -8.5487581E-06 -4.2900958E-05
 5.47000200E+03  1.7799317E+00  1.8313031E+00 -2.0790973E-01  3.7993173E-01 -6.1969016E-03 -2.0790973E-01  7.8487797E-05 -8.5500909E-06 -4.2823107E-05
 5.48000200E+03  1.7803238E+00  1.8312603E+00 -2.0812365E-01  3.8032381E-01 -6.2396553E-03 -2.0812365E-01  7.8343536E-05 -8.5513617E-06 -4.2745408E-05
 5.49000200E+03  1.7807152E+00  1.8312176E+00 -2.0833718E-01  3.8071517E-01 -6.2824152E-03 -2.0833718E-01  7.8199558E-05 -8.5525712E-06 -4.2667860E-05
 5.50000200E+03  1.7811058E+00  1.8311748E+00 -2.0855033E-01  3.8110581E-01 -6.3251809E-03 -2.0855033E-01  7.8055864E-05 -8.5537195E-06 -4.2590463E-05
 5.51000200E+03  1.7814957E+00  1.8311320E+00 -2.0876309E-01  3.8149573E-01 -6.3679523E-03 -2.0876309E-01  7.7912635E-05 -8.5548240E-06 -4.2513309E-05
 5.52000200E+03  1.7818849E+00  1.8310893E+00 -2.0897546E-01  3.8188493E-01 -6.4107290E-03 -2.0897546E-01  7.7769561E-05 -8.5558600E-06 -4.2436250E-05
 5.53000200E+03  1.7822734E+00  1.8310465E+00 -2.0918745E-01  3.8227342E-01 -6.4535108E-03 -2.0918745E-01  7.7626712E-05 -8.5568269E-06 -4.2359303E-05
 5.54000200E+03  1.7826612E+00  1.8310037E+00 -2.0939905E-01  3.8266120E-01 -6.4962972E-03 -2.0939905E-01  7.7484143E-05 -8.5577339E-06 -4.2282506E-05
 5.55000200E+03  1.7830483E+00  1.8309609E+00 -2.0961027E-01  3.8304826E-01 -6.5390880E-03 -2.0961027E-01  7.7341854E-05 -8.5585813E-06 -4.2205858E-05
 5.56000200E+03  1.7834346E+00  1.8309181E+00 -2.0982111E-01  3.8343462E-01 -6.5818829E-03 -2.0982111E-01  7.7199845E-05 -8.5593696E-06 -4.2129359E-05
 5.57000200E+03  1.7838203E+00  1.8308753E+00 -2.1003157E-01  3.8382026E-01 -6.6246816E-03 -2.1003157E-01  7.7058114E-05 -8.5600990E-06 -4.2053008E-05
 5.58000200E+03  1.7842052E+00  1.8308325E+00 -2.1024164E-01  3.8420520E-01 -6.6674838E-03 -2.1024164E-01  7.6916661E-05 -8.5607700E-06 -4.1976806E-05
 5.59000200E+03  1.7845894E+00  1.8307897E+00 -2.1045133E-01  3.8458943E-01 -6.7102891E-03 -2.1045133E-01  7.6775201E-05 -8.5613524E-06 -4.1900599E-05
 5.60000200E+03  1.7849730E+00  1.8307469E+00 -2.1066065E-01  3.8497295E-01 -6.7530973E-03 -2.1066065E-01  7.6634282E-05 -8.5619032E-06 -4.1824678E-05
 5.61000200E+03  1.7853558E+00  1.8307041E+00 -2.1086958E-01  3.8535577E-01 -6.7959081E-03 -2.1086958E-01  7.6493659E-05 -8.5624004E-06 -4.1748918E-05
 5.62000200E+03  1.7857379E+00  1.8306613E+00 -2.1107814E-01  3.8573789E-01 -6.8387212E-03 -2.1107814E-01  7.6353313E-05 -8.5628402E-06 -4.1673305E-05
