 2.00000000E-03  1.0392651E-04 -2.0250877E+03  4.0501749E+02  0.0000000E+00 -3.6694582E+04  0.0000000E+00
 1.00020000E+01  4.8837073E+03 -2.6928842E+04 -1.9985919E+02  0.0000000E+00 -3.6694582E+04  0.0000000E+00
 2.00020000E+01  5.9184458E+03 -2.6925758E+04 -1.3589666E+03  0.0000000E+00 -3.6694582E+04  0.0000000E+00
 3.00020000E+01  6.2349290E+03 -2.6926441E+04 -1.7223966E+03  0.0000000E+00 -3.6694582E+04  0.0000000E+00
 4.00020000E+01  6.5543894E+03 -2.6926515E+04 -2.0904235E+03  0.0000000E+00 -3.6694582E+04  0.0000000E+00
 5.00020000E+01  6.8750490E+03 -2.6927152E+04 -2.4596752E+03  0.0000000E+00 -3.6694582E+04  0.0000000E+00
 6.00020000E+01  7.1708105E+03 -2.6927528E+04 -2.7988413E+03  0.0000000E+00 -3.6694582E+04  0.0000000E+00
 7.00020000E+01  7.4373140E+03 -2.6931603E+04 -3.1078146E+03  0.0000000E+00 -3.6694582E+04  0.0000000E+00
 8.00020000E+01  7.6605126E+03 -2.6934428E+04 -3.3657507E+03  0.0000000E+00 -3.6694582E+04  0.0000000E+00
 9.00020000E+01  7.8216579E+03 -2.6940572E+04 -3.5624481E+03  0.0000000E+00 -3.6694582E+04  0.0000000E+00
 1.00002000E+02  7.9892912E+03 -2.6937063E+04 -3.7539885E+03  0.0000000E+00 -3.6694582E+04  0.0000000E+00
 1.10002000E+02  8.1343671E+03 -2.6936277E+04 -3.9258236E+03  0.0000000E+00 -3.6694582E+04  0.0000000E+00
 1.20002000E+02  8.2535867E+03 -2.6939738E+04 -4.0691868E+03  0.0000000E+00 -3.6694582E+04  0.0000000E+00
 1.30002000E+02  8.3575333E+03 -2.6939362E+04 -4.1958393E+03  0.0000000E+00 -3.6694582E+04  0.0000000E+00
 1.40002000E+02  8.4520937E+03 -2.6939577E+04 -4.3118221E+03  0.0000000E+00 -3.6694582E+04  0.0000000E+00
 1.50002000E+02  8.5347048E+03 -2.6940283E+04 -4.4144677E+03  0.0000000E+00 -3.6694582E+04  0.0000000E+00
 1.60002000E+02  8.6476742E+03 -2.6940063E+04 -4.5507622E+03  0.0000000E+00 -3.6694582E+04  0.0000000E+00
 1.70002000E+02  8.7401915E+03 -2.6943996E+04 -4.6671503E+03  0.0000000E+00 -3.6694582E+04  0.0000000E+00
 1.80002000E+02  8.7924682E+03 -2.6944234E+04 -4.7367141E+03  0.0000000E+00 -3.6694582E+04  0.0000000E+00
 1.90002000E+02  8.8373916E+03 -2.6944395E+04 -4.7973620E+03  0.0000000E+00 -3.6694582E+04  0.0000000E+00
 2.00002000E+02  8.8787764E+03 -2.6944388E+04 -4.8539911E+03  0.0000000E+00 -3.6694582E+04  0.0000000E+00
 2.10002000E+02  8.9304163E+03 -2.6941097E+04 -4.9208789E+03  0.0000000E+00 -3.6694582E+04  0.0000000E+00
 2.20002000E+02  8.9374758E+03 -2.6951136E+04 -4.9478891E+03  0.0000000E+00 -3.6694582E+04  0.0000000E+00
 2.30002000E+02  8.9287061E+03 -2.6951407E+04 -4.9485311E+03  0.0000000E+00 -3.6694582E+04  0.0000000E+00
 2.40002000E+02  8.9141186E+03 -2.6951453E+04 -4.9420240E+03  0.0000000E+00 -3.6694582E+04  0.0000000E+00
 2.50002000E+02  8.8968893E+03 -2.6951388E+04 -4.9322857E+03  0.0000000E+00 -3.6694582E+04  0.0000000E+00
 2.60002000E+02  8.8788025E+03 -2.6951286E+04 -4.9214794E+03  0.0000000E+00 -3.6694582E+04  0.0000000E+00
 2.70002000E+02  8.8604545E+03 -2.6951171E+04 -4.9103259E+03  0.0000000E+00 -3.6694582E+04  0.0000000E+00
 2.80002000E+02  8.8420493E+03 -2.6951052E+04 -4.8990729E+03  0.0000000E+00 -3.6694582E+04  0.0000000E+00
 2.90002000E+02  8.8236562E+03 -2.6950933E+04 -4.8878046E+03  0.0000000E+00 -3.6694582E+04  0.0000000E+00
 3.00002000E+02  8.8053000E+03 -2.6950813E+04 -4.8765516E+03  0.0000000E+00 -3.6694582E+04  0.0000000E+00
 3.10002000E+02  8.7869892E+03 -2.6950693E+04 -4.8653239E+03  0.0000000E+00 -3.6694582E+04  0.0000000E+00
 3.20002000E+02  8.7687265E+03 -2.6950575E+04 -4.8541251E+03  0.0000000E+00 -3.6694582E+04  0.0000000E+00
 3.30002000E+02  8.7505126E+03 -2.6950456E+04 -4.8429561E+03  0.0000000E+00 -3.6694582E+04  0.0000000E+00
 3.40002000E+02  8.7323477E+03 -2.6950339E+04 -4.8318172E+03  0.0000000E+00 -3.6694582E+04  0.0000000E+00
 3.50002000E+02  8.7142317E+03 -2.6950222E+04 -4.8207086E+03  0.0000000E+00 -3.6694582E+04  0.0000000E+00
 3.60002000E+02  8.6961644E+03 -2.6950105E+04 -4.8096300E+03  0.0000000E+00 -3.6694582E+04  0.0000000E+00
 3.70002000E+02  8.6781456E+03 -2.6949989E+04 -4.7985813E+03  0.0000000E+00 -3.6694582E+04  0.0000000E+00
 3.80002000E+02  8.6601752E+03 -2.6949874E+04 -4.7875625E+03  0.0000000E+00 -3.6694582E+04  0.0000000E+00
 3.90002000E+02  8.6422529E+03 -2.6949759E+04 -4.7765735E+03  0.0000000E+00 -3.6694582E+04  0.0000000E+00
 4.00002000E+02  8.6243785E+03 -2.6949644E+04 -4.7656140E+03  0.0000000E+00 -3.6694582E+04  0.0000000E+00
 4.10002000E+02  8.6065518E+03 -2.6949530E+04 -4.7546839E+03  0.0000000E+00 -3.6694582E+04  0.0000000E+00
 4.20002000E+02  8.5887727E+03 -2.6949417E+04 -4.7437832E+03  0.0000000E+00 -3.6694582E+04  0.0000000E+00
 4.30002000E+02  8.5710410E+03 -2.6949304E+04 -4.7329119E+03  0.0000000E+00 -3.6694582E+04  0.0000000E+00
 4.40002000E+02  8.5533565E+03 -2.6949192E+04 -4.7220697E+03  0.0000000E+00 -3.6694582E+04  0.0000000E+00
 4.50002000E+02  8.5357189E+03 -2.6949080E+04 -4.7112564E+03  0.0000000E+00 -3.6694582E+04  0.0000000E+00
 4.60002000E+02  8.5181281E+03 -2.6948969E+04 -4.7004721E+03  0.0000000E+00 -3.6694582E+04  0.0000000E+00
 4.70002000E+02  8.5007629E+03 -2.6948838E+04 -4.6899633E+03  0.0000000E+00 -3.6694582E+04  0.0000000E+00
 4.80002000E+02  8.4833333E+03 -2.6948731E+04 -4.6793212E+03  0.0000000E+00 -3.6694582E+04  0.0000000E+00
 4.90002000E+02  8.4658910E+03 -2.6948622E+04 -4.6686357E+03  0.0000000E+00 -3.6694582E+04  0.0000000E+00
 5.00002000E+02  8.4484737E+03 -2.6948513E+04 -4.6579530E+03  0.0000000E+00 -3.6694582E+04  0.0000000E+00
 5.10002000E+02  8.4310949E+03 -2.6948405E+04 -4.6472895E+03  0.0000000E+00 -3.6694582E+04  0.0000000E+00
 5.20002000E+02  8.4137590E+03 -2.6948296E+04 -4.6366510E+03  0.0000000E+00 -3.6694582E+04  0.0000000E+00
 5.30002000E+02  8.3964678E+03 -2.6948189E+04 -4.6260395E+03  0.0000000E+00 -3.6694582E+04  0.0000000E+00
 5.40002000E+02  8.3792216E+03 -2.6948081E+04 -4.6154556E+03  0.0000000E+00 -3.6694582E+04  0.0000000E+00
 5.50002000E+02  8.3620205E+03 -2.6947975E+04 -4.6048995E+03  0.0000000E+00 -3.6694582E+04  0.0000000E+00
 5.60002000E+02  8.3448645E+03 -2.6947869E+04 -4.5943713E+03  0.0000000E+00 -3.6694582E+04  0.0000000E+00
 5.70002000E+02  8.3277533E+03 -2.6947763E+04 -4.5838707E+03  0.0000000E+00 -3.6694582E+04  0.0000000E+00
 5.80002000E+02  8.3106867E+03 -2.6947658E+04 -4.5733977E+03  0.0000000E+00 -3.6694582E+04  0.0000000E+00
 5.90002000E+02  8.2936647E+03 -2.6947553E+04 -4.5629523E+03  0.0000000E+00 -3.6694582E+04  0.0000000E+00
 6.00002000E+02  8.2766871E+03 -2.6947449E+04 -4.5525343E+03  0.0000000E+00 -3.6694582E+04  0.0000000E+00
 6.10002000E+02  8.2597535E+03 -2.6947345E+04 -4.5421435E+03  0.0000000E+00 -3.6694582E+04  0.0000000E+00
 6.20002000E+02  8.2428639E+03 -2.6947242E+04 -4.5317799E+03  0.0000000E+00 -3.6694582E+04  0.0000000E+00
 6.30002000E+02  8.2260183E+03 -2.6947139E+04 -4.5214435E+03  0.0000000E+00 -3.6694582E+04  0.0000000E+00
 6.40002000E+02  8.2092163E+03 -2.6947036E+04 -4.5111340E+03  0.0000000E+00 -3.6694582E+04  0.0000000E+00
 6.50002000E+02  8.1924577E+03 -2.6946935E+04 -4.5008514E+03  0.0000000E+00 -3.6694582E+04  0.0000000E+00
 6.60002000E+02  8.1757424E+03 -2.6946833E+04 -4.4905955E+03  0.0000000E+00 -3.6694582E+04  0.0000000E+00
 6.70002000E+02  8.1590702E+03 -2.6946732E+04 -4.4803663E+03  0.0000000E+00 -3.6694582E+04  0.0000000E+00
 6.80002000E+02  8.1424410E+03 -2.6946632E+04 -4.4701637E+03  0.0000000E+00 -3.6694582E+04  0.0000000E+00
 6.90002000E+02  8.1258547E+03 -2.6946532E+04 -4.4599874E+03  0.0000000E+00 -3.6694582E+04  0.0000000E+00
 7.00002000E+02  8.1093109E+03 -2.6946432E+04 -4.4498376E+03  0.0000000E+00 -3.6694582E+04  0.0000000E+00
 7.10002000E+02  8.0927949E+03 -2.6946329E+04 -4.4396994E+03  0.0000000E+00 -3.6694582E+04  0.0000000E+00
 7.20002000E+02  8.0763284E+03 -2.6946230E+04 -4.4295924E+03  0.0000000E+00 -3.6694582E+04  0.0000000E+00
 7.30002000E+02  8.0599102E+03 -2.6946132E+04 -4.4195190E+03  0.0000000E+00 -3.6694582E+04  0.0000000E+00
 7.40002000E+02  8.0435362E+03 -2.6946035E+04 -4.4094742E+03  0.0000000E+00 -3.6694582E+04  0.0000000E+00
 7.50002000E+02  8.0272049E+03 -2.6945937E+04 -4.3994563E+03  0.0000000E+00 -3.6694582E+04  0.0000000E+00
 7.60002000E+02  8.0109154E+03 -2.6945841E+04 -4.3894644E+03  0.0000000E+00 -3.6694582E+04  0.0000000E+00
 7.70002000E+02  7.9946675E+03 -2.6945744E+04 -4.3794982E+03  0.0000000E+00 -3.6694582E+04  0.0000000E+00
 7.80002000E+02  7.9784610E+03 -2.6945648E+04 -4.3695576E+03  0.0000000E+00 -3.6694582E+04  0.0000000E+00
 7.90002000E+02  7.9616794E+03 -2.6945517E+04 -4.3589066E+03  0.0000000E+00 -3.6694582E+04  0.0000000E+00
 8.00002000E+02  7.9461020E+03 -2.6945433E+04 -4.3496891E+03  0.0000000E+00 -3.6694582E+04  0.0000000E+00
 8.10002000E+02  7.9302139E+03 -2.6945343E+04 -4.3400650E+03  0.0000000E+00 -3.6694582E+04  0.0000000E+00
 8.20002000E+02  7.9142360E+03 -2.6945250E+04 -4.3303059E+03  0.0000000E+00 -3.6694582E+04  0.0000000E+00
 8.30002000E+02  7.8951710E+03 -2.6945167E+04 -4.3166311E+03  0.0000000E+00 -3.6694582E+04  0.0000000E+00
 8.40002000E+02  7.8791917E+03 -2.6945062E+04 -4.3068009E+03  0.0000000E+00 -3.6694582E+04  0.0000000E+00
 8.50002000E+02  7.8634954E+03 -2.6944971E+04 -4.2972892E+03  0.0000000E+00 -3.6694582E+04  0.0000000E+00
 8.60002000E+02  7.8478571E+03 -2.6944880E+04 -4.2878242E+03  0.0000000E+00 -3.6694582E+04  0.0000000E+00
 8.70002000E+02  7.8322590E+03 -2.6944790E+04 -4.2783846E+03  0.0000000E+00 -3.6694582E+04  0.0000000E+00
 8.80002000E+02  7.8166999E+03 -2.6944701E+04 -4.2689691E+03  0.0000000E+00 -3.6694582E+04  0.0000000E+00
 8.90002000E+02  7.8011787E+03 -2.6944612E+04 -4.2595765E+03  0.0000000E+00 -3.6694582E+04  0.0000000E+00
 9.00002000E+02  7.7856956E+03 -2.6944523E+04 -4.2502069E+03  0.0000000E+00 -3.6694582E+04  0.0000000E+00
 9.10002000E+02  7.7702506E+03 -2.6944435E+04 -4.2408605E+03  0.0000000E+00 -3.6694582E+04  0.0000000E+00
 9.20002000E+02  7.7548434E+03 -2.6944347E+04 -4.2315371E+03  0.0000000E+00 -3.6694582E+04  0.0000000E+00
 9.30002000E+02  7.7394740E+03 -2.6944260E+04 -4.2222367E+03  0.0000000E+00 -3.6694582E+04  0.0000000E+00
 9.40002000E+02  7.7241422E+03 -2.6944173E+04 -4.2129591E+03  0.0000000E+00 -3.6694582E+04  0.0000000E+00
 9.50002000E+02  7.7088480E+03 -2.6944086E+04 -4.2037044E+03  0.0000000E+00 -3.6694582E+04  0.0000000E+00
 9.60002000E+02  7.6935910E+03 -2.6943999E+04 -4.1944724E+03  0.0000000E+00 -3.6694582E+04  0.0000000E+00
 9.70002000E+02  7.6783713E+03 -2.6943913E+04 -4.1852630E+03  0.0000000E+00 -3.6694582E+04  0.0000000E+00
 9.80002000E+02  7.6631887E+03 -2.6943828E+04 -4.1760762E+03  0.0000000E+00 -3.6694582E+04  0.0000000E+00
 9.90002000E+02  7.6480431E+03 -2.6943743E+04 -4.1669119E+03  0.0000000E+00 -3.6694582E+04  0.0000000E+00
 1.00000200E+03  7.6329342E+03 -2.6943658E+04 -4.1577699E+03  0.0000000E+00 -3.6694582E+04  0.0000000E+00
 1.01000200E+03  7.6178621E+03 -2.6943573E+04 -4.1486503E+03  0.0000000E+00 -3.6694582E+04  0.0000000E+00
 1.02000200E+03  7.6028265E+03 -2.6943489E+04 -4.1395529E+03  0.0000000E+00 -3.6694582E+04  0.0000000E+00
 1.03000200E+03  7.5878274E+03 -2.6943406E+04 -4.1304777E+03  0.0000000E+00 -3.6694582E+04  0.0000000E+00
 1.04000200E+03  7.5728645E+03 -2.6943322E+04 -4.1214245E+03  0.0000000E+00 -3.6694582E+04  0.0000000E+00
 1.05000200E+03  7.5579379E+03 -2.6943239E+04 -4.1123933E+03  0.0000000E+00 -3.6694582E+04  0.0000000E+00
 1.06000200E+03  7.5430473E+03 -2.6943157E+04 -4.1033841E+03  0.0000000E+00 -3.6694582E+04  0.0000000E+00
 1.07000200E+03  7.5281926E+03 -2.6943074E+04 -4.0943967E+03  0.0000000E+00 -3.6694582E+04  0.0000000E+00
 1.08000200E+03  7.5133737E+03 -2.6942992E+04 -4.0854310E+03  0.0000000E+00 -3.6694582E+04  0.0000000E+00
 1.09000200E+03  7.4985904E+03 -2.6942911E+04 -4.0764871E+03  0.0000000E+00 -3.6694582E+04  0.0000000E+00
 1.10000200E+03  7.4838427E+03 -2.6942830E+04 -4.0675647E+03  0.0000000E+00 -3.6694582E+04  0.0000000E+00
 1.11000200E+03  7.4691304E+03 -2.6942749E+04 -4.0586639E+03  0.0000000E+00 -3.6694582E+04  0.0000000E+00
 1.12000200E+03  7.4544534E+03 -2.6942668E+04 -4.0497846E+03  0.0000000E+00 -3.6694582E+04  0.0000000E+00
 1.13000200E+03  7.4398116E+03 -2.6942588E+04 -4.0409266E+03  0.0000000E+00 -3.6694582E+04  0.0000000E+00
 1.14000200E+03  7.4252049E+03 -2.6942509E+04 -4.0320900E+03  0.0000000E+00 -3.6694582E+04  0.0000000E+00
 1.15000200E+03  7.4106330E+03 -2.6942429E+04 -4.0232745E+03  0.0000000E+00 -3.6694582E+04  0.0000000E+00
 1.16000200E+03  7.3960960E+03 -2.6942350E+04 -4.0144803E+03  0.0000000E+00 -3.6694582E+04  0.0000000E+00
 1.17000200E+03  7.3815936E+03 -2.6942271E+04 -4.0057071E+03  0.0000000E+00 -3.6694582E+04  0.0000000E+00
 1.18000200E+03  7.3671259E+03 -2.6942193E+04 -3.9969549E+03  0.0000000E+00 -3.6694582E+04  0.0000000E+00
 1.19000200E+03  7.3526925E+03 -2.6942115E+04 -3.9882237E+03  0.0000000E+00 -3.6694582E+04  0.0000000E+00
 1.20000200E+03  7.3382935E+03 -2.6942037E+04 -3.9795134E+03  0.0000000E+00 -3.6694582E+04  0.0000000E+00
 1.21000200E+03  7.3239287E+03 -2.6941960E+04 -3.9708238E+03  0.0000000E+00 -3.6694582E+04  0.0000000E+00
 1.22000200E+03  7.3095980E+03 -2.6941883E+04 -3.9621550E+03  0.0000000E+00 -3.6694582E+04  0.0000000E+00
 1.23000200E+03  7.2953013E+03 -2.6941806E+04 -3.9535068E+03  0.0000000E+00 -3.6694582E+04  0.0000000E+00
 1.24000200E+03  7.2810384E+03 -2.6941729E+04 -3.9448792E+03  0.0000000E+00 -3.6694582E+04  0.0000000E+00
 1.25000200E+03  7.2668092E+03 -2.6941653E+04 -3.9362721E+03  0.0000000E+00 -3.6694582E+04  0.0000000E+00
 1.26000200E+03  7.2526137E+03 -2.6941578E+04 -3.9276855E+03  0.0000000E+00 -3.6694582E+04  0.0000000E+00
 1.27000200E+03  7.2384517E+03 -2.6941502E+04 -3.9191192E+03  0.0000000E+00 -3.6694582E+04  0.0000000E+00
 1.28000200E+03  7.2243232E+03 -2.6941427E+04 -3.9105732E+03  0.0000000E+00 -3.6694582E+04  0.0000000E+00
 1.29000200E+03  7.2102279E+03 -2.6941352E+04 -3.9020475E+03  0.0000000E+00 -3.6694582E+04  0.0000000E+00
 1.30000200E+03  7.1961657E+03 -2.6941278E+04 -3.8935419E+03  0.0000000E+00 -3.6694582E+04  0.0000000E+00
 1.31000200E+03  7.1821367E+03 -2.6941204E+04 -3.8850564E+03  0.0000000E+00 -3.6694582E+04  0.0000000E+00
 1.32000200E+03  7.1681405E+03 -2.6941130E+04 -3.8765910E+03  0.0000000E+00 -3.6694582E+04  0.0000000E+00
 1.33000200E+03  7.1541773E+03 -2.6941057E+04 -3.8681455E+03  0.0000000E+00 -3.6694582E+04  0.0000000E+00
 1.34000200E+03  7.1402467E+03 -2.6940983E+04 -3.8597199E+03  0.0000000E+00 -3.6694582E+04  0.0000000E+00
 1.35000200E+03  7.1263488E+03 -2.6940911E+04 -3.8513141E+03  0.0000000E+00 -3.6694582E+04  0.0000000E+00
 1.36000200E+03  7.1124834E+03 -2.6940838E+04 -3.8429281E+03  0.0000000E+00 -3.6694582E+04  0.0000000E+00
 1.37000200E+03  7.0986504E+03 -2.6940766E+04 -3.8345617E+03  0.0000000E+00 -3.6694582E+04  0.0000000E+00
 1.38000200E+03  7.0848497E+03 -2.6940694E+04 -3.8262150E+03  0.0000000E+00 -3.6694582E+04  0.0000000E+00
 1.39000200E+03  7.0710811E+03 -2.6940622E+04 -3.8178879E+03  0.0000000E+00 -3.6694582E+04  0.0000000E+00
 1.40000200E+03  7.0573447E+03 -2.6940551E+04 -3.8095803E+03  0.0000000E+00 -3.6694582E+04  0.0000000E+00
 1.41000200E+03  7.0436402E+03 -2.6940480E+04 -3.8012921E+03  0.0000000E+00 -3.6694582E+04  0.0000000E+00
 1.42000200E+03  7.0299676E+03 -2.6940409E+04 -3.7930232E+03  0.0000000E+00 -3.6694582E+04  0.0000000E+00
 1.43000200E+03  7.0163268E+03 -2.6940339E+04 -3.7847737E+03  0.0000000E+00 -3.6694582E+04  0.0000000E+00
 1.44000200E+03  7.0027176E+03 -2.6940269E+04 -3.7765433E+03  0.0000000E+00 -3.6694582E+04  0.0000000E+00
 1.45000200E+03  6.9891399E+03 -2.6940199E+04 -3.7683322E+03  0.0000000E+00 -3.6694582E+04  0.0000000E+00
 1.46000200E+03  6.9755938E+03 -2.6940129E+04 -3.7601402E+03  0.0000000E+00 -3.6694582E+04  0.0000000E+00
 1.47000200E+03  6.9620789E+03 -2.6940060E+04 -3.7519672E+03  0.0000000E+00 -3.6694582E+04  0.0000000E+00
 1.48000200E+03  6.9485953E+03 -2.6939991E+04 -3.7438132E+03  0.0000000E+00 -3.6694582E+04  0.0000000E+00
 1.49000200E+03  6.9351429E+03 -2.6939923E+04 -3.7356781E+03  0.0000000E+00 -3.6694582E+04  0.0000000E+00
 1.50000200E+03  6.9217215E+03 -2.6939854E+04 -3.7275619E+03  0.0000000E+00 -3.6694582E+04  0.0000000E+00
 1.51000200E+03  6.9083397E+03 -2.6939787E+04 -3.7194729E+03  0.0000000E+00 -3.6694582E+04  0.0000000E+00
 1.52000200E+03  6.8949829E+03 -2.6939720E+04 -3.7113978E+03  0.0000000E+00 -3.6694582E+04  0.0000000E+00
 1.53000200E+03  6.8816534E+03 -2.6939652E+04 -3.7033372E+03  0.0000000E+00 -3.6694582E+04  0.0000000E+00
 1.54000200E+03  6.8686941E+03 -2.6939594E+04 -3.6957191E+03  0.0000000E+00 -3.6694582E+04  0.0000000E+00
 1.55000200E+03  6.8555390E+03 -2.6939532E+04 -3.6878366E+03  0.0000000E+00 -3.6694582E+04  0.0000000E+00
 1.56000200E+03  6.8422841E+03 -2.6939466E+04 -3.6798144E+03  0.0000000E+00 -3.6694582E+04  0.0000000E+00
 1.57000200E+03  6.8290420E+03 -2.6939399E+04 -3.6717891E+03  0.0000000E+00 -3.6694582E+04  0.0000000E+00
 1.58000200E+03  6.8158279E+03 -2.6939333E+04 -3.6637794E+03  0.0000000E+00 -3.6694582E+04  0.0000000E+00
 1.59000200E+03  6.8026438E+03 -2.6939267E+04 -3.6557878E+03  0.0000000E+00 -3.6694582E+04  0.0000000E+00
 1.60000200E+03  6.7894900E+03 -2.6939201E+04 -3.6478146E+03  0.0000000E+00 -3.6694582E+04  0.0000000E+00
 1.61000200E+03  6.7763662E+03 -2.6939136E+04 -3.6398597E+03  0.0000000E+00 -3.6694582E+04  0.0000000E+00
 1.62000200E+03  6.7632724E+03 -2.6939070E+04 -3.6319231E+03  0.0000000E+00 -3.6694582E+04  0.0000000E+00
 1.63000200E+03  6.7502099E+03 -2.6939006E+04 -3.6240064E+03  0.0000000E+00 -3.6694582E+04  0.0000000E+00
 1.64000200E+03  6.7371762E+03 -2.6938941E+04 -3.6161065E+03  0.0000000E+00 -3.6694582E+04  0.0000000E+00
 1.65000200E+03  6.7241719E+03 -2.6938876E+04 -3.6082243E+03  0.0000000E+00 -3.6694582E+04  0.0000000E+00
 1.66000200E+03  6.7111972E+03 -2.6938812E+04 -3.6003602E+03  0.0000000E+00 -3.6694582E+04  0.0000000E+00
 1.67000200E+03  6.6982521E+03 -2.6938748E+04 -3.5925140E+03  0.0000000E+00 -3.6694582E+04  0.0000000E+00
 1.68000200E+03  6.6853364E+03 -2.6938685E+04 -3.5846858E+03  0.0000000E+00 -3.6694582E+04  0.0000000E+00
 1.69000200E+03  6.6724501E+03 -2.6938621E+04 -3.5768755E+03  0.0000000E+00 -3.6694582E+04  0.0000000E+00
 1.70000200E+03  6.6595931E+03 -2.6938558E+04 -3.5690830E+03  0.0000000E+00 -3.6694582E+04  0.0000000E+00
 1.71000200E+03  6.6467649E+03 -2.6938496E+04 -3.5613076E+03  0.0000000E+00 -3.6694582E+04  0.0000000E+00
 1.72000200E+03  6.6339656E+03 -2.6938433E+04 -3.5535498E+03  0.0000000E+00 -3.6694582E+04  0.0000000E+00
 1.73000200E+03  6.6211939E+03 -2.6938371E+04 -3.5458076E+03  0.0000000E+00 -3.6694582E+04  0.0000000E+00
 1.74000200E+03  6.6084583E+03 -2.6938324E+04 -3.5380806E+03  0.0000000E+00 -3.6694582E+04  0.0000000E+00
 1.75000200E+03  6.5957478E+03 -2.6938262E+04 -3.5303786E+03  0.0000000E+00 -3.6694582E+04  0.0000000E+00
 1.76000200E+03  6.5830645E+03 -2.6938201E+04 -3.5226923E+03  0.0000000E+00 -3.6694582E+04  0.0000000E+00
 1.77000200E+03  6.5704097E+03 -2.6938139E+04 -3.5150232E+03  0.0000000E+00 -3.6694582E+04  0.0000000E+00
 1.78000200E+03  6.5577834E+03 -2.6938078E+04 -3.5073715E+03  0.0000000E+00 -3.6694582E+04  0.0000000E+00
 1.79000200E+03  6.5451855E+03 -2.6938017E+04 -3.4997370E+03  0.0000000E+00 -3.6694582E+04  0.0000000E+00
 1.80000200E+03  6.5326160E+03 -2.6937957E+04 -3.4921199E+03  0.0000000E+00 -3.6694582E+04  0.0000000E+00
 1.81000200E+03  6.5200748E+03 -2.6937897E+04 -3.4845199E+03  0.0000000E+00 -3.6694582E+04  0.0000000E+00
 1.82000200E+03  6.5075618E+03 -2.6937836E+04 -3.4769371E+03  0.0000000E+00 -3.6694582E+04  0.0000000E+00
 1.83000200E+03  6.4950769E+03 -2.6937777E+04 -3.4693715E+03  0.0000000E+00 -3.6694582E+04  0.0000000E+00
 1.84000200E+03  6.4826201E+03 -2.6937717E+04 -3.4618229E+03  0.0000000E+00 -3.6694582E+04  0.0000000E+00
 1.85000200E+03  6.4701911E+03 -2.6937658E+04 -3.4542913E+03  0.0000000E+00 -3.6694582E+04  0.0000000E+00
 1.86000200E+03  6.4577900E+03 -2.6937599E+04 -3.4467766E+03  0.0000000E+00 -3.6694582E+04  0.0000000E+00
 1.87000200E+03  6.4454167E+03 -2.6937540E+04 -3.4392789E+03  0.0000000E+00 -3.6694582E+04  0.0000000E+00
 1.88000200E+03  6.4330711E+03 -2.6937481E+04 -3.4317980E+03  0.0000000E+00 -3.6694582E+04  0.0000000E+00
 1.89000200E+03  6.4207531E+03 -2.6937423E+04 -3.4243339E+03  0.0000000E+00 -3.6694582E+04  0.0000000E+00
 1.90000200E+03  6.4084625E+03 -2.6937365E+04 -3.4168865E+03  0.0000000E+00 -3.6694582E+04  0.0000000E+00
 1.91000200E+03  6.3961994E+03 -2.6937307E+04 -3.4094558E+03  0.0000000E+00 -3.6694582E+04  0.0000000E+00
 1.92000200E+03  6.3839637E+03 -2.6937250E+04 -3.4020418E+03  0.0000000E+00 -3.6694582E+04  0.0000000E+00
 1.93000200E+03  6.3717551E+03 -2.6937192E+04 -3.3946444E+03  0.0000000E+00 -3.6694582E+04  0.0000000E+00
 1.94000200E+03  6.3595738E+03 -2.6937135E+04 -3.3872635E+03  0.0000000E+00 -3.6694582E+04  0.0000000E+00
 1.95000200E+03  6.3474196E+03 -2.6937078E+04 -3.3798991E+03  0.0000000E+00 -3.6694582E+04  0.0000000E+00
 1.96000200E+03  6.3352923E+03 -2.6937022E+04 -3.3725511E+03  0.0000000E+00 -3.6694582E+04  0.0000000E+00
 1.97000200E+03  6.3231920E+03 -2.6936965E+04 -3.3652196E+03  0.0000000E+00 -3.6694582E+04  0.0000000E+00
 1.98000200E+03  6.3111186E+03 -2.6936909E+04 -3.3579043E+03  0.0000000E+00 -3.6694582E+04  0.0000000E+00
 1.99000200E+03  6.2990719E+03 -2.6936853E+04 -3.3506054E+03  0.0000000E+00 -3.6694582E+04  0.0000000E+00
 2.00000200E+03  6.2870518E+03 -2.6936797E+04 -3.3433227E+03  0.0000000E+00 -3.6694582E+04  0.0000000E+00
 2.01000200E+03  6.2750584E+03 -2.6936742E+04 -3.3360562E+03  0.0000000E+00 -3.6694582E+04  0.0000000E+00
 2.02000200E+03  6.2630916E+03 -2.6936687E+04 -3.3288058E+03  0.0000000E+00 -3.6694582E+04  0.0000000E+00
 2.03000200E+03  6.2511511E+03 -2.6936632E+04 -3.3215715E+03  0.0000000E+00 -3.6694582E+04  0.0000000E+00
 2.04000200E+03  6.2392370E+03 -2.6936577E+04 -3.3143533E+03  0.0000000E+00 -3.6694582E+04  0.0000000E+00
 2.05000200E+03  6.2273492E+03 -2.6936522E+04 -3.3071510E+03  0.0000000E+00 -3.6694582E+04  0.0000000E+00
 2.06000200E+03  6.2154876E+03 -2.6936468E+04 -3.2999647E+03  0.0000000E+00 -3.6694582E+04  0.0000000E+00
 2.07000200E+03  6.2036522E+03 -2.6936414E+04 -3.2927943E+03  0.0000000E+00 -3.6694582E+04  0.0000000E+00
 2.08000200E+03  6.1918427E+03 -2.6936360E+04 -3.2856398E+03  0.0000000E+00 -3.6694582E+04  0.0000000E+00
 2.09000200E+03  6.1800593E+03 -2.6936306E+04 -3.2785010E+03  0.0000000E+00 -3.6694582E+04  0.0000000E+00
 2.10000200E+03  6.1683017E+03 -2.6936253E+04 -3.2713780E+03  0.0000000E+00 -3.6694582E+04  0.0000000E+00
 2.11000200E+03  6.1565700E+03 -2.6936199E+04 -3.2642707E+03  0.0000000E+00 -3.6694582E+04  0.0000000E+00
 2.12000200E+03  6.1448640E+03 -2.6936146E+04 -3.2571791E+03  0.0000000E+00 -3.6694582E+04  0.0000000E+00
 2.13000200E+03  6.1331836E+03 -2.6936093E+04 -3.2501031E+03  0.0000000E+00 -3.6694582E+04  0.0000000E+00
 2.14000200E+03  6.1215289E+03 -2.6936041E+04 -3.2430427E+03  0.0000000E+00 -3.6694582E+04  0.0000000E+00
 2.15000200E+03  6.1098997E+03 -2.6935988E+04 -3.2359978E+03  0.0000000E+00 -3.6694582E+04  0.0000000E+00
 2.16000200E+03  6.0982959E+03 -2.6935936E+04 -3.2289683E+03  0.0000000E+00 -3.6694582E+04  0.0000000E+00
 2.17000200E+03  6.0867174E+03 -2.6935884E+04 -3.2219543E+03  0.0000000E+00 -3.6694582E+04  0.0000000E+00
 2.18000200E+03  6.0751643E+03 -2.6935833E+04 -3.2149557E+03  0.0000000E+00 -3.6694582E+04  0.0000000E+00
 2.19000200E+03  6.0636363E+03 -2.6935781E+04 -3.2079724E+03  0.0000000E+00 -3.6694582E+04  0.0000000E+00
 2.20000200E+03  6.0521335E+03 -2.6935730E+04 -3.2010044E+03  0.0000000E+00 -3.6694582E+04  0.0000000E+00
 2.21000200E+03  6.0406558E+03 -2.6935679E+04 -3.1940517E+03  0.0000000E+00 -3.6694582E+04  0.0000000E+00
 2.22000200E+03  6.0292030E+03 -2.6935628E+04 -3.1871142E+03  0.0000000E+00 -3.6694582E+04  0.0000000E+00
 2.23000200E+03  6.0177752E+03 -2.6935577E+04 -3.1801918E+03  0.0000000E+00 -3.6694582E+04  0.0000000E+00
 2.24000200E+03  6.0063722E+03 -2.6935526E+04 -3.1732845E+03  0.0000000E+00 -3.6694582E+04  0.0000000E+00
 2.25000200E+03  5.9949940E+03 -2.6935476E+04 -3.1663923E+03  0.0000000E+00 -3.6694582E+04  0.0000000E+00
 2.26000200E+03  5.9836405E+03 -2.6935426E+04 -3.1595152E+03  0.0000000E+00 -3.6694582E+04  0.0000000E+00
 2.27000200E+03  5.9723116E+03 -2.6935376E+04 -3.1526530E+03  0.0000000E+00 -3.6694582E+04  0.0000000E+00
 2.28000200E+03  5.9610073E+03 -2.6935327E+04 -3.1458058E+03  0.0000000E+00 -3.6694582E+04  0.0000000E+00
 2.29000200E+03  5.9497275E+03 -2.6935277E+04 -3.1389734E+03  0.0000000E+00 -3.6694582E+04  0.0000000E+00
 2.30000200E+03  5.9384720E+03 -2.6935228E+04 -3.1321558E+03  0.0000000E+00 -3.6694582E+04  0.0000000E+00
 2.31000200E+03  5.9272407E+03 -2.6935179E+04 -3.1253529E+03  0.0000000E+00 -3.6694582E+04  0.0000000E+00
 2.32000200E+03  5.9160339E+03 -2.6935130E+04 -3.1185650E+03  0.0000000E+00 -3.6694582E+04  0.0000000E+00
 2.33000200E+03  5.9048513E+03 -2.6935081E+04 -3.1117918E+03  0.0000000E+00 -3.6694582E+04  0.0000000E+00
 2.34000200E+03  5.8937004E+03 -2.6935027E+04 -3.1050489E+03  0.0000000E+00 -3.6694582E+04  0.0000000E+00
 2.35000200E+03  5.8825840E+03 -2.6934979E+04 -3.0983270E+03  0.0000000E+00 -3.6694582E+04  0.0000000E+00
 2.36000200E+03  5.8714591E+03 -2.6934926E+04 -3.0915818E+03  0.0000000E+00 -3.6694582E+04  0.0000000E+00
 2.37000200E+03  5.8603680E+03 -2.6934878E+04 -3.0848612E+03  0.0000000E+00 -3.6694582E+04  0.0000000E+00
 2.38000200E+03  5.8493041E+03 -2.6934830E+04 -3.0781592E+03  0.0000000E+00 -3.6694582E+04  0.0000000E+00
 2.39000200E+03  5.8382645E+03 -2.6934783E+04 -3.0714723E+03  0.0000000E+00 -3.6694582E+04  0.0000000E+00
 2.40000200E+03  5.8272488E+03 -2.6934736E+04 -3.0648001E+03  0.0000000E+00 -3.6694582E+04  0.0000000E+00
 2.41000200E+03  5.8162567E+03 -2.6934688E+04 -3.0581422E+03  0.0000000E+00 -3.6694582E+04  0.0000000E+00
 2.42000200E+03  5.8052882E+03 -2.6934642E+04 -3.0514987E+03  0.0000000E+00 -3.6694582E+04  0.0000000E+00
 2.43000200E+03  5.7943433E+03 -2.6934595E+04 -3.0448695E+03  0.0000000E+00 -3.6694582E+04  0.0000000E+00
 2.44000200E+03  5.7834219E+03 -2.6934548E+04 -3.0382545E+03  0.0000000E+00 -3.6694582E+04  0.0000000E+00
 2.45000200E+03  5.7717223E+03 -2.6934503E+04 -3.0306308E+03  0.0000000E+00 -3.6694582E+04  0.0000000E+00
 2.46000200E+03  5.7608607E+03 -2.6934455E+04 -3.0240578E+03  0.0000000E+00 -3.6694582E+04  0.0000000E+00
 2.47000200E+03  5.7500709E+03 -2.6934410E+04 -3.0175559E+03  0.0000000E+00 -3.6694582E+04  0.0000000E+00
 2.48000200E+03  5.7393049E+03 -2.6934364E+04 -3.0110688E+03  0.0000000E+00 -3.6694582E+04  0.0000000E+00
 2.49000200E+03  5.7285618E+03 -2.6934319E+04 -3.0045956E+03  0.0000000E+00 -3.6694582E+04  0.0000000E+00
 2.50000200E+03  5.7178415E+03 -2.6934274E+04 -2.9981361E+03  0.0000000E+00 -3.6694582E+04  0.0000000E+00
 2.51000200E+03  5.7071439E+03 -2.6934229E+04 -2.9916905E+03  0.0000000E+00 -3.6694582E+04  0.0000000E+00
 2.52000200E+03  5.6964690E+03 -2.6934184E+04 -2.9852585E+03  0.0000000E+00 -3.6694582E+04  0.0000000E+00
 2.53000200E+03  5.6858167E+03 -2.6934140E+04 -2.9788401E+03  0.0000000E+00 -3.6694582E+04  0.0000000E+00
 2.54000200E+03  5.6751869E+03 -2.6934095E+04 -2.9724355E+03  0.0000000E+00 -3.6694582E+04  0.0000000E+00
 2.55000200E+03  5.6645795E+03 -2.6934051E+04 -2.9660444E+03  0.0000000E+00 -3.6694582E+04  0.0000000E+00
 2.56000200E+03  5.6539946E+03 -2.6934007E+04 -2.9596668E+03  0.0000000E+00 -3.6694582E+04  0.0000000E+00
 2.57000200E+03  5.6434321E+03 -2.6933963E+04 -2.9533028E+03  0.0000000E+00 -3.6694582E+04  0.0000000E+00
 2.58000200E+03  5.6328918E+03 -2.6933920E+04 -2.9469522E+03  0.0000000E+00 -3.6694582E+04  0.0000000E+00
 2.59000200E+03  5.6223737E+03 -2.6933876E+04 -2.9406151E+03  0.0000000E+00 -3.6694582E+04  0.0000000E+00
 2.60000200E+03  5.6118781E+03 -2.6933833E+04 -2.9342918E+03  0.0000000E+00 -3.6694582E+04  0.0000000E+00
 2.61000200E+03  5.6014044E+03 -2.6933790E+04 -2.9279816E+03  0.0000000E+00 -3.6694582E+04  0.0000000E+00
 2.62000200E+03  5.5909526E+03 -2.6933747E+04 -2.9216845E+03  0.0000000E+00 -3.6694582E+04  0.0000000E+00
 2.63000200E+03  5.5805228E+03 -2.6933704E+04 -2.9154007E+03  0.0000000E+00 -3.6694582E+04  0.0000000E+00
 2.64000200E+03  5.5701149E+03 -2.6933662E+04 -2.9091302E+03  0.0000000E+00 -3.6694582E+04  0.0000000E+00
 2.65000200E+03  5.5597289E+03 -2.6933619E+04 -2.9028730E+03  0.0000000E+00 -3.6694582E+04  0.0000000E+00
 2.66000200E+03  5.5493647E+03 -2.6933577E+04 -2.8966288E+03  0.0000000E+00 -3.6694582E+04  0.0000000E+00
 2.67000200E+03  5.5390222E+03 -2.6933535E+04 -2.8903979E+03  0.0000000E+00 -3.6694582E+04  0.0000000E+00
 2.68000200E+03  5.5287014E+03 -2.6933493E+04 -2.8841800E+03  0.0000000E+00 -3.6694582E+04  0.0000000E+00
 2.69000200E+03  5.5184022E+03 -2.6933451E+04 -2.8779753E+03  0.0000000E+00 -3.6694582E+04  0.0000000E+00
 2.70000200E+03  5.5081245E+03 -2.6933409E+04 -2.8717835E+03  0.0000000E+00 -3.6694582E+04  0.0000000E+00
 2.71000200E+03  5.4978684E+03 -2.6933368E+04 -2.8656048E+03  0.0000000E+00 -3.6694582E+04  0.0000000E+00
 2.72000200E+03  5.4876337E+03 -2.6933327E+04 -2.8594390E+03  0.0000000E+00 -3.6694582E+04  0.0000000E+00
 2.73000200E+03  5.4774205E+03 -2.6933286E+04 -2.8532862E+03  0.0000000E+00 -3.6694582E+04  0.0000000E+00
 2.74000200E+03  5.4672285E+03 -2.6933245E+04 -2.8471463E+03  0.0000000E+00 -3.6694582E+04  0.0000000E+00
 2.75000200E+03  5.4570578E+03 -2.6933204E+04 -2.8410192E+03  0.0000000E+00 -3.6694582E+04  0.0000000E+00
 2.76000200E+03  5.4469083E+03 -2.6933163E+04 -2.8349050E+03  0.0000000E+00 -3.6694582E+04  0.0000000E+00
 2.77000200E+03  5.4367800E+03 -2.6933123E+04 -2.8288035E+03  0.0000000E+00 -3.6694582E+04  0.0000000E+00
 2.78000200E+03  5.4266728E+03 -2.6933082E+04 -2.8227148E+03  0.0000000E+00 -3.6694582E+04  0.0000000E+00
 2.79000200E+03  5.4165867E+03 -2.6933042E+04 -2.8166389E+03  0.0000000E+00 -3.6694582E+04  0.0000000E+00
 2.80000200E+03  5.4065215E+03 -2.6933002E+04 -2.8105756E+03  0.0000000E+00 -3.6694582E+04  0.0000000E+00
 2.81000200E+03  5.3964772E+03 -2.6932962E+04 -2.8045250E+03  0.0000000E+00 -3.6694582E+04  0.0000000E+00
 2.82000200E+03  5.3864539E+03 -2.6932923E+04 -2.7984870E+03  0.0000000E+00 -3.6694582E+04  0.0000000E+00
 2.83000200E+03  5.3764513E+03 -2.6932883E+04 -2.7924615E+03  0.0000000E+00 -3.6694582E+04  0.0000000E+00
 2.84000200E+03  5.3664695E+03 -2.6932844E+04 -2.7864487E+03  0.0000000E+00 -3.6694582E+04  0.0000000E+00
 2.85000200E+03  5.3565085E+03 -2.6932805E+04 -2.7804483E+03  0.0000000E+00 -3.6694582E+04  0.0000000E+00
 2.86000200E+03  5.3465680E+03 -2.6932766E+04 -2.7744605E+03  0.0000000E+00 -3.6694582E+04  0.0000000E+00
 2.87000200E+03  5.3366482E+03 -2.6932727E+04 -2.7684851E+03  0.0000000E+00 -3.6694582E+04  0.0000000E+00
 2.88000200E+03  5.3267489E+03 -2.6932688E+04 -2.7625221E+03  0.0000000E+00 -3.6694582E+04  0.0000000E+00
 2.89000200E+03  5.3168701E+03 -2.6932649E+04 -2.7565715E+03  0.0000000E+00 -3.6694582E+04  0.0000000E+00
 2.90000200E+03  5.3070118E+03 -2.6932611E+04 -2.7506333E+03  0.0000000E+00 -3.6694582E+04  0.0000000E+00
 2.91000200E+03  5.2971738E+03 -2.6932573E+04 -2.7447073E+03  0.0000000E+00 -3.6694582E+04  0.0000000E+00
 2.92000200E+03  5.2873561E+03 -2.6932534E+04 -2.7387937E+03  0.0000000E+00 -3.6694582E+04  0.0000000E+00
 2.93000200E+03  5.2775587E+03 -2.6932496E+04 -2.7328923E+03  0.0000000E+00 -3.6694582E+04  0.0000000E+00
 2.94000200E+03  5.2677816E+03 -2.6932459E+04 -2.7270031E+03  0.0000000E+00 -3.6694582E+04  0.0000000E+00
 2.95000200E+03  5.2580246E+03 -2.6932421E+04 -2.7211262E+03  0.0000000E+00 -3.6694582E+04  0.0000000E+00
 2.96000200E+03  5.2482877E+03 -2.6932383E+04 -2.7152614E+03  0.0000000E+00 -3.6694582E+04  0.0000000E+00
 2.97000200E+03  5.2385709E+03 -2.6932346E+04 -2.7094087E+03  0.0000000E+00 -3.6694582E+04  0.0000000E+00
 2.98000200E+03  5.2288741E+03 -2.6932309E+04 -2.7035681E+03  0.0000000E+00 -3.6694582E+04  0.0000000E+00
 2.99000200E+03  5.2191972E+03 -2.6932272E+04 -2.6977396E+03  0.0000000E+00 -3.6694582E+04  0.0000000E+00
 3.00000200E+03  5.2095402E+03 -2.6932235E+04 -2.6919230E+03  0.0000000E+00 -3.6694582E+04  0.0000000E+00
 3.01000200E+03  5.1999031E+03 -2.6932198E+04 -2.6861185E+03  0.0000000E+00 -3.6694582E+04  0.0000000E+00
 3.02000200E+03  5.1902858E+03 -2.6932161E+04 -2.6803260E+03  0.0000000E+00 -3.6694582E+04  0.0000000E+00
 3.03000200E+03  5.1806882E+03 -2.6932124E+04 -2.6745454E+03  0.0000000E+00 -3.6694582E+04  0.0000000E+00
 3.04000200E+03  5.1711104E+03 -2.6932088E+04 -2.6687767E+03  0.0000000E+00 -3.6694582E+04  0.0000000E+00
 3.05000200E+03  5.1615521E+03 -2.6932052E+04 -2.6630199E+03  0.0000000E+00 -3.6694582E+04  0.0000000E+00
 3.06000200E+03  5.1520135E+03 -2.6932016E+04 -2.6572749E+03  0.0000000E+00 -3.6694582E+04  0.0000000E+00
 3.07000200E+03  5.1424944E+03 -2.6931980E+04 -2.6515417E+03  0.0000000E+00 -3.6694582E+04  0.0000000E+00
 3.08000200E+03  5.1329948E+03 -2.6931944E+04 -2.6458203E+03  0.0000000E+00 -3.6694582E+04  0.0000000E+00
 3.09000200E+03  5.1235147E+03 -2.6931908E+04 -2.6401107E+03  0.0000000E+00 -3.6694582E+04  0.0000000E+00
 3.10000200E+03  5.1140539E+03 -2.6931873E+04 -2.6344128E+03  0.0000000E+00 -3.6694582E+04  0.0000000E+00
 3.11000200E+03  5.1046124E+03 -2.6931837E+04 -2.6287265E+03  0.0000000E+00 -3.6694582E+04  0.0000000E+00
 3.12000200E+03  5.0951903E+03 -2.6931802E+04 -2.6230519E+03  0.0000000E+00 -3.6694582E+04  0.0000000E+00
 3.13000200E+03  5.0857874E+03 -2.6931767E+04 -2.6173890E+03  0.0000000E+00 -3.6694582E+04  0.0000000E+00
 3.14000200E+03  5.0764037E+03 -2.6931732E+04 -2.6117376E+03  0.0000000E+00 -3.6694582E+04  0.0000000E+00
 3.15000200E+03  5.0670391E+03 -2.6931697E+04 -2.6060979E+03  0.0000000E+00 -3.6694582E+04  0.0000000E+00
 3.16000200E+03  5.0576936E+03 -2.6931662E+04 -2.6004696E+03  0.0000000E+00 -3.6694582E+04  0.0000000E+00
 3.17000200E+03  5.0483672E+03 -2.6931627E+04 -2.5948529E+03  0.0000000E+00 -3.6694582E+04  0.0000000E+00
 3.18000200E+03  5.0390597E+03 -2.6931593E+04 -2.5892476E+03  0.0000000E+00 -3.6694582E+04  0.0000000E+00
 3.19000200E+03  5.0297712E+03 -2.6931559E+04 -2.5836538E+03  0.0000000E+00 -3.6694582E+04  0.0000000E+00
 3.20000200E+03  5.0205016E+03 -2.6931524E+04 -2.5780714E+03  0.0000000E+00 -3.6694582E+04  0.0000000E+00
 3.21000200E+03  5.0112509E+03 -2.6931490E+04 -2.5725004E+03  0.0000000E+00 -3.6694582E+04  0.0000000E+00
 3.22000200E+03  5.0020189E+03 -2.6931456E+04 -2.5669407E+03  0.0000000E+00 -3.6694582E+04  0.0000000E+00
 3.23000200E+03  4.9928057E+03 -2.6931423E+04 -2.5613924E+03  0.0000000E+00 -3.6694582E+04  0.0000000E+00
 3.24000200E+03  4.9836112E+03 -2.6931389E+04 -2.5558554E+03  0.0000000E+00 -3.6694582E+04  0.0000000E+00
 3.25000200E+03  4.9744354E+03 -2.6931355E+04 -2.5503297E+03  0.0000000E+00 -3.6694582E+04  0.0000000E+00
 3.26000200E+03  4.9652781E+03 -2.6931322E+04 -2.5448152E+03  0.0000000E+00 -3.6694582E+04  0.0000000E+00
 3.27000200E+03  4.9561394E+03 -2.6931289E+04 -2.5393119E+03  0.0000000E+00 -3.6694582E+04  0.0000000E+00
 3.28000200E+03  4.9470193E+03 -2.6931256E+04 -2.5338198E+03  0.0000000E+00 -3.6694582E+04  0.0000000E+00
 3.29000200E+03  4.9379176E+03 -2.6931222E+04 -2.5283389E+03  0.0000000E+00 -3.6694582E+04  0.0000000E+00
 3.30000200E+03  4.9288343E+03 -2.6931190E+04 -2.5228691E+03  0.0000000E+00 -3.6694582E+04  0.0000000E+00
 3.31000200E+03  4.9197694E+03 -2.6931157E+04 -2.5174104E+03  0.0000000E+00 -3.6694582E+04  0.0000000E+00
 3.32000200E+03  4.9107228E+03 -2.6931124E+04 -2.5119627E+03  0.0000000E+00 -3.6694582E+04  0.0000000E+00
 3.33000200E+03  4.9016945E+03 -2.6931092E+04 -2.5065262E+03  0.0000000E+00 -3.6694582E+04  0.0000000E+00
 3.34000200E+03  4.8926845E+03 -2.6931059E+04 -2.5011006E+03  0.0000000E+00 -3.6694582E+04  0.0000000E+00
 3.35000200E+03  4.8836926E+03 -2.6931027E+04 -2.4956860E+03  0.0000000E+00 -3.6694582E+04  0.0000000E+00
 3.36000200E+03  4.8747189E+03 -2.6930995E+04 -2.4902824E+03  0.0000000E+00 -3.6694582E+04  0.0000000E+00
 3.37000200E+03  4.8657633E+03 -2.6930963E+04 -2.4848897E+03  0.0000000E+00 -3.6694582E+04  0.0000000E+00
 3.38000200E+03  4.8568257E+03 -2.6930931E+04 -2.4795080E+03  0.0000000E+00 -3.6694582E+04  0.0000000E+00
 3.39000200E+03  4.8479061E+03 -2.6930899E+04 -2.4741371E+03  0.0000000E+00 -3.6694582E+04  0.0000000E+00
 3.40000200E+03  4.8390045E+03 -2.6930867E+04 -2.4687770E+03  0.0000000E+00 -3.6694582E+04  0.0000000E+00
 3.41000200E+03  4.8301208E+03 -2.6930836E+04 -2.4634278E+03  0.0000000E+00 -3.6694582E+04  0.0000000E+00
 3.42000200E+03  4.8212550E+03 -2.6930804E+04 -2.4580894E+03  0.0000000E+00 -3.6694582E+04  0.0000000E+00
 3.43000200E+03  4.8124070E+03 -2.6930773E+04 -2.4527617E+03  0.0000000E+00 -3.6694582E+04  0.0000000E+00
 3.44000200E+03  4.8035769E+03 -2.6930742E+04 -2.4474449E+03  0.0000000E+00 -3.6694582E+04  0.0000000E+00
 3.45000200E+03  4.7947644E+03 -2.6930711E+04 -2.4421387E+03  0.0000000E+00 -3.6694582E+04  0.0000000E+00
 3.46000200E+03  4.7859696E+03 -2.6930680E+04 -2.4368432E+03  0.0000000E+00 -3.6694582E+04  0.0000000E+00
 3.47000200E+03  4.7771925E+03 -2.6930649E+04 -2.4315584E+03  0.0000000E+00 -3.6694582E+04  0.0000000E+00
 3.48000200E+03  4.7684330E+03 -2.6930618E+04 -2.4262841E+03  0.0000000E+00 -3.6694582E+04  0.0000000E+00
 3.49000200E+03  4.7596910E+03 -2.6930588E+04 -2.4210206E+03  0.0000000E+00 -3.6694582E+04  0.0000000E+00
 3.50000200E+03  4.7509666E+03 -2.6930557E+04 -2.4157675E+03  0.0000000E+00 -3.6694582E+04  0.0000000E+00
 3.51000200E+03  4.7422597E+03 -2.6930527E+04 -2.4105251E+03  0.0000000E+00 -3.6694582E+04  0.0000000E+00
 3.52000200E+03  4.7335701E+03 -2.6930497E+04 -2.4052932E+03  0.0000000E+00 -3.6694582E+04  0.0000000E+00
 3.53000200E+03  4.7248980E+03 -2.6930467E+04 -2.4000717E+03  0.0000000E+00 -3.6694582E+04  0.0000000E+00
 3.54000200E+03  4.7162432E+03 -2.6930437E+04 -2.3948608E+03  0.0000000E+00 -3.6694582E+04  0.0000000E+00
 3.55000200E+03  4.7076057E+03 -2.6930407E+04 -2.3896603E+03  0.0000000E+00 -3.6694582E+04  0.0000000E+00
 3.56000200E+03  4.6989855E+03 -2.6930377E+04 -2.3844703E+03  0.0000000E+00 -3.6694582E+04  0.0000000E+00
 3.57000200E+03  4.6903825E+03 -2.6930347E+04 -2.3792906E+03  0.0000000E+00 -3.6694582E+04  0.0000000E+00
 3.58000200E+03  4.6817967E+03 -2.6930318E+04 -2.3741213E+03  0.0000000E+00 -3.6694582E+04  0.0000000E+00
 3.59000200E+03  4.6732280E+03 -2.6930288E+04 -2.3689624E+03  0.0000000E+00 -3.6694582E+04  0.0000000E+00
 3.60000200E+03  4.6646764E+03 -2.6930259E+04 -2.3638138E+03  0.0000000E+00 -3.6694582E+04  0.0000000E+00
 3.61000200E+03  4.6561418E+03 -2.6930230E+04 -2.3586755E+03  0.0000000E+00 -3.6694582E+04  0.0000000E+00
 3.62000200E+03  4.6476243E+03 -2.6930201E+04 -2.3535474E+03  0.0000000E+00 -3.6694582E+04  0.0000000E+00
 3.63000200E+03  4.6391237E+03 -2.6930172E+04 -2.3484296E+03  0.0000000E+00 -3.6694582E+04  0.0000000E+00
 3.64000200E+03  4.6306401E+03 -2.6930143E+04 -2.3433221E+03  0.0000000E+00 -3.6694582E+04  0.0000000E+00
 3.65000200E+03  4.6221733E+03 -2.6930114E+04 -2.3382247E+03  0.0000000E+00 -3.6694582E+04  0.0000000E+00
 3.66000200E+03  4.6137011E+03 -2.6930090E+04 -2.3331034E+03  0.0000000E+00 -3.6694582E+04  0.0000000E+00
 3.67000200E+03  4.6052292E+03 -2.6930060E+04 -2.3279811E+03  0.0000000E+00 -3.6694582E+04  0.0000000E+00
 3.68000200E+03  4.5968169E+03 -2.6930032E+04 -2.3229189E+03  0.0000000E+00 -3.6694582E+04  0.0000000E+00
 3.69000200E+03  4.5884219E+03 -2.6930004E+04 -2.3178674E+03  0.0000000E+00 -3.6694582E+04  0.0000000E+00
 3.70000200E+03  4.5800435E+03 -2.6929976E+04 -2.3128260E+03  0.0000000E+00 -3.6694582E+04  0.0000000E+00
 3.71000200E+03  4.5716563E+03 -2.6929946E+04 -2.3077650E+03  0.0000000E+00 -3.6694582E+04  0.0000000E+00
 3.72000200E+03  4.5632949E+03 -2.6929918E+04 -2.3027261E+03  0.0000000E+00 -3.6694582E+04  0.0000000E+00
 3.73000200E+03  4.5549910E+03 -2.6929891E+04 -2.2977433E+03  0.0000000E+00 -3.6694582E+04  0.0000000E+00
 3.74000200E+03  4.5466793E+03 -2.6929863E+04 -2.2927424E+03  0.0000000E+00 -3.6694582E+04  0.0000000E+00
 3.75000200E+03  4.5383838E+03 -2.6929836E+04 -2.2877510E+03  0.0000000E+00 -3.6694582E+04  0.0000000E+00
 3.76000200E+03  4.5301047E+03 -2.6929808E+04 -2.2827695E+03  0.0000000E+00 -3.6694582E+04  0.0000000E+00
 3.77000200E+03  4.5218419E+03 -2.6929781E+04 -2.2777980E+03  0.0000000E+00 -3.6694582E+04  0.0000000E+00
 3.78000200E+03  4.5135956E+03 -2.6929753E+04 -2.2728363E+03  0.0000000E+00 -3.6694582E+04  0.0000000E+00
 3.79000200E+03  4.5053655E+03 -2.6929726E+04 -2.2678844E+03  0.0000000E+00 -3.6694582E+04  0.0000000E+00
 3.80000200E+03  4.4971517E+03 -2.6929699E+04 -2.2629423E+03  0.0000000E+00 -3.6694582E+04  0.0000000E+00
 3.81000200E+03  4.4889541E+03 -2.6929672E+04 -2.2580101E+03  0.0000000E+00 -3.6694582E+04  0.0000000E+00
 3.82000200E+03  4.4807727E+03 -2.6929645E+04 -2.2530876E+03  0.0000000E+00 -3.6694582E+04  0.0000000E+00
 3.83000200E+03  4.4726074E+03 -2.6929618E+04 -2.2481748E+03  0.0000000E+00 -3.6694582E+04  0.0000000E+00
 3.84000200E+03  4.4644583E+03 -2.6929591E+04 -2.2432718E+03  0.0000000E+00 -3.6694582E+04  0.0000000E+00
 3.85000200E+03  4.4563252E+03 -2.6929565E+04 -2.2383785E+03  0.0000000E+00 -3.6694582E+04  0.0000000E+00
 3.86000200E+03  4.4482081E+03 -2.6929538E+04 -2.2334948E+03  0.0000000E+00 -3.6694582E+04  0.0000000E+00
 3.87000200E+03  4.4401071E+03 -2.6929512E+04 -2.2286208E+03  0.0000000E+00 -3.6694582E+04  0.0000000E+00
 3.88000200E+03  4.4320220E+03 -2.6929485E+04 -2.2237564E+03  0.0000000E+00 -3.6694582E+04  0.0000000E+00
 3.89000200E+03  4.4239528E+03 -2.6929459E+04 -2.2189017E+03  0.0000000E+00 -3.6694582E+04  0.0000000E+00
 3.90000200E+03  4.4158995E+03 -2.6929433E+04 -2.2140565E+03  0.0000000E+00 -3.6694582E+04  0.0000000E+00
 3.91000200E+03  4.4078620E+03 -2.6929407E+04 -2.2092208E+03  0.0000000E+00 -3.6694582E+04  0.0000000E+00
 3.92000200E+03  4.3998403E+03 -2.6929381E+04 -2.2043947E+03  0.0000000E+00 -3.6694582E+04  0.0000000E+00
 3.93000200E+03  4.3918344E+03 -2.6929355E+04 -2.1995782E+03  0.0000000E+00 -3.6694582E+04  0.0000000E+00
 3.94000200E+03  4.3838442E+03 -2.6929329E+04 -2.1947711E+03  0.0000000E+00 -3.6694582E+04  0.0000000E+00
 3.95000200E+03  4.3758697E+03 -2.6929304E+04 -2.1899734E+03  0.0000000E+00 -3.6694582E+04  0.0000000E+00
 3.96000200E+03  4.3679109E+03 -2.6929278E+04 -2.1851853E+03  0.0000000E+00 -3.6694582E+04  0.0000000E+00
 3.97000200E+03  4.3599677E+03 -2.6929253E+04 -2.1804065E+03  0.0000000E+00 -3.6694582E+04  0.0000000E+00
 3.98000200E+03  4.3520400E+03 -2.6929227E+04 -2.1756372E+03  0.0000000E+00 -3.6694582E+04  0.0000000E+00
 3.99000200E+03  4.3441279E+03 -2.6929202E+04 -2.1708772E+03  0.0000000E+00 -3.6694582E+04  0.0000000E+00
 4.00000200E+03  4.3362314E+03 -2.6929177E+04 -2.1661266E+03  0.0000000E+00 -3.6694582E+04  0.0000000E+00
 4.01000200E+03  4.3283502E+03 -2.6929152E+04 -2.1613853E+03  0.0000000E+00 -3.6694582E+04  0.0000000E+00
 4.02000200E+03  4.3204845E+03 -2.6929127E+04 -2.1566533E+03  0.0000000E+00 -3.6694582E+04  0.0000000E+00
 4.03000200E+03  4.3126342E+03 -2.6929102E+04 -2.1519306E+03  0.0000000E+00 -3.6694582E+04  0.0000000E+00
 4.04000200E+03  4.3047993E+03 -2.6929077E+04 -2.1472172E+03  0.0000000E+00 -3.6694582E+04  0.0000000E+00
 4.05000200E+03  4.2969797E+03 -2.6929052E+04 -2.1425130E+03  0.0000000E+00 -3.6694582E+04  0.0000000E+00
 4.06000200E+03  4.2891754E+03 -2.6929028E+04 -2.1378181E+03  0.0000000E+00 -3.6694582E+04  0.0000000E+00
 4.07000200E+03  4.2813863E+03 -2.6929003E+04 -2.1331323E+03  0.0000000E+00 -3.6694582E+04  0.0000000E+00
 4.08000200E+03  4.2736125E+03 -2.6928979E+04 -2.1284558E+03  0.0000000E+00 -3.6694582E+04  0.0000000E+00
 4.09000200E+03  4.2658538E+03 -2.6928955E+04 -2.1237884E+03  0.0000000E+00 -3.6694582E+04  0.0000000E+00
 4.10000200E+03  4.2581102E+03 -2.6928930E+04 -2.1191301E+03  0.0000000E+00 -3.6694582E+04  0.0000000E+00
 4.11000200E+03  4.2503818E+03 -2.6928906E+04 -2.1144810E+03  0.0000000E+00 -3.6694582E+04  0.0000000E+00
 4.12000200E+03  4.2426685E+03 -2.6928882E+04 -2.1098409E+03  0.0000000E+00 -3.6694582E+04  0.0000000E+00
 4.13000200E+03  4.2349702E+03 -2.6928858E+04 -2.1052099E+03  0.0000000E+00 -3.6694582E+04  0.0000000E+00
 4.14000200E+03  4.2272869E+03 -2.6928834E+04 -2.1005880E+03  0.0000000E+00 -3.6694582E+04  0.0000000E+00
 4.15000200E+03  4.2196186E+03 -2.6928810E+04 -2.0959751E+03  0.0000000E+00 -3.6694582E+04  0.0000000E+00
 4.16000200E+03  4.2119652E+03 -2.6928787E+04 -2.0913712E+03  0.0000000E+00 -3.6694582E+04  0.0000000E+00
 4.17000200E+03  4.2043267E+03 -2.6928763E+04 -2.0867763E+03  0.0000000E+00 -3.6694582E+04  0.0000000E+00
 4.18000200E+03  4.1967030E+03 -2.6928740E+04 -2.0821904E+03  0.0000000E+00 -3.6694582E+04  0.0000000E+00
 4.19000200E+03  4.1890942E+03 -2.6928716E+04 -2.0776134E+03  0.0000000E+00 -3.6694582E+04  0.0000000E+00
 4.20000200E+03  4.1815002E+03 -2.6928693E+04 -2.0730454E+03  0.0000000E+00 -3.6694582E+04  0.0000000E+00
 4.21000200E+03  4.1739210E+03 -2.6928670E+04 -2.0684862E+03  0.0000000E+00 -3.6694582E+04  0.0000000E+00
 4.22000200E+03  4.1663565E+03 -2.6928646E+04 -2.0639360E+03  0.0000000E+00 -3.6694582E+04  0.0000000E+00
 4.23000200E+03  4.1588067E+03 -2.6928623E+04 -2.0593946E+03  0.0000000E+00 -3.6694582E+04  0.0000000E+00
 4.24000200E+03  4.1512715E+03 -2.6928600E+04 -2.0548620E+03  0.0000000E+00 -3.6694582E+04  0.0000000E+00
 4.25000200E+03  4.1437510E+03 -2.6928578E+04 -2.0503383E+03  0.0000000E+00 -3.6694582E+04  0.0000000E+00
 4.26000200E+03  4.1362451E+03 -2.6928555E+04 -2.0458234E+03  0.0000000E+00 -3.6694582E+04  0.0000000E+00
 4.27000200E+03  4.1287537E+03 -2.6928532E+04 -2.0413172E+03  0.0000000E+00 -3.6694582E+04  0.0000000E+00
 4.28000200E+03  4.1212768E+03 -2.6928509E+04 -2.0368198E+03  0.0000000E+00 -3.6694582E+04  0.0000000E+00
 4.29000200E+03  4.1138145E+03 -2.6928487E+04 -2.0323312E+03  0.0000000E+00 -3.6694582E+04  0.0000000E+00
 4.30000200E+03  4.1063666E+03 -2.6928464E+04 -2.0278513E+03  0.0000000E+00 -3.6694582E+04  0.0000000E+00
 4.31000200E+03  4.0989331E+03 -2.6928442E+04 -2.0233801E+03  0.0000000E+00 -3.6694582E+04  0.0000000E+00
 4.32000200E+03  4.0915140E+03 -2.6928420E+04 -2.0189175E+03  0.0000000E+00 -3.6694582E+04  0.0000000E+00
 4.33000200E+03  4.0848624E+03 -2.6928413E+04 -2.0153394E+03  0.0000000E+00 -3.6694582E+04  0.0000000E+00
 4.34000200E+03  4.0765574E+03 -2.6928374E+04 -2.0098377E+03  0.0000000E+00 -3.6694582E+04  0.0000000E+00
 4.35000200E+03  4.0691721E+03 -2.6928352E+04 -2.0053902E+03  0.0000000E+00 -3.6694582E+04  0.0000000E+00
 4.36000200E+03  4.0618109E+03 -2.6928330E+04 -2.0009629E+03  0.0000000E+00 -3.6694582E+04  0.0000000E+00
 4.37000200E+03  4.0544641E+03 -2.6928308E+04 -1.9965441E+03  0.0000000E+00 -3.6694582E+04  0.0000000E+00
 4.38000200E+03  4.0471315E+03 -2.6928287E+04 -1.9921340E+03  0.0000000E+00 -3.6694582E+04  0.0000000E+00
 4.39000200E+03  4.0398131E+03 -2.6928265E+04 -1.9877325E+03  0.0000000E+00 -3.6694582E+04  0.0000000E+00
 4.40000200E+03  4.0325105E+03 -2.6928243E+04 -1.9833406E+03  0.0000000E+00 -3.6694582E+04  0.0000000E+00
 4.41000200E+03  4.0252249E+03 -2.6928222E+04 -1.9789614E+03  0.0000000E+00 -3.6694582E+04  0.0000000E+00
 4.42000200E+03  4.0179484E+03 -2.6928200E+04 -1.9745849E+03  0.0000000E+00 -3.6694582E+04  0.0000000E+00
 4.43000200E+03  4.0106842E+03 -2.6928179E+04 -1.9702157E+03  0.0000000E+00 -3.6694582E+04  0.0000000E+00
 4.44000200E+03  4.0034326E+03 -2.6928157E+04 -1.9658524E+03  0.0000000E+00 -3.6694582E+04  0.0000000E+00
 4.45000200E+03  3.9961983E+03 -2.6928136E+04 -1.9615015E+03  0.0000000E+00 -3.6694582E+04  0.0000000E+00
 4.46000200E+03  3.9889780E+03 -2.6928115E+04 -1.9571591E+03  0.0000000E+00 -3.6694582E+04  0.0000000E+00
 4.47000200E+03  3.9817716E+03 -2.6928094E+04 -1.9528250E+03  0.0000000E+00 -3.6694582E+04  0.0000000E+00
 4.48000200E+03  3.9745793E+03 -2.6928073E+04 -1.9484996E+03  0.0000000E+00 -3.6694582E+04  0.0000000E+00
 4.49000200E+03  3.9674007E+03 -2.6928052E+04 -1.9441823E+03  0.0000000E+00 -3.6694582E+04  0.0000000E+00
 4.50000200E+03  3.9602358E+03 -2.6928031E+04 -1.9398733E+03  0.0000000E+00 -3.6694582E+04  0.0000000E+00
 4.51000200E+03  3.9530846E+03 -2.6928010E+04 -1.9355725E+03  0.0000000E+00 -3.6694582E+04  0.0000000E+00
 4.52000200E+03  3.9459472E+03 -2.6927989E+04 -1.9312801E+03  0.0000000E+00 -3.6694582E+04  0.0000000E+00
 4.53000200E+03  3.9388236E+03 -2.6927969E+04 -1.9269959E+03  0.0000000E+00 -3.6694582E+04  0.0000000E+00
 4.54000200E+03  3.9317136E+03 -2.6927948E+04 -1.9227200E+03  0.0000000E+00 -3.6694582E+04  0.0000000E+00
 4.55000200E+03  3.9246173E+03 -2.6927928E+04 -1.9184523E+03  0.0000000E+00 -3.6694582E+04  0.0000000E+00
 4.56000200E+03  3.9175346E+03 -2.6927907E+04 -1.9141928E+03  0.0000000E+00 -3.6694582E+04  0.0000000E+00
 4.57000200E+03  3.9104655E+03 -2.6927887E+04 -1.9099416E+03  0.0000000E+00 -3.6694582E+04  0.0000000E+00
 4.58000200E+03  3.9034100E+03 -2.6927867E+04 -1.9056985E+03  0.0000000E+00 -3.6694582E+04  0.0000000E+00
 4.59000200E+03  3.8963680E+03 -2.6927847E+04 -1.9014636E+03  0.0000000E+00 -3.6694582E+04  0.0000000E+00
 4.60000200E+03  3.8893395E+03 -2.6927827E+04 -1.8972368E+03  0.0000000E+00 -3.6694582E+04  0.0000000E+00
 4.61000200E+03  3.8823245E+03 -2.6927807E+04 -1.8930181E+03  0.0000000E+00 -3.6694582E+04  0.0000000E+00
 4.62000200E+03  3.8753230E+03 -2.6927787E+04 -1.8888076E+03  0.0000000E+00 -3.6694582E+04  0.0000000E+00
 4.63000200E+03  3.8683348E+03 -2.6927767E+04 -1.8846051E+03  0.0000000E+00 -3.6694582E+04  0.0000000E+00
 4.64000200E+03  3.8613601E+03 -2.6927747E+04 -1.8804107E+03  0.0000000E+00 -3.6694582E+04  0.0000000E+00
 4.65000200E+03  3.8543986E+03 -2.6927727E+04 -1.8762244E+03  0.0000000E+00 -3.6694582E+04  0.0000000E+00
 4.66000200E+03  3.8474506E+03 -2.6927708E+04 -1.8720461E+03  0.0000000E+00 -3.6694582E+04  0.0000000E+00
 4.67000200E+03  3.8405158E+03 -2.6927688E+04 -1.8678758E+03  0.0000000E+00 -3.6694582E+04  0.0000000E+00
 4.68000200E+03  3.8335942E+03 -2.6927668E+04 -1.8637135E+03  0.0000000E+00 -3.6694582E+04  0.0000000E+00
 4.69000200E+03  3.8266859E+03 -2.6927649E+04 -1.8595592E+03  0.0000000E+00 -3.6694582E+04  0.0000000E+00
 4.70000200E+03  3.8197909E+03 -2.6927630E+04 -1.8554129E+03  0.0000000E+00 -3.6694582E+04  0.0000000E+00
 4.71000200E+03  3.8129090E+03 -2.6927610E+04 -1.8512745E+03  0.0000000E+00 -3.6694582E+04  0.0000000E+00
 4.72000200E+03  3.8060402E+03 -2.6927591E+04 -1.8471440E+03  0.0000000E+00 -3.6694582E+04  0.0000000E+00
 4.73000200E+03  3.7991846E+03 -2.6927572E+04 -1.8430214E+03  0.0000000E+00 -3.6694582E+04  0.0000000E+00
 4.74000200E+03  3.7923420E+03 -2.6927553E+04 -1.8389068E+03  0.0000000E+00 -3.6694582E+04  0.0000000E+00
 4.75000200E+03  3.7855125E+03 -2.6927534E+04 -1.8348000E+03  0.0000000E+00 -3.6694582E+04  0.0000000E+00
 4.76000200E+03  3.7786960E+03 -2.6927515E+04 -1.8307010E+03  0.0000000E+00 -3.6694582E+04  0.0000000E+00
 4.77000200E+03  3.7718926E+03 -2.6927496E+04 -1.8266099E+03  0.0000000E+00 -3.6694582E+04  0.0000000E+00
 4.78000200E+03  3.7651021E+03 -2.6927477E+04 -1.8225267E+03  0.0000000E+00 -3.6694582E+04  0.0000000E+00
 4.79000200E+03  3.7583246E+03 -2.6927459E+04 -1.8184512E+03  0.0000000E+00 -3.6694582E+04  0.0000000E+00
 4.80000200E+03  3.7515599E+03 -2.6927440E+04 -1.8143835E+03  0.0000000E+00 -3.6694582E+04  0.0000000E+00
 4.81000200E+03  3.7448082E+03 -2.6927421E+04 -1.8103236E+03  0.0000000E+00 -3.6694582E+04  0.0000000E+00
 4.82000200E+03  3.7380693E+03 -2.6927403E+04 -1.8062714E+03  0.0000000E+00 -3.6694582E+04  0.0000000E+00
 4.83000200E+03  3.7313433E+03 -2.6927384E+04 -1.8022270E+03  0.0000000E+00 -3.6694582E+04  0.0000000E+00
 4.84000200E+03  3.7246301E+03 -2.6927366E+04 -1.7981903E+03  0.0000000E+00 -3.6694582E+04  0.0000000E+00
 4.85000200E+03  3.7195270E+03 -2.6927385E+04 -1.7960233E+03  0.0000000E+00 -3.6694582E+04  0.0000000E+00
 4.86000200E+03  3.7111967E+03 -2.6927329E+04 -1.7900901E+03  0.0000000E+00 -3.6694582E+04  0.0000000E+00
 4.87000200E+03  3.7045056E+03 -2.6927311E+04 -1.7860579E+03  0.0000000E+00 -3.6694582E+04  0.0000000E+00
 4.88000200E+03  3.6978437E+03 -2.6927293E+04 -1.7820523E+03  0.0000000E+00 -3.6694582E+04  0.0000000E+00
 4.89000200E+03  3.6911946E+03 -2.6927275E+04 -1.7780545E+03  0.0000000E+00 -3.6694582E+04  0.0000000E+00
 4.90000200E+03  3.6845581E+03 -2.6927257E+04 -1.7740643E+03  0.0000000E+00 -3.6694582E+04  0.0000000E+00
 4.91000200E+03  3.6779343E+03 -2.6927239E+04 -1.7700817E+03  0.0000000E+00 -3.6694582E+04  0.0000000E+00
 4.92000200E+03  3.6713230E+03 -2.6927221E+04 -1.7661067E+03  0.0000000E+00 -3.6694582E+04  0.0000000E+00
 4.93000200E+03  3.6647298E+03 -2.6927204E+04 -1.7621449E+03  0.0000000E+00 -3.6694582E+04  0.0000000E+00
 4.94000200E+03  3.6581437E+03 -2.6927186E+04 -1.7581851E+03  0.0000000E+00 -3.6694582E+04  0.0000000E+00
 4.95000200E+03  3.6515696E+03 -2.6927168E+04 -1.7542322E+03  0.0000000E+00 -3.6694582E+04  0.0000000E+00
 4.96000200E+03  3.6450079E+03 -2.6927151E+04 -1.7502869E+03  0.0000000E+00 -3.6694582E+04  0.0000000E+00
 4.97000200E+03  3.6384587E+03 -2.6927133E+04 -1.7463491E+03  0.0000000E+00 -3.6694582E+04  0.0000000E+00
 4.98000200E+03  3.6319219E+03 -2.6927116E+04 -1.7424188E+03  0.0000000E+00 -3.6694582E+04  0.0000000E+00
 4.99000200E+03  3.6253975E+03 -2.6927098E+04 -1.7384959E+03  0.0000000E+00 -3.6694582E+04  0.0000000E+00
 5.00000200E+03  3.6188854E+03 -2.6927081E+04 -1.7345805E+03  0.0000000E+00 -3.6694582E+04  0.0000000E+00
 5.01000200E+03  3.6123857E+03 -2.6927064E+04 -1.7306725E+03  0.0000000E+00 -3.6694582E+04  0.0000000E+00
 5.02000200E+03  3.6058983E+03 -2.6927047E+04 -1.7267720E+03  0.0000000E+00 -3.6694582E+04  0.0000000E+00
 5.03000200E+03  3.5994232E+03 -2.6927029E+04 -1.7228788E+03  0.0000000E+00 -3.6694582E+04  0.0000000E+00
 5.04000200E+03  3.5929606E+03 -2.6927012E+04 -1.7189934E+03  0.0000000E+00 -3.6694582E+04  0.0000000E+00
 5.05000200E+03  3.5865099E+03 -2.6926995E+04 -1.7151150E+03  0.0000000E+00 -3.6694582E+04  0.0000000E+00
 5.06000200E+03  3.5800715E+03 -2.6926978E+04 -1.7112439E+03  0.0000000E+00 -3.6694582E+04  0.0000000E+00
 5.07000200E+03  3.5736452E+03 -2.6926962E+04 -1.7073802E+03  0.0000000E+00 -3.6694582E+04  0.0000000E+00
 5.08000200E+03  3.5672310E+03 -2.6926945E+04 -1.7035238E+03  0.0000000E+00 -3.6694582E+04  0.0000000E+00
 5.09000200E+03  3.5608290E+03 -2.6926928E+04 -1.6996747E+03  0.0000000E+00 -3.6694582E+04  0.0000000E+00
 5.10000200E+03  3.5544391E+03 -2.6926911E+04 -1.6958329E+03  0.0000000E+00 -3.6694582E+04  0.0000000E+00
 5.11000200E+03  3.5480612E+03 -2.6926895E+04 -1.6919984E+03  0.0000000E+00 -3.6694582E+04  0.0000000E+00
 5.12000200E+03  3.5416954E+03 -2.6926878E+04 -1.6881711E+03  0.0000000E+00 -3.6694582E+04  0.0000000E+00
 5.13000200E+03  3.5353417E+03 -2.6926862E+04 -1.6843511E+03  0.0000000E+00 -3.6694582E+04  0.0000000E+00
 5.14000200E+03  3.5289999E+03 -2.6926845E+04 -1.6805383E+03  0.0000000E+00 -3.6694582E+04  0.0000000E+00
 5.15000200E+03  3.5226700E+03 -2.6926829E+04 -1.6767327E+03  0.0000000E+00 -3.6694582E+04  0.0000000E+00
 5.16000200E+03  3.5163521E+03 -2.6926812E+04 -1.6729343E+03  0.0000000E+00 -3.6694582E+04  0.0000000E+00
 5.17000200E+03  3.5100462E+03 -2.6926796E+04 -1.6691431E+03  0.0000000E+00 -3.6694582E+04  0.0000000E+00
 5.18000200E+03  3.5037521E+03 -2.6926780E+04 -1.6653591E+03  0.0000000E+00 -3.6694582E+04  0.0000000E+00
 5.19000200E+03  3.4974699E+03 -2.6926764E+04 -1.6615822E+03  0.0000000E+00 -3.6694582E+04  0.0000000E+00
 5.20000200E+03  3.4911995E+03 -2.6926748E+04 -1.6578124E+03  0.0000000E+00 -3.6694582E+04  0.0000000E+00
 5.21000200E+03  3.4849409E+03 -2.6926732E+04 -1.6540498E+03  0.0000000E+00 -3.6694582E+04  0.0000000E+00
 5.22000200E+03  3.4786941E+03 -2.6926716E+04 -1.6502943E+03  0.0000000E+00 -3.6694582E+04  0.0000000E+00
 5.23000200E+03  3.4724591E+03 -2.6926700E+04 -1.6465458E+03  0.0000000E+00 -3.6694582E+04  0.0000000E+00
 5.24000200E+03  3.4662358E+03 -2.6926684E+04 -1.6428044E+03  0.0000000E+00 -3.6694582E+04  0.0000000E+00
 5.25000200E+03  3.4600243E+03 -2.6926668E+04 -1.6390701E+03  0.0000000E+00 -3.6694582E+04  0.0000000E+00
 5.26000200E+03  3.4538244E+03 -2.6926652E+04 -1.6353429E+03  0.0000000E+00 -3.6694582E+04  0.0000000E+00
 5.27000200E+03  3.4476362E+03 -2.6926637E+04 -1.6316226E+03  0.0000000E+00 -3.6694582E+04  0.0000000E+00
 5.28000200E+03  3.4414596E+03 -2.6926621E+04 -1.6279094E+03  0.0000000E+00 -3.6694582E+04  0.0000000E+00
 5.29000200E+03  3.4356939E+03 -2.6926610E+04 -1.6246627E+03  0.0000000E+00 -3.6694582E+04  0.0000000E+00
 5.30000200E+03  3.4290974E+03 -2.6926590E+04 -1.6204529E+03  0.0000000E+00 -3.6694582E+04  0.0000000E+00
 5.31000200E+03  3.4229657E+03 -2.6926574E+04 -1.6167740E+03  0.0000000E+00 -3.6694582E+04  0.0000000E+00
 5.32000200E+03  3.4168378E+03 -2.6926559E+04 -1.6130914E+03  0.0000000E+00 -3.6694582E+04  0.0000000E+00
 5.33000200E+03  3.4107195E+03 -2.6926543E+04 -1.6094136E+03  0.0000000E+00 -3.6694582E+04  0.0000000E+00
 5.34000200E+03  3.4046127E+03 -2.6926528E+04 -1.6057426E+03  0.0000000E+00 -3.6694582E+04  0.0000000E+00
 5.35000200E+03  3.3985173E+03 -2.6926513E+04 -1.6020785E+03  0.0000000E+00 -3.6694582E+04  0.0000000E+00
 5.36000200E+03  3.3924334E+03 -2.6926498E+04 -1.5984214E+03  0.0000000E+00 -3.6694582E+04  0.0000000E+00
 5.37000200E+03  3.3863609E+03 -2.6926483E+04 -1.5947711E+03  0.0000000E+00 -3.6694582E+04  0.0000000E+00
 5.38000200E+03  3.3803050E+03 -2.6926468E+04 -1.5911330E+03  0.0000000E+00 -3.6694582E+04  0.0000000E+00
 5.39000200E+03  3.3742550E+03 -2.6926453E+04 -1.5874961E+03  0.0000000E+00 -3.6694582E+04  0.0000000E+00
 5.40000200E+03  3.3682162E+03 -2.6926438E+04 -1.5838659E+03  0.0000000E+00 -3.6694582E+04  0.0000000E+00
 5.41000200E+03  3.3621887E+03 -2.6926423E+04 -1.5802425E+03  0.0000000E+00 -3.6694582E+04  0.0000000E+00
 5.42000200E+03  3.3561725E+03 -2.6926408E+04 -1.5766259E+03  0.0000000E+00 -3.6694582E+04  0.0000000E+00
 5.43000200E+03  3.3501676E+03 -2.6926393E+04 -1.5730162E+03  0.0000000E+00 -3.6694582E+04  0.0000000E+00
 5.44000200E+03  3.3441739E+03 -2.6926379E+04 -1.5694132E+03  0.0000000E+00 -3.6694582E+04  0.0000000E+00
 5.45000200E+03  3.3381915E+03 -2.6926364E+04 -1.5658170E+03  0.0000000E+00 -3.6694582E+04  0.0000000E+00
 5.46000200E+03  3.3322202E+03 -2.6926349E+04 -1.5622275E+03  0.0000000E+00 -3.6694582E+04  0.0000000E+00
 5.47000200E+03  3.3262602E+03 -2.6926335E+04 -1.5586447E+03  0.0000000E+00 -3.6694582E+04  0.0000000E+00
 5.48000200E+03  3.3203112E+03 -2.6926320E+04 -1.5550687E+03  0.0000000E+00 -3.6694582E+04  0.0000000E+00
 5.49000200E+03  3.3143734E+03 -2.6926306E+04 -1.5514994E+03  0.0000000E+00 -3.6694582E+04  0.0000000E+00
 5.50000200E+03  3.3084468E+03 -2.6926291E+04 -1.5479368E+03  0.0000000E+00 -3.6694582E+04  0.0000000E+00
 5.51000200E+03  3.3025314E+03 -2.6926277E+04 -1.5443811E+03  0.0000000E+00 -3.6694582E+04  0.0000000E+00
 5.52000200E+03  3.2966269E+03 -2.6926263E+04 -1.5408318E+03  0.0000000E+00 -3.6694582E+04  0.0000000E+00
 5.53000200E+03  3.2907334E+03 -2.6926249E+04 -1.5372892E+03  0.0000000E+00 -3.6694582E+04  0.0000000E+00
 5.54000200E+03  3.2848508E+03 -2.6926234E+04 -1.5337531E+03  0.0000000E+00 -3.6694582E+04  0.0000000E+00
 5.55000200E+03  3.2789793E+03 -2.6926220E+04 -1.5302237E+03  0.0000000E+00 -3.6694582E+04  0.0000000E+00
 5.56000200E+03  3.2731188E+03 -2.6926206E+04 -1.5267009E+03  0.0000000E+00 -3.6694582E+04  0.0000000E+00
 5.57000200E+03  3.2672692E+03 -2.6926192E+04 -1.5231847E+03  0.0000000E+00 -3.6694582E+04  0.0000000E+00
 5.58000200E+03  3.2614305E+03 -2.6926178E+04 -1.5196751E+03  0.0000000E+00 -3.6694582E+04  0.0000000E+00
 5.59000200E+03  3.2556024E+03 -2.6926164E+04 -1.5161718E+03  0.0000000E+00 -3.6694582E+04  0.0000000E+00
 5.60000200E+03  3.2497855E+03 -2.6926150E+04 -1.5126753E+03  0.0000000E+00 -3.6694582E+04  0.0000000E+00
 5.61000200E+03  3.2439794E+03 -2.6926136E+04 -1.5091853E+03  0.0000000E+00 -3.6694582E+04  0.0000000E+00
 5.62000200E+03  3.2381842E+03 -2.6926122E+04 -1.5057019E+03  0.0000000E+00 -3.6694582E+04  0.0000000E+00
