 2.00000000E-03 -6.9603550E-02  5.5072377E-01  5.7958629E-03  0.0000000E+00 -6.9175023E+02  0.0000000E+00
 1.00020000E+01 -1.2511815E+02  6.9218778E+02 -1.9038365E-02  1.2536454E+02 -6.9175023E+02  0.0000000E+00
 2.00020000E+01 -1.4905945E+02  6.9148465E+02 -4.7465269E-02  1.5340669E+02 -6.9175023E+02  0.0000000E+00
 3.00020000E+01 -1.5704004E+02  6.9145290E+02 -4.9650107E-02  1.6161004E+02 -6.9175023E+02  0.0000000E+00
 4.00020000E+01 -1.6471086E+02  6.9137685E+02 -5.4320271E-02  1.6989036E+02 -6.9175023E+02  0.0000000E+00
 5.00020000E+01 -1.7189042E+02  6.9134338E+02 -6.9420093E-02  1.7820207E+02 -6.9175023E+02  0.0000000E+00
 6.00020000E+01 -1.8015443E+02  6.9123494E+02 -5.6348953E-02  1.8586848E+02 -6.9175023E+02  0.0000000E+00
 7.00020000E+01 -1.8693731E+02  6.9143254E+02 -5.9911261E-02  1.9277649E+02 -6.9175023E+02  0.0000000E+00
 8.00020000E+01 -1.9252342E+02  6.9152652E+02 -6.5973073E-02  1.9856246E+02 -6.9175023E+02  0.0000000E+00
 9.00020000E+01 -1.9720793E+02  6.9257703E+02 -2.1717678E-02  2.0273770E+02 -6.9175023E+02  0.0000000E+00
 1.00002000E+02 -2.0113579E+02  6.9159936E+02 -6.0915392E-02  2.0708460E+02 -6.9175023E+02  0.0000000E+00
 1.10002000E+02 -2.0525127E+02  6.9155149E+02 -5.6410704E-02  2.1084496E+02 -6.9175023E+02  0.0000000E+00
 1.20002000E+02 -2.0777978E+02  6.9172245E+02 -6.4215638E-02  2.1393541E+02 -6.9175023E+02  0.0000000E+00
 1.30002000E+02 -2.1021690E+02  6.9169057E+02 -6.6397614E-02  2.1662966E+02 -6.9175023E+02  0.0000000E+00
 1.40002000E+02 -2.1245319E+02  6.9169319E+02 -6.8568941E-02  2.1908070E+02 -6.9175023E+02  0.0000000E+00
 1.50002000E+02 -2.1433015E+02  6.9169772E+02 -7.1362160E-02  2.2122179E+02 -6.9175023E+02  0.0000000E+00
 1.60002000E+02 -2.1744898E+02  6.9168879E+02 -6.9257894E-02  2.2415019E+02 -6.9175023E+02  0.0000000E+00
 1.70002000E+02 -2.1982429E+02  6.9207410E+02 -6.2471533E-02  2.2654866E+02 -6.9175023E+02  0.0000000E+00
 1.80002000E+02 -2.2062602E+02  6.9209694E+02 -6.7644023E-02  2.2790377E+02 -6.9175023E+02  0.0000000E+00
 1.90002000E+02 -2.2152060E+02  6.9210359E+02 -7.0139295E-02  2.2906823E+02 -6.9175023E+02  0.0000000E+00
 2.00002000E+02 -2.2246891E+02  6.9210320E+02 -7.1056371E-02  2.3014089E+02 -6.9175023E+02  0.0000000E+00
 2.10002000E+02 -2.2385027E+02  6.9193279E+02 -7.0751148E-02  2.3147938E+02 -6.9175023E+02  0.0000000E+00
 2.20002000E+02 -2.2418498E+02  6.9239628E+02 -6.3197800E-02  2.3166270E+02 -6.9175023E+02  0.0000000E+00
 2.30002000E+02 -2.2369211E+02  6.9241402E+02 -6.5516536E-02  2.3143542E+02 -6.9175023E+02  0.0000000E+00
 2.40002000E+02 -2.2321423E+02  6.9241746E+02 -6.6401352E-02  2.3105733E+02 -6.9175023E+02  0.0000000E+00
 2.50002000E+02 -2.2274547E+02  6.9241441E+02 -6.6600819E-02  2.3061075E+02 -6.9175023E+02  0.0000000E+00
 2.60002000E+02 -2.2228061E+02  6.9240922E+02 -6.6568922E-02  2.3014193E+02 -6.9175023E+02  0.0000000E+00
 2.70002000E+02 -2.2181790E+02  6.9240328E+02 -6.6457409E-02  2.2966635E+02 -6.9175023E+02  0.0000000E+00
 2.80002000E+02 -2.2135678E+02  6.9239716E+02 -6.6319700E-02  2.2918928E+02 -6.9175023E+02  0.0000000E+00
 2.90002000E+02 -2.2089701E+02  6.9239100E+02 -6.6170753E-02  2.2871252E+02 -6.9175023E+02  0.0000000E+00
 3.00002000E+02 -2.2043853E+02  6.9238484E+02 -6.6021005E-02  2.2823672E+02 -6.9175023E+02  0.0000000E+00
 3.10002000E+02 -2.1998129E+02  6.9237870E+02 -6.5870625E-02  2.2776210E+02 -6.9175023E+02  0.0000000E+00
 3.20002000E+02 -2.1952530E+02  6.9237260E+02 -6.5720352E-02  2.2728872E+02 -6.9175023E+02  0.0000000E+00
 3.30002000E+02 -2.1907053E+02  6.9236654E+02 -6.5570438E-02  2.2681661E+02 -6.9175023E+02  0.0000000E+00
 3.40002000E+02 -2.1861699E+02  6.9236051E+02 -6.5420965E-02  2.2634577E+02 -6.9175023E+02  0.0000000E+00
 3.50002000E+02 -2.1816466E+02  6.9235452E+02 -6.5271961E-02  2.2587620E+02 -6.9175023E+02  0.0000000E+00
 3.60002000E+02 -2.1771354E+02  6.9234856E+02 -6.5123433E-02  2.2540788E+02 -6.9175023E+02  0.0000000E+00
 3.70002000E+02 -2.1726363E+02  6.9234264E+02 -6.4975382E-02  2.2494083E+02 -6.9175023E+02  0.0000000E+00
 3.80002000E+02 -2.1681493E+02  6.9233675E+02 -6.4827807E-02  2.2447503E+02 -6.9175023E+02  0.0000000E+00
 3.90002000E+02 -2.1636741E+02  6.9233090E+02 -6.4680706E-02  2.2401048E+02 -6.9175023E+02  0.0000000E+00
 4.00002000E+02 -2.1592110E+02  6.9232508E+02 -6.4534078E-02  2.2354717E+02 -6.9175023E+02  0.0000000E+00
 4.10002000E+02 -2.1547596E+02  6.9231930E+02 -6.4387885E-02  2.2308509E+02 -6.9175023E+02  0.0000000E+00
 4.20002000E+02 -2.1503202E+02  6.9231355E+02 -6.4242180E-02  2.2262425E+02 -6.9175023E+02  0.0000000E+00
 4.30002000E+02 -2.1458924E+02  6.9230784E+02 -6.4096807E-02  2.2216464E+02 -6.9175023E+02  0.0000000E+00
 4.40002000E+02 -2.1414764E+02  6.9230216E+02 -6.3952042E-02  2.2170625E+02 -6.9175023E+02  0.0000000E+00
 4.50002000E+02 -2.1370721E+02  6.9229651E+02 -6.3807736E-02  2.2124908E+02 -6.9175023E+02  0.0000000E+00
 4.60002000E+02 -2.1326794E+02  6.9229090E+02 -6.3663886E-02  2.2079311E+02 -6.9175023E+02  0.0000000E+00
 4.70002000E+02 -2.1282883E+02  6.9228574E+02 -6.3566846E-02  2.2034300E+02 -6.9175023E+02  0.0000000E+00
 4.80002000E+02 -2.1239103E+02  6.9228036E+02 -6.3446858E-02  2.1989122E+02 -6.9175023E+02  0.0000000E+00
 4.90002000E+02 -2.1195456E+02  6.9227490E+02 -6.3312331E-02  2.1943911E+02 -6.9175023E+02  0.0000000E+00
 5.00002000E+02 -2.1151930E+02  6.9226942E+02 -6.3172879E-02  2.1898765E+02 -6.9175023E+02  0.0000000E+00
 5.10002000E+02 -2.1108521E+02  6.9226397E+02 -6.3031948E-02  2.1853718E+02 -6.9175023E+02  0.0000000E+00
 5.20002000E+02 -2.1065226E+02  6.9225854E+02 -6.2890767E-02  2.1808783E+02 -6.9175023E+02  0.0000000E+00
 5.30002000E+02 -2.1022045E+02  6.9225315E+02 -6.2749781E-02  2.1763963E+02 -6.9175023E+02  0.0000000E+00
 5.40002000E+02 -2.0978977E+02  6.9224778E+02 -6.2609146E-02  2.1719261E+02 -6.9175023E+02  0.0000000E+00
 5.50002000E+02 -2.0936021E+02  6.9224245E+02 -6.2468918E-02  2.1674675E+02 -6.9175023E+02  0.0000000E+00
 5.60002000E+02 -2.0893178E+02  6.9223714E+02 -6.2329117E-02  2.1630206E+02 -6.9175023E+02  0.0000000E+00
 5.70002000E+02 -2.0850446E+02  6.9223187E+02 -6.2189746E-02  2.1585853E+02 -6.9175023E+02  0.0000000E+00
 5.80002000E+02 -2.0807825E+02  6.9222663E+02 -6.2050808E-02  2.1541616E+02 -6.9175023E+02  0.0000000E+00
 5.90002000E+02 -2.0765315E+02  6.9222143E+02 -6.1912299E-02  2.1497494E+02 -6.9175023E+02  0.0000000E+00
 6.00002000E+02 -2.0722915E+02  6.9221625E+02 -6.1774220E-02  2.1453487E+02 -6.9175023E+02  0.0000000E+00
 6.10002000E+02 -2.0680625E+02  6.9221110E+02 -6.1636568E-02  2.1409595E+02 -6.9175023E+02  0.0000000E+00
 6.20002000E+02 -2.0638445E+02  6.9220598E+02 -6.1499318E-02  2.1365816E+02 -6.9175023E+02  0.0000000E+00
 6.30002000E+02 -2.0596373E+02  6.9220090E+02 -6.1362526E-02  2.1322152E+02 -6.9175023E+02  0.0000000E+00
 6.40002000E+02 -2.0554410E+02  6.9219584E+02 -6.1226150E-02  2.1278600E+02 -6.9175023E+02  0.0000000E+00
 6.50002000E+02 -2.0512555E+02  6.9219082E+02 -6.1090187E-02  2.1235161E+02 -6.9175023E+02  0.0000000E+00
 6.60002000E+02 -2.0470808E+02  6.9218582E+02 -6.0954640E-02  2.1191835E+02 -6.9175023E+02  0.0000000E+00
 6.70002000E+02 -2.0429168E+02  6.9218085E+02 -6.0819508E-02  2.1148620E+02 -6.9175023E+02  0.0000000E+00
 6.80002000E+02 -2.0387635E+02  6.9217592E+02 -6.0684788E-02  2.1105516E+02 -6.9175023E+02  0.0000000E+00
 6.90002000E+02 -2.0346208E+02  6.9217101E+02 -6.0550479E-02  2.1062524E+02 -6.9175023E+02  0.0000000E+00
 7.00002000E+02 -2.0304887E+02  6.9216613E+02 -6.0416578E-02  2.1019642E+02 -6.9175023E+02  0.0000000E+00
 7.10002000E+02 -2.0263680E+02  6.9216125E+02 -6.0279325E-02  2.0976832E+02 -6.9175023E+02  0.0000000E+00
 7.20002000E+02 -2.0222579E+02  6.9215642E+02 -6.0143817E-02  2.0934150E+02 -6.9175023E+02  0.0000000E+00
 7.30002000E+02 -2.0181580E+02  6.9215162E+02 -6.0010291E-02  2.0891593E+02 -6.9175023E+02  0.0000000E+00
 7.40002000E+02 -2.0140685E+02  6.9214685E+02 -5.9877730E-02  2.0849151E+02 -6.9175023E+02  0.0000000E+00
 7.50002000E+02 -2.0099893E+02  6.9214212E+02 -5.9745770E-02  2.0806820E+02 -6.9175023E+02  0.0000000E+00
 7.60002000E+02 -2.0059205E+02  6.9213741E+02 -5.9614280E-02  2.0764597E+02 -6.9175023E+02  0.0000000E+00
 7.70002000E+02 -2.0018621E+02  6.9213273E+02 -5.9483211E-02  2.0722482E+02 -6.9175023E+02  0.0000000E+00
 7.80002000E+02 -1.9978139E+02  6.9212808E+02 -5.9352544E-02  2.0680474E+02 -6.9175023E+02  0.0000000E+00
 7.90002000E+02 -1.9938238E+02  6.9212247E+02 -5.9038661E-02  2.0636975E+02 -6.9175023E+02  0.0000000E+00
 8.00002000E+02 -1.9897756E+02  6.9211868E+02 -5.9051041E-02  2.0596598E+02 -6.9175023E+02  0.0000000E+00
 8.10002000E+02 -1.9857485E+02  6.9211440E+02 -5.8974243E-02  2.0555416E+02 -6.9175023E+02  0.0000000E+00
 8.20002000E+02 -1.9817358E+02  6.9210996E+02 -5.8864530E-02  2.0514000E+02 -6.9175023E+02  0.0000000E+00
 8.30002000E+02 -1.9779309E+02  6.9210031E+02 -5.7910431E-02  2.0464583E+02 -6.9175023E+02  0.0000000E+00
 8.40002000E+02 -1.9740157E+02  6.9209565E+02 -5.7710270E-02  2.0423164E+02 -6.9175023E+02  0.0000000E+00
 8.50002000E+02 -1.9700982E+02  6.9209129E+02 -5.7580553E-02  2.0382479E+02 -6.9175023E+02  0.0000000E+00
 8.60002000E+02 -1.9661895E+02  6.9208699E+02 -5.7456707E-02  2.0341943E+02 -6.9175023E+02  0.0000000E+00
 8.70002000E+02 -1.9622903E+02  6.9208271E+02 -5.7333664E-02  2.0301512E+02 -6.9175023E+02  0.0000000E+00
 8.80002000E+02 -1.9584007E+02  6.9207846E+02 -5.7211140E-02  2.0261183E+02 -6.9175023E+02  0.0000000E+00
 8.90002000E+02 -1.9545206E+02  6.9207423E+02 -5.7088875E-02  2.0220951E+02 -6.9175023E+02  0.0000000E+00
 9.00002000E+02 -1.9506500E+02  6.9207002E+02 -5.6966931E-02  2.0180819E+02 -6.9175023E+02  0.0000000E+00
 9.10002000E+02 -1.9467889E+02  6.9206584E+02 -5.6845335E-02  2.0140784E+02 -6.9175023E+02  0.0000000E+00
 9.20002000E+02 -1.9429373E+02  6.9206169E+02 -5.6724087E-02  2.0100848E+02 -6.9175023E+02  0.0000000E+00
 9.30002000E+02 -1.9390950E+02  6.9205756E+02 -5.6603185E-02  2.0061010E+02 -6.9175023E+02  0.0000000E+00
 9.40002000E+02 -1.9352622E+02  6.9205345E+02 -5.6482628E-02  2.0021270E+02 -6.9175023E+02  0.0000000E+00
 9.50002000E+02 -1.9314386E+02  6.9204937E+02 -5.6362415E-02  1.9981626E+02 -6.9175023E+02  0.0000000E+00
 9.60002000E+02 -1.9276244E+02  6.9204531E+02 -5.6242544E-02  1.9942080E+02 -6.9175023E+02  0.0000000E+00
 9.70002000E+02 -1.9238194E+02  6.9204127E+02 -5.6123012E-02  1.9902630E+02 -6.9175023E+02  0.0000000E+00
 9.80002000E+02 -1.9200237E+02  6.9203726E+02 -5.6003819E-02  1.9863276E+02 -6.9175023E+02  0.0000000E+00
 9.90002000E+02 -1.9162372E+02  6.9203327E+02 -5.5884965E-02  1.9824018E+02 -6.9175023E+02  0.0000000E+00
 1.00000200E+03 -1.9124599E+02  6.9202930E+02 -5.5766447E-02  1.9784855E+02 -6.9175023E+02  0.0000000E+00
 1.01000200E+03 -1.9086917E+02  6.9202536E+02 -5.5648264E-02  1.9745788E+02 -6.9175023E+02  0.0000000E+00
 1.02000200E+03 -1.9049326E+02  6.9202144E+02 -5.5530414E-02  1.9706815E+02 -6.9175023E+02  0.0000000E+00
 1.03000200E+03 -1.9011825E+02  6.9201754E+02 -5.5412896E-02  1.9667936E+02 -6.9175023E+02  0.0000000E+00
 1.04000200E+03 -1.8974416E+02  6.9201366E+02 -5.5295708E-02  1.9629152E+02 -6.9175023E+02  0.0000000E+00
 1.05000200E+03 -1.8937096E+02  6.9200981E+02 -5.5178849E-02  1.9590462E+02 -6.9175023E+02  0.0000000E+00
 1.06000200E+03 -1.8899866E+02  6.9200598E+02 -5.5062318E-02  1.9551865E+02 -6.9175023E+02  0.0000000E+00
 1.07000200E+03 -1.8862726E+02  6.9200217E+02 -5.4946113E-02  1.9513361E+02 -6.9175023E+02  0.0000000E+00
 1.08000200E+03 -1.8825675E+02  6.9199839E+02 -5.4830233E-02  1.9474950E+02 -6.9175023E+02  0.0000000E+00
 1.09000200E+03 -1.8788713E+02  6.9199462E+02 -5.4714675E-02  1.9436631E+02 -6.9175023E+02  0.0000000E+00
 1.10000200E+03 -1.8751839E+02  6.9199088E+02 -5.4599440E-02  1.9398404E+02 -6.9175023E+02  0.0000000E+00
 1.11000200E+03 -1.8715053E+02  6.9198716E+02 -5.4484526E-02  1.9360269E+02 -6.9175023E+02  0.0000000E+00
 1.12000200E+03 -1.8678356E+02  6.9198346E+02 -5.4369930E-02  1.9322226E+02 -6.9175023E+02  0.0000000E+00
 1.13000200E+03 -1.8641746E+02  6.9197978E+02 -5.4255653E-02  1.9284274E+02 -6.9175023E+02  0.0000000E+00
 1.14000200E+03 -1.8605223E+02  6.9197613E+02 -5.4141692E-02  1.9246413E+02 -6.9175023E+02  0.0000000E+00
 1.15000200E+03 -1.8568788E+02  6.9197249E+02 -5.4028047E-02  1.9208642E+02 -6.9175023E+02  0.0000000E+00
 1.16000200E+03 -1.8532439E+02  6.9196888E+02 -5.3914715E-02  1.9170961E+02 -6.9175023E+02  0.0000000E+00
 1.17000200E+03 -1.8496176E+02  6.9196529E+02 -5.3801696E-02  1.9133371E+02 -6.9175023E+02  0.0000000E+00
 1.18000200E+03 -1.8460000E+02  6.9196172E+02 -5.3688988E-02  1.9095870E+02 -6.9175023E+02  0.0000000E+00
 1.19000200E+03 -1.8423910E+02  6.9195816E+02 -5.3576590E-02  1.9058458E+02 -6.9175023E+02  0.0000000E+00
 1.20000200E+03 -1.8387905E+02  6.9195463E+02 -5.3464501E-02  1.9021135E+02 -6.9175023E+02  0.0000000E+00
 1.21000200E+03 -1.8351985E+02  6.9195113E+02 -5.3352719E-02  1.8983901E+02 -6.9175023E+02  0.0000000E+00
 1.22000200E+03 -1.8316150E+02  6.9194764E+02 -5.3241243E-02  1.8946755E+02 -6.9175023E+02  0.0000000E+00
 1.23000200E+03 -1.8280400E+02  6.9194417E+02 -5.3130072E-02  1.8909698E+02 -6.9175023E+02  0.0000000E+00
 1.24000200E+03 -1.8244735E+02  6.9194072E+02 -5.3019205E-02  1.8872728E+02 -6.9175023E+02  0.0000000E+00
 1.25000200E+03 -1.8209153E+02  6.9193729E+02 -5.2908640E-02  1.8835845E+02 -6.9175023E+02  0.0000000E+00
 1.26000200E+03 -1.8173655E+02  6.9193388E+02 -5.2798376E-02  1.8799050E+02 -6.9175023E+02  0.0000000E+00
 1.27000200E+03 -1.8138241E+02  6.9193049E+02 -5.2688412E-02  1.8762341E+02 -6.9175023E+02  0.0000000E+00
 1.28000200E+03 -1.8102910E+02  6.9192712E+02 -5.2578746E-02  1.8725720E+02 -6.9175023E+02  0.0000000E+00
 1.29000200E+03 -1.8067662E+02  6.9192378E+02 -5.2469378E-02  1.8689184E+02 -6.9175023E+02  0.0000000E+00
 1.30000200E+03 -1.8032496E+02  6.9192045E+02 -5.2360307E-02  1.8652734E+02 -6.9175023E+02  0.0000000E+00
 1.31000200E+03 -1.7997413E+02  6.9191714E+02 -5.2251530E-02  1.8616371E+02 -6.9175023E+02  0.0000000E+00
 1.32000200E+03 -1.7962412E+02  6.9191384E+02 -5.2143047E-02  1.8580092E+02 -6.9175023E+02  0.0000000E+00
 1.33000200E+03 -1.7927493E+02  6.9191057E+02 -5.2034856E-02  1.8543899E+02 -6.9175023E+02  0.0000000E+00
 1.34000200E+03 -1.7892656E+02  6.9190732E+02 -5.1926957E-02  1.8507790E+02 -6.9175023E+02  0.0000000E+00
 1.35000200E+03 -1.7857899E+02  6.9190409E+02 -5.1819348E-02  1.8471766E+02 -6.9175023E+02  0.0000000E+00
 1.36000200E+03 -1.7823224E+02  6.9190087E+02 -5.1712028E-02  1.8435827E+02 -6.9175023E+02  0.0000000E+00
 1.37000200E+03 -1.7788630E+02  6.9189768E+02 -5.1604996E-02  1.8399971E+02 -6.9175023E+02  0.0000000E+00
 1.38000200E+03 -1.7754116E+02  6.9189450E+02 -5.1498251E-02  1.8364199E+02 -6.9175023E+02  0.0000000E+00
 1.39000200E+03 -1.7719682E+02  6.9189134E+02 -5.1391791E-02  1.8328510E+02 -6.9175023E+02  0.0000000E+00
 1.40000200E+03 -1.7685328E+02  6.9188820E+02 -5.1285616E-02  1.8292905E+02 -6.9175023E+02  0.0000000E+00
 1.41000200E+03 -1.7651054E+02  6.9188508E+02 -5.1179724E-02  1.8257383E+02 -6.9175023E+02  0.0000000E+00
 1.42000200E+03 -1.7616860E+02  6.9188198E+02 -5.1074114E-02  1.8221943E+02 -6.9175023E+02  0.0000000E+00
 1.43000200E+03 -1.7582744E+02  6.9187889E+02 -5.0968784E-02  1.8186585E+02 -6.9175023E+02  0.0000000E+00
 1.44000200E+03 -1.7548708E+02  6.9187582E+02 -5.0863735E-02  1.8151310E+02 -6.9175023E+02  0.0000000E+00
 1.45000200E+03 -1.7514750E+02  6.9187278E+02 -5.0758965E-02  1.8116116E+02 -6.9175023E+02  0.0000000E+00
 1.46000200E+03 -1.7480870E+02  6.9186974E+02 -5.0654472E-02  1.8081004E+02 -6.9175023E+02  0.0000000E+00
 1.47000200E+03 -1.7447069E+02  6.9186673E+02 -5.0550256E-02  1.8045973E+02 -6.9175023E+02  0.0000000E+00
 1.48000200E+03 -1.7413345E+02  6.9186373E+02 -5.0446316E-02  1.8011023E+02 -6.9175023E+02  0.0000000E+00
 1.49000200E+03 -1.7379699E+02  6.9186076E+02 -5.0342650E-02  1.7976153E+02 -6.9175023E+02  0.0000000E+00
 1.50000200E+03 -1.7346131E+02  6.9185780E+02 -5.0239257E-02  1.7941365E+02 -6.9175023E+02  0.0000000E+00
 1.51000200E+03 -1.7312635E+02  6.9185486E+02 -5.0138308E-02  1.7906678E+02 -6.9175023E+02  0.0000000E+00
 1.52000200E+03 -1.7279216E+02  6.9185193E+02 -5.0036558E-02  1.7872057E+02 -6.9175023E+02  0.0000000E+00
 1.53000200E+03 -1.7245876E+02  6.9184902E+02 -4.9934050E-02  1.7837507E+02 -6.9175023E+02  0.0000000E+00
 1.54000200E+03 -1.7212420E+02  6.9184637E+02 -4.9918651E-02  1.7803915E+02 -6.9175023E+02  0.0000000E+00
 1.55000200E+03 -1.7179069E+02  6.9184350E+02 -4.9858328E-02  1.7769817E+02 -6.9175023E+02  0.0000000E+00
 1.56000200E+03 -1.7145858E+02  6.9184063E+02 -4.9761718E-02  1.7735460E+02 -6.9175023E+02  0.0000000E+00
 1.57000200E+03 -1.7112732E+02  6.9183777E+02 -4.9660387E-02  1.7701136E+02 -6.9175023E+02  0.0000000E+00
 1.58000200E+03 -1.7079682E+02  6.9183493E+02 -4.9558643E-02  1.7666884E+02 -6.9175023E+02  0.0000000E+00
 1.59000200E+03 -1.7046709E+02  6.9183211E+02 -4.9457073E-02  1.7632711E+02 -6.9175023E+02  0.0000000E+00
 1.60000200E+03 -1.7013810E+02  6.9182930E+02 -4.9355769E-02  1.7598615E+02 -6.9175023E+02  0.0000000E+00
 1.61000200E+03 -1.6980987E+02  6.9182652E+02 -4.9254721E-02  1.7564598E+02 -6.9175023E+02  0.0000000E+00
 1.62000200E+03 -1.6948239E+02  6.9182374E+02 -4.9153930E-02  1.7530659E+02 -6.9175023E+02  0.0000000E+00
 1.63000200E+03 -1.6915564E+02  6.9182099E+02 -4.9053736E-02  1.7496800E+02 -6.9175023E+02  0.0000000E+00
 1.64000200E+03 -1.6882965E+02  6.9181825E+02 -4.8953570E-02  1.7463016E+02 -6.9175023E+02  0.0000000E+00
 1.65000200E+03 -1.6850439E+02  6.9181552E+02 -4.8853575E-02  1.7429308E+02 -6.9175023E+02  0.0000000E+00
 1.66000200E+03 -1.6817988E+02  6.9181281E+02 -4.8753827E-02  1.7395678E+02 -6.9175023E+02  0.0000000E+00
 1.67000200E+03 -1.6785610E+02  6.9181012E+02 -4.8654335E-02  1.7362123E+02 -6.9175023E+02  0.0000000E+00
 1.68000200E+03 -1.6753306E+02  6.9180745E+02 -4.8555101E-02  1.7328645E+02 -6.9175023E+02  0.0000000E+00
 1.69000200E+03 -1.6721075E+02  6.9180479E+02 -4.8456123E-02  1.7295244E+02 -6.9175023E+02  0.0000000E+00
 1.70000200E+03 -1.6688916E+02  6.9180214E+02 -4.8357401E-02  1.7261918E+02 -6.9175023E+02  0.0000000E+00
 1.71000200E+03 -1.6656831E+02  6.9179951E+02 -4.8258841E-02  1.7228667E+02 -6.9175023E+02  0.0000000E+00
 1.72000200E+03 -1.6624819E+02  6.9179690E+02 -4.8160434E-02  1.7195490E+02 -6.9175023E+02  0.0000000E+00
 1.73000200E+03 -1.6592880E+02  6.9179430E+02 -4.8062036E-02  1.7162386E+02 -6.9175023E+02  0.0000000E+00
 1.74000200E+03 -1.6561009E+02  6.9179173E+02 -4.7965490E-02  1.7129375E+02 -6.9175023E+02  0.0000000E+00
 1.75000200E+03 -1.6529211E+02  6.9178916E+02 -4.7868526E-02  1.7096428E+02 -6.9175023E+02  0.0000000E+00
 1.76000200E+03 -1.6497486E+02  6.9178661E+02 -4.7771379E-02  1.7063553E+02 -6.9175023E+02  0.0000000E+00
 1.77000200E+03 -1.6465831E+02  6.9178407E+02 -4.7674423E-02  1.7030751E+02 -6.9175023E+02  0.0000000E+00
 1.78000200E+03 -1.6434248E+02  6.9178155E+02 -4.7577707E-02  1.6998023E+02 -6.9175023E+02  0.0000000E+00
 1.79000200E+03 -1.6402736E+02  6.9177905E+02 -4.7481236E-02  1.6965369E+02 -6.9175023E+02  0.0000000E+00
 1.80000200E+03 -1.6371295E+02  6.9177656E+02 -4.7385011E-02  1.6932788E+02 -6.9175023E+02  0.0000000E+00
 1.81000200E+03 -1.6339924E+02  6.9177408E+02 -4.7289032E-02  1.6900281E+02 -6.9175023E+02  0.0000000E+00
 1.82000200E+03 -1.6308624E+02  6.9177162E+02 -4.7193296E-02  1.6867847E+02 -6.9175023E+02  0.0000000E+00
 1.83000200E+03 -1.6277393E+02  6.9176917E+02 -4.7097804E-02  1.6835486E+02 -6.9175023E+02  0.0000000E+00
 1.84000200E+03 -1.6246233E+02  6.9176674E+02 -4.7002554E-02  1.6803197E+02 -6.9175023E+02  0.0000000E+00
 1.85000200E+03 -1.6215142E+02  6.9176433E+02 -4.6907546E-02  1.6770981E+02 -6.9175023E+02  0.0000000E+00
 1.86000200E+03 -1.6184121E+02  6.9176192E+02 -4.6812778E-02  1.6738837E+02 -6.9175023E+02  0.0000000E+00
 1.87000200E+03 -1.6153169E+02  6.9175954E+02 -4.6718250E-02  1.6706765E+02 -6.9175023E+02  0.0000000E+00
 1.88000200E+03 -1.6122285E+02  6.9175716E+02 -4.6623960E-02  1.6674764E+02 -6.9175023E+02  0.0000000E+00
 1.89000200E+03 -1.6091471E+02  6.9175480E+02 -4.6529908E-02  1.6642835E+02 -6.9175023E+02  0.0000000E+00
 1.90000200E+03 -1.6060725E+02  6.9175246E+02 -4.6436095E-02  1.6610978E+02 -6.9175023E+02  0.0000000E+00
 1.91000200E+03 -1.6030048E+02  6.9175013E+02 -4.6342518E-02  1.6579191E+02 -6.9175023E+02  0.0000000E+00
 1.92000200E+03 -1.5999439E+02  6.9174781E+02 -4.6249175E-02  1.6547476E+02 -6.9175023E+02  0.0000000E+00
 1.93000200E+03 -1.5968898E+02  6.9174551E+02 -4.6156067E-02  1.6515831E+02 -6.9175023E+02  0.0000000E+00
 1.94000200E+03 -1.5938424E+02  6.9174322E+02 -4.6063191E-02  1.6484256E+02 -6.9175023E+02  0.0000000E+00
 1.95000200E+03 -1.5908018E+02  6.9174095E+02 -4.5970549E-02  1.6452752E+02 -6.9175023E+02  0.0000000E+00
 1.96000200E+03 -1.5877680E+02  6.9173869E+02 -4.5878138E-02  1.6421318E+02 -6.9175023E+02  0.0000000E+00
 1.97000200E+03 -1.5847408E+02  6.9173644E+02 -4.5785958E-02  1.6389953E+02 -6.9175023E+02  0.0000000E+00
 1.98000200E+03 -1.5817204E+02  6.9173421E+02 -4.5694008E-02  1.6358659E+02 -6.9175023E+02  0.0000000E+00
 1.99000200E+03 -1.5787066E+02  6.9173199E+02 -4.5602288E-02  1.6327433E+02 -6.9175023E+02  0.0000000E+00
 2.00000200E+03 -1.5756995E+02  6.9172978E+02 -4.5510796E-02  1.6296277E+02 -6.9175023E+02  0.0000000E+00
 2.01000200E+03 -1.5726990E+02  6.9172759E+02 -4.5419534E-02  1.6265189E+02 -6.9175023E+02  0.0000000E+00
 2.02000200E+03 -1.5697052E+02  6.9172541E+02 -4.5328498E-02  1.6234171E+02 -6.9175023E+02  0.0000000E+00
 2.03000200E+03 -1.5667179E+02  6.9172324E+02 -4.5237687E-02  1.6203221E+02 -6.9175023E+02  0.0000000E+00
 2.04000200E+03 -1.5637372E+02  6.9172109E+02 -4.5147101E-02  1.6172339E+02 -6.9175023E+02  0.0000000E+00
 2.05000200E+03 -1.5607631E+02  6.9171894E+02 -4.5056739E-02  1.6141525E+02 -6.9175023E+02  0.0000000E+00
 2.06000200E+03 -1.5577955E+02  6.9171682E+02 -4.4966601E-02  1.6110779E+02 -6.9175023E+02  0.0000000E+00
 2.07000200E+03 -1.5548344E+02  6.9171470E+02 -4.4876686E-02  1.6080102E+02 -6.9175023E+02  0.0000000E+00
 2.08000200E+03 -1.5518798E+02  6.9171260E+02 -4.4786992E-02  1.6049491E+02 -6.9175023E+02  0.0000000E+00
 2.09000200E+03 -1.5489317E+02  6.9171051E+02 -4.4697521E-02  1.6018948E+02 -6.9175023E+02  0.0000000E+00
 2.10000200E+03 -1.5459900E+02  6.9170844E+02 -4.4608269E-02  1.5988472E+02 -6.9175023E+02  0.0000000E+00
 2.11000200E+03 -1.5430548E+02  6.9170637E+02 -4.4519237E-02  1.5958063E+02 -6.9175023E+02  0.0000000E+00
 2.12000200E+03 -1.5401260E+02  6.9170432E+02 -4.4430424E-02  1.5927720E+02 -6.9175023E+02  0.0000000E+00
 2.13000200E+03 -1.5372036E+02  6.9170229E+02 -4.4341829E-02  1.5897444E+02 -6.9175023E+02  0.0000000E+00
 2.14000200E+03 -1.5342876E+02  6.9170026E+02 -4.4253451E-02  1.5867235E+02 -6.9175023E+02  0.0000000E+00
 2.15000200E+03 -1.5313779E+02  6.9169825E+02 -4.4165290E-02  1.5837091E+02 -6.9175023E+02  0.0000000E+00
 2.16000200E+03 -1.5284746E+02  6.9169625E+02 -4.4077345E-02  1.5807014E+02 -6.9175023E+02  0.0000000E+00
 2.17000200E+03 -1.5255776E+02  6.9169426E+02 -4.3989614E-02  1.5777002E+02 -6.9175023E+02  0.0000000E+00
 2.18000200E+03 -1.5226870E+02  6.9169228E+02 -4.3902098E-02  1.5747056E+02 -6.9175023E+02  0.0000000E+00
 2.19000200E+03 -1.5198026E+02  6.9169032E+02 -4.3814796E-02  1.5717175E+02 -6.9175023E+02  0.0000000E+00
 2.20000200E+03 -1.5169245E+02  6.9168837E+02 -4.3727706E-02  1.5687359E+02 -6.9175023E+02  0.0000000E+00
 2.21000200E+03 -1.5140526E+02  6.9168643E+02 -4.3640829E-02  1.5657609E+02 -6.9175023E+02  0.0000000E+00
 2.22000200E+03 -1.5111870E+02  6.9168450E+02 -4.3554162E-02  1.5627923E+02 -6.9175023E+02  0.0000000E+00
 2.23000200E+03 -1.5083276E+02  6.9168259E+02 -4.3467706E-02  1.5598301E+02 -6.9175023E+02  0.0000000E+00
 2.24000200E+03 -1.5054744E+02  6.9168068E+02 -4.3381460E-02  1.5568744E+02 -6.9175023E+02  0.0000000E+00
 2.25000200E+03 -1.5026273E+02  6.9167879E+02 -4.3295424E-02  1.5539252E+02 -6.9175023E+02  0.0000000E+00
 2.26000200E+03 -1.4997865E+02  6.9167691E+02 -4.3209595E-02  1.5509823E+02 -6.9175023E+02  0.0000000E+00
 2.27000200E+03 -1.4969517E+02  6.9167504E+02 -4.3123974E-02  1.5480458E+02 -6.9175023E+02  0.0000000E+00
 2.28000200E+03 -1.4941231E+02  6.9167318E+02 -4.3038560E-02  1.5451157E+02 -6.9175023E+02  0.0000000E+00
 2.29000200E+03 -1.4913006E+02  6.9167134E+02 -4.2953353E-02  1.5421919E+02 -6.9175023E+02  0.0000000E+00
 2.30000200E+03 -1.4884843E+02  6.9166951E+02 -4.2868328E-02  1.5392744E+02 -6.9175023E+02  0.0000000E+00
 2.31000200E+03 -1.4856739E+02  6.9166768E+02 -4.2783469E-02  1.5363632E+02 -6.9175023E+02  0.0000000E+00
 2.32000200E+03 -1.4828697E+02  6.9166587E+02 -4.2698868E-02  1.5334584E+02 -6.9175023E+02  0.0000000E+00
 2.33000200E+03 -1.4800715E+02  6.9166407E+02 -4.2614477E-02  1.5305598E+02 -6.9175023E+02  0.0000000E+00
 2.34000200E+03 -1.4772790E+02  6.9166229E+02 -4.2531702E-02  1.5276695E+02 -6.9175023E+02  0.0000000E+00
 2.35000200E+03 -1.4744912E+02  6.9166049E+02 -4.2453338E-02  1.5247881E+02 -6.9175023E+02  0.0000000E+00
 2.36000200E+03 -1.4717113E+02  6.9165873E+02 -4.2366313E-02  1.5219045E+02 -6.9175023E+02  0.0000000E+00
 2.37000200E+03 -1.4689371E+02  6.9165698E+02 -4.2281571E-02  1.5190296E+02 -6.9175023E+02  0.0000000E+00
 2.38000200E+03 -1.4661687E+02  6.9165524E+02 -4.2197991E-02  1.5161618E+02 -6.9175023E+02  0.0000000E+00
 2.39000200E+03 -1.4634062E+02  6.9165350E+02 -4.2114754E-02  1.5133003E+02 -6.9175023E+02  0.0000000E+00
 2.40000200E+03 -1.4606496E+02  6.9165178E+02 -4.2031753E-02  1.5104450E+02 -6.9175023E+02  0.0000000E+00
 2.41000200E+03 -1.4578989E+02  6.9165007E+02 -4.1948955E-02  1.5075958E+02 -6.9175023E+02  0.0000000E+00
 2.42000200E+03 -1.4551541E+02  6.9164837E+02 -4.1866355E-02  1.5047527E+02 -6.9175023E+02  0.0000000E+00
 2.43000200E+03 -1.4524152E+02  6.9164668E+02 -4.1783951E-02  1.5019157E+02 -6.9175023E+02  0.0000000E+00
 2.44000200E+03 -1.4496821E+02  6.9164500E+02 -4.1701744E-02  1.4990849E+02 -6.9175023E+02  0.0000000E+00
 2.45000200E+03 -1.4470072E+02  6.9164384E+02 -4.1402800E-02  1.4960523E+02 -6.9175023E+02  0.0000000E+00
 2.46000200E+03 -1.4443041E+02  6.9164229E+02 -4.1305773E-02  1.4932369E+02 -6.9175023E+02  0.0000000E+00
 2.47000200E+03 -1.4416037E+02  6.9164067E+02 -4.1224829E-02  1.4904402E+02 -6.9175023E+02  0.0000000E+00
 2.48000200E+03 -1.4389088E+02  6.9163905E+02 -4.1144358E-02  1.4876496E+02 -6.9175023E+02  0.0000000E+00
 2.49000200E+03 -1.4362197E+02  6.9163744E+02 -4.1064081E-02  1.4848649E+02 -6.9175023E+02  0.0000000E+00
 2.50000200E+03 -1.4335363E+02  6.9163584E+02 -4.0983993E-02  1.4820862E+02 -6.9175023E+02  0.0000000E+00
 2.51000200E+03 -1.4308585E+02  6.9163425E+02 -4.0904093E-02  1.4793133E+02 -6.9175023E+02  0.0000000E+00
 2.52000200E+03 -1.4281864E+02  6.9163267E+02 -4.0824380E-02  1.4765463E+02 -6.9175023E+02  0.0000000E+00
 2.53000200E+03 -1.4255200E+02  6.9163111E+02 -4.0744853E-02  1.4737852E+02 -6.9175023E+02  0.0000000E+00
 2.54000200E+03 -1.4228592E+02  6.9162955E+02 -4.0665512E-02  1.4710299E+02 -6.9175023E+02  0.0000000E+00
 2.55000200E+03 -1.4202039E+02  6.9162800E+02 -4.0586356E-02  1.4682805E+02 -6.9175023E+02  0.0000000E+00
 2.56000200E+03 -1.4175543E+02  6.9162646E+02 -4.0507385E-02  1.4655368E+02 -6.9175023E+02  0.0000000E+00
 2.57000200E+03 -1.4149102E+02  6.9162493E+02 -4.0428597E-02  1.4627990E+02 -6.9175023E+02  0.0000000E+00
 2.58000200E+03 -1.4122718E+02  6.9162341E+02 -4.0349994E-02  1.4600669E+02 -6.9175023E+02  0.0000000E+00
 2.59000200E+03 -1.4096388E+02  6.9162190E+02 -4.0271573E-02  1.4573406E+02 -6.9175023E+02  0.0000000E+00
 2.60000200E+03 -1.4070114E+02  6.9162040E+02 -4.0193420E-02  1.4546201E+02 -6.9175023E+02  0.0000000E+00
 2.61000200E+03 -1.4043895E+02  6.9161891E+02 -4.0115399E-02  1.4519052E+02 -6.9175023E+02  0.0000000E+00
 2.62000200E+03 -1.4017731E+02  6.9161743E+02 -4.0037524E-02  1.4491961E+02 -6.9175023E+02  0.0000000E+00
 2.63000200E+03 -1.3991622E+02  6.9161596E+02 -3.9959828E-02  1.4464927E+02 -6.9175023E+02  0.0000000E+00
 2.64000200E+03 -1.3965567E+02  6.9161450E+02 -3.9882312E-02  1.4437949E+02 -6.9175023E+02  0.0000000E+00
 2.65000200E+03 -1.3939567E+02  6.9161305E+02 -3.9804975E-02  1.4411028E+02 -6.9175023E+02  0.0000000E+00
 2.66000200E+03 -1.3913622E+02  6.9161161E+02 -3.9727817E-02  1.4384163E+02 -6.9175023E+02  0.0000000E+00
 2.67000200E+03 -1.3887731E+02  6.9161017E+02 -3.9650837E-02  1.4357355E+02 -6.9175023E+02  0.0000000E+00
 2.68000200E+03 -1.3861894E+02  6.9160875E+02 -3.9574035E-02  1.4330603E+02 -6.9175023E+02  0.0000000E+00
 2.69000200E+03 -1.3836111E+02  6.9160734E+02 -3.9497410E-02  1.4303907E+02 -6.9175023E+02  0.0000000E+00
 2.70000200E+03 -1.3810382E+02  6.9160593E+02 -3.9420961E-02  1.4277267E+02 -6.9175023E+02  0.0000000E+00
 2.71000200E+03 -1.3784706E+02  6.9160453E+02 -3.9344688E-02  1.4250683E+02 -6.9175023E+02  0.0000000E+00
 2.72000200E+03 -1.3759084E+02  6.9160315E+02 -3.9268590E-02  1.4224155E+02 -6.9175023E+02  0.0000000E+00
 2.73000200E+03 -1.3733516E+02  6.9160177E+02 -3.9192667E-02  1.4197681E+02 -6.9175023E+02  0.0000000E+00
 2.74000200E+03 -1.3708000E+02  6.9160040E+02 -3.9116919E-02  1.4171263E+02 -6.9175023E+02  0.0000000E+00
 2.75000200E+03 -1.3682538E+02  6.9159904E+02 -3.9041344E-02  1.4144901E+02 -6.9175023E+02  0.0000000E+00
 2.76000200E+03 -1.3657129E+02  6.9159769E+02 -3.8965942E-02  1.4118593E+02 -6.9175023E+02  0.0000000E+00
 2.77000200E+03 -1.3631772E+02  6.9159635E+02 -3.8890713E-02  1.4092340E+02 -6.9175023E+02  0.0000000E+00
 2.78000200E+03 -1.3606469E+02  6.9159501E+02 -3.8815655E-02  1.4066142E+02 -6.9175023E+02  0.0000000E+00
 2.79000200E+03 -1.3581218E+02  6.9159369E+02 -3.8740769E-02  1.4039998E+02 -6.9175023E+02  0.0000000E+00
 2.80000200E+03 -1.3556019E+02  6.9159237E+02 -3.8666055E-02  1.4013908E+02 -6.9175023E+02  0.0000000E+00
 2.81000200E+03 -1.3530872E+02  6.9159106E+02 -3.8591510E-02  1.3987873E+02 -6.9175023E+02  0.0000000E+00
 2.82000200E+03 -1.3505778E+02  6.9158977E+02 -3.8517135E-02  1.3961892E+02 -6.9175023E+02  0.0000000E+00
 2.83000200E+03 -1.3480735E+02  6.9158848E+02 -3.8442930E-02  1.3935965E+02 -6.9175023E+02  0.0000000E+00
 2.84000200E+03 -1.3455745E+02  6.9158719E+02 -3.8368893E-02  1.3910092E+02 -6.9175023E+02  0.0000000E+00
 2.85000200E+03 -1.3430806E+02  6.9158592E+02 -3.8295025E-02  1.3884273E+02 -6.9175023E+02  0.0000000E+00
 2.86000200E+03 -1.3405919E+02  6.9158466E+02 -3.8221325E-02  1.3858507E+02 -6.9175023E+02  0.0000000E+00
 2.87000200E+03 -1.3381083E+02  6.9158340E+02 -3.8147791E-02  1.3832794E+02 -6.9175023E+02  0.0000000E+00
 2.88000200E+03 -1.3356298E+02  6.9158215E+02 -3.8074424E-02  1.3807135E+02 -6.9175023E+02  0.0000000E+00
 2.89000200E+03 -1.3331565E+02  6.9158091E+02 -3.8001224E-02  1.3781529E+02 -6.9175023E+02  0.0000000E+00
 2.90000200E+03 -1.3306882E+02  6.9157968E+02 -3.7928189E-02  1.3755975E+02 -6.9175023E+02  0.0000000E+00
 2.91000200E+03 -1.3282251E+02  6.9157846E+02 -3.7855319E-02  1.3730475E+02 -6.9175023E+02  0.0000000E+00
 2.92000200E+03 -1.3257670E+02  6.9157724E+02 -3.7782614E-02  1.3705027E+02 -6.9175023E+02  0.0000000E+00
 2.93000200E+03 -1.3233140E+02  6.9157604E+02 -3.7710073E-02  1.3679632E+02 -6.9175023E+02  0.0000000E+00
 2.94000200E+03 -1.3208660E+02  6.9157484E+02 -3.7637696E-02  1.3654289E+02 -6.9175023E+02  0.0000000E+00
 2.95000200E+03 -1.3184231E+02  6.9157365E+02 -3.7565482E-02  1.3628999E+02 -6.9175023E+02  0.0000000E+00
 2.96000200E+03 -1.3159852E+02  6.9157247E+02 -3.7493430E-02  1.3603761E+02 -6.9175023E+02  0.0000000E+00
 2.97000200E+03 -1.3135523E+02  6.9157129E+02 -3.7421540E-02  1.3578574E+02 -6.9175023E+02  0.0000000E+00
 2.98000200E+03 -1.3111244E+02  6.9157013E+02 -3.7349812E-02  1.3553440E+02 -6.9175023E+02  0.0000000E+00
 2.99000200E+03 -1.3087015E+02  6.9156897E+02 -3.7278245E-02  1.3528357E+02 -6.9175023E+02  0.0000000E+00
 3.00000200E+03 -1.3062835E+02  6.9156782E+02 -3.7206839E-02  1.3503326E+02 -6.9175023E+02  0.0000000E+00
 3.01000200E+03 -1.3038706E+02  6.9156667E+02 -3.7135593E-02  1.3478346E+02 -6.9175023E+02  0.0000000E+00
 3.02000200E+03 -1.3014625E+02  6.9156554E+02 -3.7064506E-02  1.3453417E+02 -6.9175023E+02  0.0000000E+00
 3.03000200E+03 -1.2990594E+02  6.9156441E+02 -3.6993579E-02  1.3428540E+02 -6.9175023E+02  0.0000000E+00
 3.04000200E+03 -1.2966612E+02  6.9156329E+02 -3.6922810E-02  1.3403714E+02 -6.9175023E+02  0.0000000E+00
 3.05000200E+03 -1.2942679E+02  6.9156218E+02 -3.6852200E-02  1.3378939E+02 -6.9175023E+02  0.0000000E+00
 3.06000200E+03 -1.2918795E+02  6.9156108E+02 -3.6781747E-02  1.3354214E+02 -6.9175023E+02  0.0000000E+00
 3.07000200E+03 -1.2894960E+02  6.9155998E+02 -3.6711451E-02  1.3329540E+02 -6.9175023E+02  0.0000000E+00
 3.08000200E+03 -1.2871173E+02  6.9155889E+02 -3.6641313E-02  1.3304917E+02 -6.9175023E+02  0.0000000E+00
 3.09000200E+03 -1.2847436E+02  6.9155781E+02 -3.6571330E-02  1.3280344E+02 -6.9175023E+02  0.0000000E+00
 3.10000200E+03 -1.2823746E+02  6.9155674E+02 -3.6501503E-02  1.3255821E+02 -6.9175023E+02  0.0000000E+00
 3.11000200E+03 -1.2800105E+02  6.9155567E+02 -3.6431832E-02  1.3231349E+02 -6.9175023E+02  0.0000000E+00
 3.12000200E+03 -1.2776512E+02  6.9155461E+02 -3.6362315E-02  1.3206926E+02 -6.9175023E+02  0.0000000E+00
 3.13000200E+03 -1.2752967E+02  6.9155356E+02 -3.6292953E-02  1.3182554E+02 -6.9175023E+02  0.0000000E+00
 3.14000200E+03 -1.2729470E+02  6.9155252E+02 -3.6223745E-02  1.3158231E+02 -6.9175023E+02  0.0000000E+00
 3.15000200E+03 -1.2706020E+02  6.9155148E+02 -3.6154690E-02  1.3133957E+02 -6.9175023E+02  0.0000000E+00
 3.16000200E+03 -1.2682619E+02  6.9155045E+02 -3.6085788E-02  1.3109733E+02 -6.9175023E+02  0.0000000E+00
 3.17000200E+03 -1.2659265E+02  6.9154943E+02 -3.6017038E-02  1.3085559E+02 -6.9175023E+02  0.0000000E+00
 3.18000200E+03 -1.2635958E+02  6.9154841E+02 -3.5948441E-02  1.3061434E+02 -6.9175023E+02  0.0000000E+00
 3.19000200E+03 -1.2612699E+02  6.9154740E+02 -3.5879996E-02  1.3037358E+02 -6.9175023E+02  0.0000000E+00
 3.20000200E+03 -1.2589487E+02  6.9154640E+02 -3.5811701E-02  1.3013330E+02 -6.9175023E+02  0.0000000E+00
 3.21000200E+03 -1.2566322E+02  6.9154541E+02 -3.5743558E-02  1.2989352E+02 -6.9175023E+02  0.0000000E+00
 3.22000200E+03 -1.2543204E+02  6.9154442E+02 -3.5675564E-02  1.2965422E+02 -6.9175023E+02  0.0000000E+00
 3.23000200E+03 -1.2520133E+02  6.9154344E+02 -3.5607721E-02  1.2941541E+02 -6.9175023E+02  0.0000000E+00
 3.24000200E+03 -1.2497108E+02  6.9154247E+02 -3.5540027E-02  1.2917709E+02 -6.9175023E+02  0.0000000E+00
 3.25000200E+03 -1.2474130E+02  6.9154150E+02 -3.5472482E-02  1.2893925E+02 -6.9175023E+02  0.0000000E+00
 3.26000200E+03 -1.2451199E+02  6.9154055E+02 -3.5405085E-02  1.2870189E+02 -6.9175023E+02  0.0000000E+00
 3.27000200E+03 -1.2428314E+02  6.9153959E+02 -3.5337836E-02  1.2846501E+02 -6.9175023E+02  0.0000000E+00
 3.28000200E+03 -1.2405475E+02  6.9153865E+02 -3.5270735E-02  1.2822861E+02 -6.9175023E+02  0.0000000E+00
 3.29000200E+03 -1.2382683E+02  6.9153771E+02 -3.5203782E-02  1.2799269E+02 -6.9175023E+02  0.0000000E+00
 3.30000200E+03 -1.2359936E+02  6.9153678E+02 -3.5136975E-02  1.2775725E+02 -6.9175023E+02  0.0000000E+00
 3.31000200E+03 -1.2337235E+02  6.9153585E+02 -3.5070314E-02  1.2752229E+02 -6.9175023E+02  0.0000000E+00
 3.32000200E+03 -1.2314580E+02  6.9153493E+02 -3.5003799E-02  1.2728780E+02 -6.9175023E+02  0.0000000E+00
 3.33000200E+03 -1.2291971E+02  6.9153402E+02 -3.4937430E-02  1.2705378E+02 -6.9175023E+02  0.0000000E+00
 3.34000200E+03 -1.2269407E+02  6.9153312E+02 -3.4871206E-02  1.2682023E+02 -6.9175023E+02  0.0000000E+00
 3.35000200E+03 -1.2246889E+02  6.9153222E+02 -3.4805127E-02  1.2658716E+02 -6.9175023E+02  0.0000000E+00
 3.36000200E+03 -1.2224416E+02  6.9153133E+02 -3.4739191E-02  1.2635456E+02 -6.9175023E+02  0.0000000E+00
 3.37000200E+03 -1.2201988E+02  6.9153044E+02 -3.4673400E-02  1.2612243E+02 -6.9175023E+02  0.0000000E+00
 3.38000200E+03 -1.2179605E+02  6.9152956E+02 -3.4607752E-02  1.2589076E+02 -6.9175023E+02  0.0000000E+00
 3.39000200E+03 -1.2157268E+02  6.9152869E+02 -3.4542247E-02  1.2565956E+02 -6.9175023E+02  0.0000000E+00
 3.40000200E+03 -1.2134975E+02  6.9152783E+02 -3.4476884E-02  1.2542883E+02 -6.9175023E+02  0.0000000E+00
 3.41000200E+03 -1.2112727E+02  6.9152697E+02 -3.4411664E-02  1.2519856E+02 -6.9175023E+02  0.0000000E+00
 3.42000200E+03 -1.2090523E+02  6.9152611E+02 -3.4346585E-02  1.2496876E+02 -6.9175023E+02  0.0000000E+00
 3.43000200E+03 -1.2068365E+02  6.9152527E+02 -3.4281647E-02  1.2473941E+02 -6.9175023E+02  0.0000000E+00
 3.44000200E+03 -1.2046250E+02  6.9152443E+02 -3.4216853E-02  1.2451053E+02 -6.9175023E+02  0.0000000E+00
 3.45000200E+03 -1.2024180E+02  6.9152359E+02 -3.4152205E-02  1.2428211E+02 -6.9175023E+02  0.0000000E+00
 3.46000200E+03 -1.2002154E+02  6.9152276E+02 -3.4087689E-02  1.2405415E+02 -6.9175023E+02  0.0000000E+00
 3.47000200E+03 -1.1980172E+02  6.9152194E+02 -3.4023313E-02  1.2382664E+02 -6.9175023E+02  0.0000000E+00
 3.48000200E+03 -1.1958234E+02  6.9152113E+02 -3.3959076E-02  1.2359959E+02 -6.9175023E+02  0.0000000E+00
 3.49000200E+03 -1.1936340E+02  6.9152032E+02 -3.3894978E-02  1.2337299E+02 -6.9175023E+02  0.0000000E+00
 3.50000200E+03 -1.1914490E+02  6.9151951E+02 -3.3831018E-02  1.2314685E+02 -6.9175023E+02  0.0000000E+00
 3.51000200E+03 -1.1892684E+02  6.9151872E+02 -3.3767197E-02  1.2292117E+02 -6.9175023E+02  0.0000000E+00
 3.52000200E+03 -1.1870921E+02  6.9151793E+02 -3.3703513E-02  1.2269593E+02 -6.9175023E+02  0.0000000E+00
 3.53000200E+03 -1.1849201E+02  6.9151714E+02 -3.3639967E-02  1.2247115E+02 -6.9175023E+02  0.0000000E+00
 3.54000200E+03 -1.1827525E+02  6.9151636E+02 -3.3576557E-02  1.2224681E+02 -6.9175023E+02  0.0000000E+00
 3.55000200E+03 -1.1805892E+02  6.9151559E+02 -3.3513284E-02  1.2202292E+02 -6.9175023E+02  0.0000000E+00
 3.56000200E+03 -1.1784302E+02  6.9151482E+02 -3.3450147E-02  1.2179948E+02 -6.9175023E+02  0.0000000E+00
 3.57000200E+03 -1.1762755E+02  6.9151406E+02 -3.3387146E-02  1.2157649E+02 -6.9175023E+02  0.0000000E+00
 3.58000200E+03 -1.1741251E+02  6.9151330E+02 -3.3324280E-02  1.2135394E+02 -6.9175023E+02  0.0000000E+00
 3.59000200E+03 -1.1719790E+02  6.9151255E+02 -3.3261550E-02  1.2113184E+02 -6.9175023E+02  0.0000000E+00
 3.60000200E+03 -1.1698372E+02  6.9151181E+02 -3.3198953E-02  1.2091018E+02 -6.9175023E+02  0.0000000E+00
 3.61000200E+03 -1.1676996E+02  6.9151107E+02 -3.3136492E-02  1.2068896E+02 -6.9175023E+02  0.0000000E+00
 3.62000200E+03 -1.1655663E+02  6.9151034E+02 -3.3074164E-02  1.2046818E+02 -6.9175023E+02  0.0000000E+00
 3.63000200E+03 -1.1634372E+02  6.9150961E+02 -3.3011969E-02  1.2024784E+02 -6.9175023E+02  0.0000000E+00
 3.64000200E+03 -1.1613123E+02  6.9150889E+02 -3.2949907E-02  1.2002794E+02 -6.9175023E+02  0.0000000E+00
 3.65000200E+03 -1.1591917E+02  6.9150818E+02 -3.2887979E-02  1.1980848E+02 -6.9175023E+02  0.0000000E+00
 3.66000200E+03 -1.1570760E+02  6.9150747E+02 -3.2822590E-02  1.1958888E+02 -6.9175023E+02  0.0000000E+00
 3.67000200E+03 -1.1549677E+02  6.9150689E+02 -3.2747199E-02  1.1936928E+02 -6.9175023E+02  0.0000000E+00
 3.68000200E+03 -1.1528608E+02  6.9150620E+02 -3.2685560E-02  1.1915124E+02 -6.9175023E+02  0.0000000E+00
 3.69000200E+03 -1.1507581E+02  6.9150551E+02 -3.2624225E-02  1.1893363E+02 -6.9175023E+02  0.0000000E+00
 3.70000200E+03 -1.1486595E+02  6.9150482E+02 -3.2563022E-02  1.1871646E+02 -6.9175023E+02  0.0000000E+00
 3.71000200E+03 -1.1465603E+02  6.9150409E+02 -3.2502883E-02  1.1849906E+02 -6.9175023E+02  0.0000000E+00
 3.72000200E+03 -1.1444727E+02  6.9150354E+02 -3.2432429E-02  1.1828233E+02 -6.9175023E+02  0.0000000E+00
 3.73000200E+03 -1.1423850E+02  6.9150280E+02 -3.2379525E-02  1.1806709E+02 -6.9175023E+02  0.0000000E+00
 3.74000200E+03 -1.1403029E+02  6.9150213E+02 -3.2318939E-02  1.1785165E+02 -6.9175023E+02  0.0000000E+00
 3.75000200E+03 -1.1382251E+02  6.9150147E+02 -3.2258387E-02  1.1763663E+02 -6.9175023E+02  0.0000000E+00
 3.76000200E+03 -1.1361513E+02  6.9150082E+02 -3.2197962E-02  1.1742203E+02 -6.9175023E+02  0.0000000E+00
 3.77000200E+03 -1.1340816E+02  6.9150017E+02 -3.2137665E-02  1.1720786E+02 -6.9175023E+02  0.0000000E+00
 3.78000200E+03 -1.1320160E+02  6.9149952E+02 -3.2077497E-02  1.1699411E+02 -6.9175023E+02  0.0000000E+00
 3.79000200E+03 -1.1299544E+02  6.9149889E+02 -3.2017455E-02  1.1678078E+02 -6.9175023E+02  0.0000000E+00
 3.80000200E+03 -1.1278970E+02  6.9149825E+02 -3.1957541E-02  1.1656787E+02 -6.9175023E+02  0.0000000E+00
 3.81000200E+03 -1.1258436E+02  6.9149763E+02 -3.1897754E-02  1.1635539E+02 -6.9175023E+02  0.0000000E+00
 3.82000200E+03 -1.1237942E+02  6.9149700E+02 -3.1838093E-02  1.1614332E+02 -6.9175023E+02  0.0000000E+00
 3.83000200E+03 -1.1217489E+02  6.9149639E+02 -3.1778558E-02  1.1593168E+02 -6.9175023E+02  0.0000000E+00
 3.84000200E+03 -1.1197075E+02  6.9149577E+02 -3.1719148E-02  1.1572045E+02 -6.9175023E+02  0.0000000E+00
 3.85000200E+03 -1.1176702E+02  6.9149517E+02 -3.1659864E-02  1.1550964E+02 -6.9175023E+02  0.0000000E+00
 3.86000200E+03 -1.1156370E+02  6.9149456E+02 -3.1600705E-02  1.1529924E+02 -6.9175023E+02  0.0000000E+00
 3.87000200E+03 -1.1136077E+02  6.9149397E+02 -3.1541671E-02  1.1508926E+02 -6.9175023E+02  0.0000000E+00
 3.88000200E+03 -1.1115824E+02  6.9149338E+02 -3.1482761E-02  1.1487969E+02 -6.9175023E+02  0.0000000E+00
 3.89000200E+03 -1.1095610E+02  6.9149279E+02 -3.1423975E-02  1.1467053E+02 -6.9175023E+02  0.0000000E+00
 3.90000200E+03 -1.1075437E+02  6.9149221E+02 -3.1365312E-02  1.1446179E+02 -6.9175023E+02  0.0000000E+00
 3.91000200E+03 -1.1055303E+02  6.9149163E+02 -3.1306773E-02  1.1425345E+02 -6.9175023E+02  0.0000000E+00
 3.92000200E+03 -1.1035208E+02  6.9149106E+02 -3.1248357E-02  1.1404553E+02 -6.9175023E+02  0.0000000E+00
 3.93000200E+03 -1.1015153E+02  6.9149049E+02 -3.1190063E-02  1.1383801E+02 -6.9175023E+02  0.0000000E+00
 3.94000200E+03 -1.0995137E+02  6.9148993E+02 -3.1131892E-02  1.1363090E+02 -6.9175023E+02  0.0000000E+00
 3.95000200E+03 -1.0975161E+02  6.9148937E+02 -3.1073842E-02  1.1342420E+02 -6.9175023E+02  0.0000000E+00
 3.96000200E+03 -1.0955223E+02  6.9148882E+02 -3.1015915E-02  1.1321790E+02 -6.9175023E+02  0.0000000E+00
 3.97000200E+03 -1.0935325E+02  6.9148827E+02 -3.0958108E-02  1.1301201E+02 -6.9175023E+02  0.0000000E+00
 3.98000200E+03 -1.0915466E+02  6.9148773E+02 -3.0900423E-02  1.1280653E+02 -6.9175023E+02  0.0000000E+00
 3.99000200E+03 -1.0895645E+02  6.9148719E+02 -3.0842858E-02  1.1260144E+02 -6.9175023E+02  0.0000000E+00
 4.00000200E+03 -1.0875863E+02  6.9148666E+02 -3.0785414E-02  1.1239676E+02 -6.9175023E+02  0.0000000E+00
 4.01000200E+03 -1.0856120E+02  6.9148613E+02 -3.0728089E-02  1.1219248E+02 -6.9175023E+02  0.0000000E+00
 4.02000200E+03 -1.0836415E+02  6.9148560E+02 -3.0670884E-02  1.1198859E+02 -6.9175023E+02  0.0000000E+00
 4.03000200E+03 -1.0816749E+02  6.9148508E+02 -3.0613799E-02  1.1178511E+02 -6.9175023E+02  0.0000000E+00
 4.04000200E+03 -1.0797121E+02  6.9148457E+02 -3.0556833E-02  1.1158203E+02 -6.9175023E+02  0.0000000E+00
 4.05000200E+03 -1.0777532E+02  6.9148406E+02 -3.0499985E-02  1.1137934E+02 -6.9175023E+02  0.0000000E+00
 4.06000200E+03 -1.0757981E+02  6.9148355E+02 -3.0443256E-02  1.1117705E+02 -6.9175023E+02  0.0000000E+00
 4.07000200E+03 -1.0738467E+02  6.9148305E+02 -3.0386645E-02  1.1097515E+02 -6.9175023E+02  0.0000000E+00
 4.08000200E+03 -1.0718992E+02  6.9148256E+02 -3.0330151E-02  1.1077365E+02 -6.9175023E+02  0.0000000E+00
 4.09000200E+03 -1.0699555E+02  6.9148206E+02 -3.0273776E-02  1.1057254E+02 -6.9175023E+02  0.0000000E+00
 4.10000200E+03 -1.0680156E+02  6.9148158E+02 -3.0217517E-02  1.1037183E+02 -6.9175023E+02  0.0000000E+00
 4.11000200E+03 -1.0660794E+02  6.9148109E+02 -3.0161375E-02  1.1017151E+02 -6.9175023E+02  0.0000000E+00
 4.12000200E+03 -1.0641471E+02  6.9148062E+02 -3.0105350E-02  1.0997157E+02 -6.9175023E+02  0.0000000E+00
 4.13000200E+03 -1.0622184E+02  6.9148014E+02 -3.0049441E-02  1.0977203E+02 -6.9175023E+02  0.0000000E+00
 4.14000200E+03 -1.0602936E+02  6.9147967E+02 -2.9993647E-02  1.0957288E+02 -6.9175023E+02  0.0000000E+00
 4.15000200E+03 -1.0583724E+02  6.9147921E+02 -2.9937970E-02  1.0937411E+02 -6.9175023E+02  0.0000000E+00
 4.16000200E+03 -1.0564550E+02  6.9147875E+02 -2.9882407E-02  1.0917573E+02 -6.9175023E+02  0.0000000E+00
 4.17000200E+03 -1.0545414E+02  6.9147829E+02 -2.9826960E-02  1.0897774E+02 -6.9175023E+02  0.0000000E+00
 4.18000200E+03 -1.0526314E+02  6.9147784E+02 -2.9771628E-02  1.0878013E+02 -6.9175023E+02  0.0000000E+00
 4.19000200E+03 -1.0507252E+02  6.9147739E+02 -2.9716409E-02  1.0858291E+02 -6.9175023E+02  0.0000000E+00
 4.20000200E+03 -1.0488226E+02  6.9147695E+02 -2.9661305E-02  1.0838607E+02 -6.9175023E+02  0.0000000E+00
 4.21000200E+03 -1.0469238E+02  6.9147651E+02 -2.9606315E-02  1.0818961E+02 -6.9175023E+02  0.0000000E+00
 4.22000200E+03 -1.0450286E+02  6.9147607E+02 -2.9551438E-02  1.0799354E+02 -6.9175023E+02  0.0000000E+00
 4.23000200E+03 -1.0431371E+02  6.9147564E+02 -2.9496675E-02  1.0779784E+02 -6.9175023E+02  0.0000000E+00
 4.24000200E+03 -1.0412492E+02  6.9147521E+02 -2.9442024E-02  1.0760253E+02 -6.9175023E+02  0.0000000E+00
 4.25000200E+03 -1.0393651E+02  6.9147479E+02 -2.9387486E-02  1.0740759E+02 -6.9175023E+02  0.0000000E+00
 4.26000200E+03 -1.0374845E+02  6.9147437E+02 -2.9333060E-02  1.0721304E+02 -6.9175023E+02  0.0000000E+00
 4.27000200E+03 -1.0356076E+02  6.9147396E+02 -2.9278746E-02  1.0701886E+02 -6.9175023E+02  0.0000000E+00
 4.28000200E+03 -1.0337344E+02  6.9147355E+02 -2.9224544E-02  1.0682506E+02 -6.9175023E+02  0.0000000E+00
 4.29000200E+03 -1.0318647E+02  6.9147314E+02 -2.9170454E-02  1.0663163E+02 -6.9175023E+02  0.0000000E+00
 4.30000200E+03 -1.0299987E+02  6.9147274E+02 -2.9116474E-02  1.0643858E+02 -6.9175023E+02  0.0000000E+00
 4.31000200E+03 -1.0281363E+02  6.9147234E+02 -2.9062606E-02  1.0624590E+02 -6.9175023E+02  0.0000000E+00
 4.32000200E+03 -1.0262775E+02  6.9147195E+02 -2.9008848E-02  1.0605359E+02 -6.9175023E+02  0.0000000E+00
 4.33000200E+03 -1.0243162E+02  6.9146758E+02 -2.9272719E-02  1.0588120E+02 -6.9175023E+02  0.0000000E+00
 4.34000200E+03 -1.0225291E+02  6.9147114E+02 -2.8902069E-02  1.0566591E+02 -6.9175023E+02  0.0000000E+00
 4.35000200E+03 -1.0206820E+02  6.9147080E+02 -2.8845192E-02  1.0547448E+02 -6.9175023E+02  0.0000000E+00
 4.36000200E+03 -1.0188377E+02  6.9147042E+02 -2.8791845E-02  1.0528368E+02 -6.9175023E+02  0.0000000E+00
 4.37000200E+03 -1.0169969E+02  6.9147005E+02 -2.8738630E-02  1.0509324E+02 -6.9175023E+02  0.0000000E+00
 4.38000200E+03 -1.0151597E+02  6.9146968E+02 -2.8685538E-02  1.0490318E+02 -6.9175023E+02  0.0000000E+00
 4.39000200E+03 -1.0133261E+02  6.9146931E+02 -2.8632554E-02  1.0471348E+02 -6.9175023E+02  0.0000000E+00
 4.40000200E+03 -1.0114959E+02  6.9146895E+02 -2.8579831E-02  1.0452420E+02 -6.9175023E+02  0.0000000E+00
 4.41000200E+03 -1.0096688E+02  6.9146857E+02 -2.8528718E-02  1.0433535E+02 -6.9175023E+02  0.0000000E+00
 4.42000200E+03 -1.0078456E+02  6.9146822E+02 -2.8476073E-02  1.0414674E+02 -6.9175023E+02  0.0000000E+00
 4.43000200E+03 -1.0060260E+02  6.9146787E+02 -2.8423383E-02  1.0395845E+02 -6.9175023E+02  0.0000000E+00
 4.44000200E+03 -1.0042101E+02  6.9146753E+02 -2.8369753E-02  1.0377049E+02 -6.9175023E+02  0.0000000E+00
 4.45000200E+03 -1.0023975E+02  6.9146719E+02 -2.8317363E-02  1.0358297E+02 -6.9175023E+02  0.0000000E+00
 4.46000200E+03 -1.0005884E+02  6.9146685E+02 -2.8265130E-02  1.0339582E+02 -6.9175023E+02  0.0000000E+00
 4.47000200E+03 -9.9878271E+01  6.9146651E+02 -2.8213005E-02  1.0320903E+02 -6.9175023E+02  0.0000000E+00
 4.48000200E+03 -9.9698052E+01  6.9146618E+02 -2.8161050E-02  1.0302260E+02 -6.9175023E+02  0.0000000E+00
 4.49000200E+03 -9.9518179E+01  6.9146585E+02 -2.8109163E-02  1.0283653E+02 -6.9175023E+02  0.0000000E+00
 4.50000200E+03 -9.9338652E+01  6.9146553E+02 -2.8057355E-02  1.0265081E+02 -6.9175023E+02  0.0000000E+00
 4.51000200E+03 -9.9159469E+01  6.9146521E+02 -2.8005652E-02  1.0246545E+02 -6.9175023E+02  0.0000000E+00
 4.52000200E+03 -9.8980630E+01  6.9146489E+02 -2.7954054E-02  1.0228045E+02 -6.9175023E+02  0.0000000E+00
 4.53000200E+03 -9.8802135E+01  6.9146458E+02 -2.7902561E-02  1.0209580E+02 -6.9175023E+02  0.0000000E+00
 4.54000200E+03 -9.8623981E+01  6.9146426E+02 -2.7851172E-02  1.0191151E+02 -6.9175023E+02  0.0000000E+00
 4.55000200E+03 -9.8446169E+01  6.9146396E+02 -2.7799887E-02  1.0172757E+02 -6.9175023E+02  0.0000000E+00
 4.56000200E+03 -9.8268698E+01  6.9146365E+02 -2.7748707E-02  1.0154398E+02 -6.9175023E+02  0.0000000E+00
 4.57000200E+03 -9.8091567E+01  6.9146335E+02 -2.7697630E-02  1.0136075E+02 -6.9175023E+02  0.0000000E+00
 4.58000200E+03 -9.7914775E+01  6.9146306E+02 -2.7646656E-02  1.0117787E+02 -6.9175023E+02  0.0000000E+00
 4.59000200E+03 -9.7738322E+01  6.9146277E+02 -2.7595786E-02  1.0099533E+02 -6.9175023E+02  0.0000000E+00
 4.60000200E+03 -9.7562206E+01  6.9146248E+02 -2.7545019E-02  1.0081315E+02 -6.9175023E+02  0.0000000E+00
 4.61000200E+03 -9.7386427E+01  6.9146219E+02 -2.7494354E-02  1.0063132E+02 -6.9175023E+02  0.0000000E+00
 4.62000200E+03 -9.7210984E+01  6.9146191E+02 -2.7443791E-02  1.0044984E+02 -6.9175023E+02  0.0000000E+00
 4.63000200E+03 -9.7035877E+01  6.9146163E+02 -2.7393331E-02  1.0026870E+02 -6.9175023E+02  0.0000000E+00
 4.64000200E+03 -9.6861105E+01  6.9146135E+02 -2.7342973E-02  1.0008791E+02 -6.9175023E+02  0.0000000E+00
 4.65000200E+03 -9.6686666E+01  6.9146108E+02 -2.7292716E-02  9.9907472E+01 -6.9175023E+02  0.0000000E+00
 4.66000200E+03 -9.6512561E+01  6.9146081E+02 -2.7242561E-02  9.9727375E+01 -6.9175023E+02  0.0000000E+00
 4.67000200E+03 -9.6338788E+01  6.9146055E+02 -2.7192507E-02  9.9547622E+01 -6.9175023E+02  0.0000000E+00
 4.68000200E+03 -9.6165347E+01  6.9146029E+02 -2.7142554E-02  9.9368214E+01 -6.9175023E+02  0.0000000E+00
 4.69000200E+03 -9.5992237E+01  6.9146003E+02 -2.7092701E-02  9.9189148E+01 -6.9175023E+02  0.0000000E+00
 4.70000200E+03 -9.5819457E+01  6.9145977E+02 -2.7042949E-02  9.9010425E+01 -6.9175023E+02  0.0000000E+00
 4.71000200E+03 -9.5647006E+01  6.9145952E+02 -2.6993297E-02  9.8832043E+01 -6.9175023E+02  0.0000000E+00
 4.72000200E+03 -9.5474885E+01  6.9145927E+02 -2.6943744E-02  9.8654002E+01 -6.9175023E+02  0.0000000E+00
 4.73000200E+03 -9.5303091E+01  6.9145902E+02 -2.6894291E-02  9.8476302E+01 -6.9175023E+02  0.0000000E+00
 4.74000200E+03 -9.5131625E+01  6.9145878E+02 -2.6844938E-02  9.8298940E+01 -6.9175023E+02  0.0000000E+00
 4.75000200E+03 -9.4960486E+01  6.9145854E+02 -2.6795684E-02  9.8121917E+01 -6.9175023E+02  0.0000000E+00
 4.76000200E+03 -9.4789672E+01  6.9145831E+02 -2.6746529E-02  9.7945232E+01 -6.9175023E+02  0.0000000E+00
 4.77000200E+03 -9.4619184E+01  6.9145807E+02 -2.6697472E-02  9.7768884E+01 -6.9175023E+02  0.0000000E+00
 4.78000200E+03 -9.4449020E+01  6.9145784E+02 -2.6648514E-02  9.7592872E+01 -6.9175023E+02  0.0000000E+00
 4.79000200E+03 -9.4279180E+01  6.9145762E+02 -2.6599654E-02  9.7417195E+01 -6.9175023E+02  0.0000000E+00
 4.80000200E+03 -9.4109662E+01  6.9145739E+02 -2.6550892E-02  9.7241854E+01 -6.9175023E+02  0.0000000E+00
 4.81000200E+03 -9.3940468E+01  6.9145717E+02 -2.6502227E-02  9.7066846E+01 -6.9175023E+02  0.0000000E+00
 4.82000200E+03 -9.3771594E+01  6.9145696E+02 -2.6453660E-02  9.6892172E+01 -6.9175023E+02  0.0000000E+00
 4.83000200E+03 -9.3603042E+01  6.9145674E+02 -2.6405190E-02  9.6717830E+01 -6.9175023E+02  0.0000000E+00
 4.84000200E+03 -9.3434810E+01  6.9145653E+02 -2.6356817E-02  9.6543821E+01 -6.9175023E+02  0.0000000E+00
 4.85000200E+03 -9.3254756E+01  6.9144988E+02 -2.6844431E-02  9.6411587E+01 -6.9175023E+02  0.0000000E+00
 4.86000200E+03 -9.3097834E+01  6.9145606E+02 -2.6264035E-02  9.6195623E+01 -6.9175023E+02  0.0000000E+00
 4.87000200E+03 -9.2930689E+01  6.9145593E+02 -2.6210241E-02  9.6022188E+01 -6.9175023E+02  0.0000000E+00
 4.88000200E+03 -9.2763746E+01  6.9145574E+02 -2.6162196E-02  9.5849509E+01 -6.9175023E+02  0.0000000E+00
 4.89000200E+03 -9.2597118E+01  6.9145554E+02 -2.6114311E-02  9.5677162E+01 -6.9175023E+02  0.0000000E+00
 4.90000200E+03 -9.2430805E+01  6.9145535E+02 -2.6066476E-02  9.5505142E+01 -6.9175023E+02  0.0000000E+00
 4.91000200E+03 -9.2264809E+01  6.9145516E+02 -2.6018780E-02  9.5333449E+01 -6.9175023E+02  0.0000000E+00
 4.92000200E+03 -9.2099127E+01  6.9145497E+02 -2.5971181E-02  9.5162082E+01 -6.9175023E+02  0.0000000E+00
 4.93000200E+03 -9.1933723E+01  6.9145477E+02 -2.5925172E-02  9.4991185E+01 -6.9175023E+02  0.0000000E+00
 4.94000200E+03 -9.1768654E+01  6.9145459E+02 -2.5877913E-02  9.4820469E+01 -6.9175023E+02  0.0000000E+00
 4.95000200E+03 -9.1603901E+01  6.9145441E+02 -2.5830594E-02  9.4650065E+01 -6.9175023E+02  0.0000000E+00
 4.96000200E+03 -9.1439461E+01  6.9145423E+02 -2.5783364E-02  9.4479984E+01 -6.9175023E+02  0.0000000E+00
 4.97000200E+03 -9.1275331E+01  6.9145406E+02 -2.5736232E-02  9.4310226E+01 -6.9175023E+02  0.0000000E+00
 4.98000200E+03 -9.1111512E+01  6.9145389E+02 -2.5689192E-02  9.4140789E+01 -6.9175023E+02  0.0000000E+00
 4.99000200E+03 -9.0948003E+01  6.9145372E+02 -2.5642247E-02  9.3971674E+01 -6.9175023E+02  0.0000000E+00
 5.00000200E+03 -9.0784803E+01  6.9145356E+02 -2.5595394E-02  9.3802879E+01 -6.9175023E+02  0.0000000E+00
 5.01000200E+03 -9.0621912E+01  6.9145340E+02 -2.5548634E-02  9.3634404E+01 -6.9175023E+02  0.0000000E+00
 5.02000200E+03 -9.0459328E+01  6.9145324E+02 -2.5501968E-02  9.3466248E+01 -6.9175023E+02  0.0000000E+00
 5.03000200E+03 -9.0297052E+01  6.9145309E+02 -2.5455394E-02  9.3298411E+01 -6.9175023E+02  0.0000000E+00
 5.04000200E+03 -9.0135080E+01  6.9145293E+02 -2.5408987E-02  9.3130898E+01 -6.9175023E+02  0.0000000E+00
 5.05000200E+03 -8.9973416E+01  6.9145278E+02 -2.5362603E-02  9.2963695E+01 -6.9175023E+02  0.0000000E+00
 5.06000200E+03 -8.9812057E+01  6.9145263E+02 -2.5316305E-02  9.2796807E+01 -6.9175023E+02  0.0000000E+00
 5.07000200E+03 -8.9651002E+01  6.9145249E+02 -2.5270099E-02  9.2630235E+01 -6.9175023E+02  0.0000000E+00
 5.08000200E+03 -8.9490251E+01  6.9145235E+02 -2.5223984E-02  9.2463978E+01 -6.9175023E+02  0.0000000E+00
 5.09000200E+03 -8.9329804E+01  6.9145221E+02 -2.5177960E-02  9.2298036E+01 -6.9175023E+02  0.0000000E+00
 5.10000200E+03 -8.9169659E+01  6.9145207E+02 -2.5132027E-02  9.2132407E+01 -6.9175023E+02  0.0000000E+00
 5.11000200E+03 -8.9009816E+01  6.9145194E+02 -2.5086185E-02  9.1967090E+01 -6.9175023E+02  0.0000000E+00
 5.12000200E+03 -8.8850274E+01  6.9145181E+02 -2.5040434E-02  9.1802086E+01 -6.9175023E+02  0.0000000E+00
 5.13000200E+03 -8.8691033E+01  6.9145168E+02 -2.4994773E-02  9.1637394E+01 -6.9175023E+02  0.0000000E+00
 5.14000200E+03 -8.8532092E+01  6.9145155E+02 -2.4949202E-02  9.1473012E+01 -6.9175023E+02  0.0000000E+00
 5.15000200E+03 -8.8373450E+01  6.9145143E+02 -2.4903721E-02  9.1308940E+01 -6.9175023E+02  0.0000000E+00
 5.16000200E+03 -8.8215107E+01  6.9145131E+02 -2.4858330E-02  9.1145178E+01 -6.9175023E+02  0.0000000E+00
 5.17000200E+03 -8.8057062E+01  6.9145119E+02 -2.4813028E-02  9.0981725E+01 -6.9175023E+02  0.0000000E+00
 5.18000200E+03 -8.7899315E+01  6.9145107E+02 -2.4767816E-02  9.0818580E+01 -6.9175023E+02  0.0000000E+00
 5.19000200E+03 -8.7741864E+01  6.9145096E+02 -2.4722692E-02  9.0655743E+01 -6.9175023E+02  0.0000000E+00
 5.20000200E+03 -8.7584709E+01  6.9145085E+02 -2.4677661E-02  9.0493212E+01 -6.9175023E+02  0.0000000E+00
 5.21000200E+03 -8.7427850E+01  6.9145074E+02 -2.4632716E-02  9.0330988E+01 -6.9175023E+02  0.0000000E+00
 5.22000200E+03 -8.7271286E+01  6.9145064E+02 -2.4587858E-02  9.0169069E+01 -6.9175023E+02  0.0000000E+00
 5.23000200E+03 -8.7115016E+01  6.9145053E+02 -2.4543089E-02  9.0007455E+01 -6.9175023E+02  0.0000000E+00
 5.24000200E+03 -8.6959040E+01  6.9145043E+02 -2.4498408E-02  8.9846145E+01 -6.9175023E+02  0.0000000E+00
 5.25000200E+03 -8.6803357E+01  6.9145034E+02 -2.4453815E-02  8.9685138E+01 -6.9175023E+02  0.0000000E+00
 5.26000200E+03 -8.6647966E+01  6.9145024E+02 -2.4409309E-02  8.9524435E+01 -6.9175023E+02  0.0000000E+00
 5.27000200E+03 -8.6492866E+01  6.9145015E+02 -2.4364891E-02  8.9364034E+01 -6.9175023E+02  0.0000000E+00
 5.28000200E+03 -8.6338058E+01  6.9145006E+02 -2.4320559E-02  8.9203935E+01 -6.9175023E+02  0.0000000E+00
 5.29000200E+03 -8.6179796E+01  6.9144777E+02 -2.4427112E-02  8.9054497E+01 -6.9175023E+02  0.0000000E+00
 5.30000200E+03 -8.6028727E+01  6.9144993E+02 -2.4227839E-02  8.8883503E+01 -6.9175023E+02  0.0000000E+00
 5.31000200E+03 -8.5874777E+01  6.9144983E+02 -2.4185670E-02  8.8724567E+01 -6.9175023E+02  0.0000000E+00
 5.32000200E+03 -8.5721124E+01  6.9144974E+02 -2.4142314E-02  8.8565729E+01 -6.9175023E+02  0.0000000E+00
 5.33000200E+03 -8.5567774E+01  6.9144966E+02 -2.4098430E-02  8.8407140E+01 -6.9175023E+02  0.0000000E+00
 5.34000200E+03 -8.5414711E+01  6.9144958E+02 -2.4054624E-02  8.8248849E+01 -6.9175023E+02  0.0000000E+00
 5.35000200E+03 -8.5261935E+01  6.9144951E+02 -2.4010901E-02  8.8090855E+01 -6.9175023E+02  0.0000000E+00
 5.36000200E+03 -8.5109445E+01  6.9144944E+02 -2.3967268E-02  8.7933158E+01 -6.9175023E+02  0.0000000E+00
 5.37000200E+03 -8.4957240E+01  6.9144937E+02 -2.3923719E-02  8.7775756E+01 -6.9175023E+02  0.0000000E+00
 5.38000200E+03 -8.4805281E+01  6.9144928E+02 -2.3881741E-02  8.7618786E+01 -6.9175023E+02  0.0000000E+00
 5.39000200E+03 -8.4653636E+01  6.9144921E+02 -2.3838379E-02  8.7461965E+01 -6.9175023E+02  0.0000000E+00
 5.40000200E+03 -8.4502275E+01  6.9144915E+02 -2.3795079E-02  8.7305437E+01 -6.9175023E+02  0.0000000E+00
 5.41000200E+03 -8.4351198E+01  6.9144909E+02 -2.3751864E-02  8.7149203E+01 -6.9175023E+02  0.0000000E+00
 5.42000200E+03 -8.4200403E+01  6.9144903E+02 -2.3708732E-02  8.6993261E+01 -6.9175023E+02  0.0000000E+00
 5.43000200E+03 -8.4049890E+01  6.9144898E+02 -2.3665684E-02  8.6837611E+01 -6.9175023E+02  0.0000000E+00
 5.44000200E+03 -8.3899658E+01  6.9144892E+02 -2.3622721E-02  8.6682253E+01 -6.9175023E+02  0.0000000E+00
 5.45000200E+03 -8.3749707E+01  6.9144887E+02 -2.3579842E-02  8.6527186E+01 -6.9175023E+02  0.0000000E+00
 5.46000200E+03 -8.3600037E+01  6.9144882E+02 -2.3537047E-02  8.6372409E+01 -6.9175023E+02  0.0000000E+00
 5.47000200E+03 -8.3450646E+01  6.9144878E+02 -2.3494335E-02  8.6217922E+01 -6.9175023E+02  0.0000000E+00
 5.48000200E+03 -8.3301534E+01  6.9144873E+02 -2.3451706E-02  8.6063724E+01 -6.9175023E+02  0.0000000E+00
 5.49000200E+03 -8.3152701E+01  6.9144869E+02 -2.3409160E-02  8.5909814E+01 -6.9175023E+02  0.0000000E+00
 5.50000200E+03 -8.3004145E+01  6.9144865E+02 -2.3366697E-02  8.5756192E+01 -6.9175023E+02  0.0000000E+00
 5.51000200E+03 -8.2855866E+01  6.9144861E+02 -2.3324368E-02  8.5602863E+01 -6.9175023E+02  0.0000000E+00
 5.52000200E+03 -8.2707864E+01  6.9144857E+02 -2.3282091E-02  8.5449816E+01 -6.9175023E+02  0.0000000E+00
 5.53000200E+03 -8.2560138E+01  6.9144854E+02 -2.3239875E-02  8.5297054E+01 -6.9175023E+02  0.0000000E+00
 5.54000200E+03 -8.2412687E+01  6.9144851E+02 -2.3197741E-02  8.5144577E+01 -6.9175023E+02  0.0000000E+00
 5.55000200E+03 -8.2265512E+01  6.9144848E+02 -2.3155689E-02  8.4992385E+01 -6.9175023E+02  0.0000000E+00
 5.56000200E+03 -8.2118611E+01  6.9144845E+02 -2.3113719E-02  8.4840477E+01 -6.9175023E+02  0.0000000E+00
 5.57000200E+03 -8.1971984E+01  6.9144842E+02 -2.3071830E-02  8.4688853E+01 -6.9175023E+02  0.0000000E+00
 5.58000200E+03 -8.1825630E+01  6.9144840E+02 -2.3030023E-02  8.4537512E+01 -6.9175023E+02  0.0000000E+00
 5.59000200E+03 -8.1679551E+01  6.9144838E+02 -2.2988213E-02  8.4386445E+01 -6.9175023E+02  0.0000000E+00
 5.60000200E+03 -8.1533743E+01  6.9144836E+02 -2.2946560E-02  8.4235669E+01 -6.9175023E+02  0.0000000E+00
 5.61000200E+03 -8.1388206E+01  6.9144834E+02 -2.2904995E-02  8.4085174E+01 -6.9175023E+02  0.0000000E+00
 5.62000200E+03 -8.1242940E+01  6.9144833E+02 -2.2863511E-02  8.3934960E+01 -6.9175023E+02  0.0000000E+00
