acne-pp15-mx5-h7 acne-pp15-mx5-h7
1973 0.0
 6.557409e-04  5.320110e-08
 1.669159e-03  1.530719e-07
 2.682576e-03  2.841443e-07
 3.695994e-03  4.637301e-07
 4.709412e-03  7.008725e-07
 5.722830e-03  1.022600e-06
 6.736247e-03  1.420422e-06
 7.749665e-03  1.933339e-06
 8.763083e-03  2.568396e-06
 9.776501e-03  3.338273e-06
 1.078992e-02  4.254093e-06
 1.180334e-02  5.325325e-06
 1.281675e-02  6.558108e-06
 1.383017e-02  7.954759e-06
 1.484359e-02  9.523366e-06
 1.585701e-02  1.127459e-05
 1.687042e-02  1.321493e-05
 1.788384e-02  1.535906e-05
 1.889726e-02  1.770100e-05
 1.991068e-02  2.024081e-05
 2.092410e-02  2.298343e-05
 2.193751e-02  2.592659e-05
 2.295093e-02  2.906340e-05
 2.396435e-02  3.238940e-05
 2.497777e-02  3.591405e-05
 2.599118e-02  3.962496e-05
 2.700460e-02  4.351530e-05
 2.801802e-02  4.757244e-05
 2.903144e-02  5.178873e-05
 3.004486e-02  5.615069e-05
 3.105827e-02  6.064827e-05
 3.207169e-02  6.526589e-05
 3.308511e-02  6.999498e-05
 3.409853e-02  7.481907e-05
 3.511194e-02  7.972768e-05
 3.612536e-02  8.469503e-05
 3.713878e-02  8.971695e-05
 3.815220e-02  9.477416e-05
 3.916561e-02  9.985455e-05
 4.017903e-02  1.049405e-04
 4.119245e-02  1.100253e-04
 4.220587e-02  1.150881e-04
 4.321929e-02  1.201141e-04
 4.423270e-02  1.250838e-04
 4.524612e-02  1.299871e-04
 4.625954e-02  1.348053e-04
 4.727296e-02  1.395312e-04
 4.828637e-02  1.441480e-04
 4.929979e-02  1.486459e-04
 5.031321e-02  1.530097e-04
 5.132663e-02  1.572320e-04
 5.234005e-02  1.612948e-04
 5.335346e-02  1.651919e-04
 5.436688e-02  1.689162e-04
 5.538030e-02  1.724618e-04
 5.639372e-02  1.758233e-04
 5.740713e-02  1.789969e-04
 5.842055e-02  1.819787e-04
 5.943397e-02  1.847673e-04
 6.044739e-02  1.873603e-04
 6.146081e-02  1.897592e-04
 6.247422e-02  1.919630e-04
 6.348764e-02  1.939764e-04
 6.450106e-02  1.958038e-04
 6.551448e-02  1.974446e-04
 6.652789e-02  1.989064e-04
 6.754131e-02  2.001927e-04
 6.855473e-02  2.013115e-04
 6.956815e-02  2.022679e-04
 7.058156e-02  2.030738e-04
 7.159498e-02  2.037378e-04
 7.260840e-02  2.042692e-04
 7.362182e-02  2.046771e-04
 7.463524e-02  2.049738e-04
 7.564865e-02  2.051684e-04
 7.666207e-02  2.052762e-04
 7.767549e-02  2.053065e-04
 7.868891e-02  2.052760e-04
 7.970232e-02  2.051956e-04
 8.071574e-02  2.050810e-04
 8.172916e-02  2.049410e-04
 8.274258e-02  2.047886e-04
 8.375600e-02  2.046361e-04
 8.476941e-02  2.044951e-04
 8.578283e-02  2.043757e-04
 8.679625e-02  2.042907e-04
 8.780967e-02  2.042490e-04
 8.882308e-02  2.042619e-04
 8.983650e-02  2.043360e-04
 9.084992e-02  2.044815e-04
 9.186334e-02  2.047044e-04
 9.287675e-02  2.050127e-04
 9.389017e-02  2.054135e-04
 9.490359e-02  2.059115e-04
 9.591701e-02  2.065119e-04
 9.693043e-02  2.072181e-04
 9.794384e-02  2.080328e-04
 9.895726e-02  2.089580e-04
 9.997068e-02  2.099945e-04
 1.009841e-01  2.111433e-04
 1.019975e-01  2.124027e-04
 1.030109e-01  2.137711e-04
 1.040244e-01  2.152457e-04
 1.050378e-01  2.168210e-04
 1.060512e-01  2.184929e-04
 1.070646e-01  2.202547e-04
 1.080780e-01  2.221007e-04
 1.090914e-01  2.240236e-04
 1.101049e-01  2.260167e-04
 1.111183e-01  2.280711e-04
 1.121317e-01  2.301778e-04
 1.131451e-01  2.323275e-04
 1.141585e-01  2.345107e-04
 1.151719e-01  2.367165e-04
 1.161854e-01  2.389355e-04
 1.171988e-01  2.411567e-04
 1.182122e-01  2.433705e-04
 1.192256e-01  2.455651e-04
 1.202390e-01  2.477301e-04
 1.212525e-01  2.498540e-04
 1.222659e-01  2.519262e-04
 1.232793e-01  2.539359e-04
 1.242927e-01  2.558725e-04
 1.253061e-01  2.577256e-04
 1.263195e-01  2.594860e-04
 1.273330e-01  2.611433e-04
 1.283464e-01  2.626889e-04
 1.293598e-01  2.641140e-04
 1.303732e-01  2.654115e-04
 1.313866e-01  2.665738e-04
 1.324000e-01  2.675950e-04
 1.334135e-01  2.684700e-04
 1.344269e-01  2.691935e-04
 1.354403e-01  2.697613e-04
 1.364537e-01  2.701701e-04
 1.374671e-01  2.704174e-04
 1.384806e-01  2.705014e-04
 1.394940e-01  2.704214e-04
 1.405074e-01  2.701775e-04
 1.415208e-01  2.697701e-04
 1.425342e-01  2.692009e-04
 1.435476e-01  2.684717e-04
 1.445611e-01  2.675853e-04
 1.455745e-01  2.665453e-04
 1.465879e-01  2.653560e-04
 1.476013e-01  2.640226e-04
 1.486147e-01  2.625506e-04
 1.496281e-01  2.609468e-04
 1.506416e-01  2.592178e-04
 1.516550e-01  2.573710e-04
 1.526684e-01  2.554145e-04
 1.536818e-01  2.533567e-04
 1.546952e-01  2.512060e-04
 1.557087e-01  2.489718e-04
 1.567221e-01  2.466633e-04
 1.577355e-01  2.442896e-04
 1.587489e-01  2.418601e-04
 1.597623e-01  2.393845e-04
 1.607757e-01  2.368718e-04
 1.617892e-01  2.343315e-04
 1.628026e-01  2.317729e-04
 1.638160e-01  2.292051e-04
 1.648294e-01  2.266365e-04
 1.658428e-01  2.240758e-04
 1.668562e-01  2.215308e-04
 1.678697e-01  2.190092e-04
 1.688831e-01  2.165185e-04
 1.698965e-01  2.140654e-04
 1.709099e-01  2.116563e-04
 1.719233e-01  2.092974e-04
 1.729368e-01  2.069938e-04
 1.739502e-01  2.047501e-04
 1.749636e-01  2.025701e-04
 1.759770e-01  2.004575e-04
 1.769904e-01  1.984147e-04
 1.780038e-01  1.964436e-04
 1.790173e-01  1.945458e-04
 1.800307e-01  1.927216e-04
 1.810441e-01  1.909708e-04
 1.820575e-01  1.892928e-04
 1.830709e-01  1.876859e-04
 1.840844e-01  1.861481e-04
 1.850978e-01  1.846764e-04
 1.861112e-01  1.832677e-04
 1.871246e-01  1.819180e-04
 1.881380e-01  1.806228e-04
 1.891514e-01  1.793774e-04
 1.901649e-01  1.781763e-04
 1.911783e-01  1.770136e-04
 1.921917e-01  1.758834e-04
 1.932051e-01  1.747791e-04
 1.942185e-01  1.736940e-04
 1.952319e-01  1.726211e-04
 1.962454e-01  1.715532e-04
 1.972588e-01  1.704828e-04
 1.982722e-01  1.694023e-04
 1.992856e-01  1.683042e-04
 2.002990e-01  1.671810e-04
 2.013125e-01  1.660251e-04
 2.023259e-01  1.648291e-04
 2.033393e-01  1.635859e-04
 2.043527e-01  1.622883e-04
 2.053661e-01  1.609296e-04
 2.063795e-01  1.595033e-04
 2.073930e-01  1.580032e-04
 2.084064e-01  1.564236e-04
 2.094198e-01  1.547593e-04
 2.104332e-01  1.530054e-04
 2.114466e-01  1.511575e-04
 2.124600e-01  1.492118e-04
 2.134735e-01  1.471648e-04
 2.144869e-01  1.450139e-04
 2.155003e-01  1.427567e-04
 2.165137e-01  1.403915e-04
 2.175271e-01  1.379173e-04
 2.185406e-01  1.353335e-04
 2.195540e-01  1.326402e-04
 2.205674e-01  1.298378e-04
 2.215808e-01  1.269277e-04
 2.225942e-01  1.239116e-04
 2.236076e-01  1.207919e-04
 2.246211e-01  1.175714e-04
 2.256345e-01  1.142536e-04
 2.266479e-01  1.108424e-04
 2.276613e-01  1.073422e-04
 2.286747e-01  1.037579e-04
 2.296881e-01  1.000947e-04
 2.307016e-01  9.635829e-05
 2.317150e-01  9.255468e-05
 2.327284e-01  8.869016e-05
 2.337418e-01  8.477132e-05
 2.347552e-01  8.080495e-05
 2.357687e-01  7.679796e-05
 2.367821e-01  7.275741e-05
 2.377955e-01  6.869046e-05
 2.388089e-01  6.460431e-05
 2.398223e-01  6.050615e-05
 2.408357e-01  5.640318e-05
 2.418492e-01  5.230245e-05
 2.428626e-01  4.821095e-05
 2.438760e-01  4.413547e-05
 2.448894e-01  4.008266e-05
 2.459028e-01  3.605887e-05
 2.469163e-01  3.207024e-05
 2.479297e-01  2.812260e-05
 2.489431e-01  2.422142e-05
 2.499565e-01  2.037181e-05
 2.509699e-01  1.658086e-05
 2.519833e-01  1.286809e-05
 2.529968e-01  9.256998e-06
 2.540102e-01  5.770523e-06
 2.550236e-01  2.429721e-06
 2.560370e-01 -7.462857e-07
 2.570504e-01 -3.741781e-06
 2.580638e-01 -6.544778e-06
 2.590773e-01 -9.143757e-06
 2.600907e-01 -1.152771e-05
 2.611041e-01 -1.368636e-05
 2.621175e-01 -1.560943e-05
 2.631309e-01 -1.728703e-05
 2.641444e-01 -1.871132e-05
 2.651578e-01 -1.987813e-05
 2.661712e-01 -2.078546e-05
 2.671846e-01 -2.143300e-05
 2.681980e-01 -2.182025e-05
 2.692114e-01 -2.194638e-05
 2.702249e-01 -2.181084e-05
 2.712383e-01 -2.141455e-05
 2.722517e-01 -2.075992e-05
 2.732651e-01 -1.985230e-05
 2.742785e-01 -1.870087e-05
 2.752919e-01 -1.731756e-05
 2.763054e-01 -1.571524e-05
 2.773188e-01 -1.390857e-05
 2.783322e-01 -1.191286e-05
 2.793456e-01 -9.744858e-06
 2.803590e-01 -7.422032e-06
 2.813725e-01 -4.963125e-06
 2.823859e-01 -2.387129e-06
 2.833993e-01  2.868763e-07
 2.844127e-01  3.040003e-06
 2.854261e-01  5.853797e-06
 2.864395e-01  8.709941e-06
 2.874530e-01  1.158917e-05
 2.884664e-01  1.447264e-05
 2.894798e-01  1.734139e-05
 2.904932e-01  2.017697e-05
 2.915066e-01  2.296159e-05
 2.925200e-01  2.567898e-05
 2.935335e-01  2.831337e-05
 2.945469e-01  3.084869e-05
 2.955603e-01  3.326850e-05
 2.965737e-01  3.555613e-05
 2.975871e-01  3.769516e-05
 2.986006e-01  3.967034e-05
 2.996140e-01  4.146789e-05
 3.006274e-01  4.307619e-05
 3.016408e-01  4.448577e-05
 3.026542e-01  4.568913e-05
 3.036676e-01  4.667970e-05
 3.046811e-01  4.745212e-05
 3.056945e-01  4.800286e-05
 3.067079e-01  4.832975e-05
 3.077213e-01  4.843252e-05
 3.087347e-01  4.831254e-05
 3.097482e-01  4.797289e-05
 3.107616e-01  4.741779e-05
 3.117750e-01  4.665258e-05
 3.127884e-01  4.568358e-05
 3.138018e-01  4.451807e-05
 3.148152e-01  4.316441e-05
 3.158287e-01  4.163216e-05
 3.168421e-01  3.993131e-05
 3.178555e-01  3.807288e-05
 3.188689e-01  3.606833e-05
 3.198823e-01  3.392992e-05
 3.208957e-01  3.167072e-05
 3.219092e-01  2.930522e-05
 3.229226e-01  2.684914e-05
 3.239360e-01  2.431911e-05
 3.249494e-01  2.173229e-05
 3.259628e-01  1.910612e-05
 3.269763e-01  1.645779e-05
 3.279897e-01  1.380430e-05
 3.290031e-01  1.116222e-05
 3.300165e-01  8.548106e-06
 3.310299e-01  5.978326e-06
 3.320433e-01  3.469105e-06
 3.330568e-01  1.035850e-06
 3.340702e-01 -1.306948e-06
 3.350836e-01 -3.545734e-06
 3.360970e-01 -5.668075e-06
 3.371104e-01 -7.662630e-06
 3.381238e-01 -9.518932e-06
 3.391373e-01 -1.122728e-05
 3.401507e-01 -1.277877e-05
 3.411641e-01 -1.416542e-05
 3.421775e-01 -1.538018e-05
 3.431909e-01 -1.641704e-05
 3.442044e-01 -1.727094e-05
 3.452178e-01 -1.793777e-05
 3.462312e-01 -1.841463e-05
 3.472446e-01 -1.869973e-05
 3.482580e-01 -1.879268e-05
 3.492714e-01 -1.869455e-05
 3.502849e-01 -1.840795e-05
 3.512983e-01 -1.793680e-05
 3.523117e-01 -1.728619e-05
 3.533251e-01 -1.646234e-05
 3.543385e-01 -1.547250e-05
 3.553519e-01 -1.432485e-05
 3.563654e-01 -1.302865e-05
 3.573788e-01 -1.159420e-05
 3.583922e-01 -1.003276e-05
 3.594056e-01 -8.356299e-06
 3.604190e-01 -6.577289e-06
 3.614325e-01 -4.708411e-06
 3.624459e-01 -2.762622e-06
 3.634593e-01 -7.530402e-07
 3.644727e-01  1.307062e-06
 3.654861e-01  3.404205e-06
 3.664995e-01  5.524632e-06
 3.675130e-01  7.654463e-06
 3.685264e-01  9.779804e-06
 3.695398e-01  1.188686e-05
 3.705532e-01  1.396193e-05
 3.715666e-01  1.599160e-05
 3.725801e-01  1.796268e-05
 3.735935e-01  1.986240e-05
 3.746069e-01  2.167853e-05
 3.756203e-01  2.339944e-05
 3.766337e-01  2.501428e-05
 3.776471e-01  2.651307e-05
 3.786606e-01  2.788667e-05
 3.796740e-01  2.912682e-05
 3.806874e-01  3.022624e-05
 3.817008e-01  3.117868e-05
 3.827142e-01  3.197895e-05
 3.837276e-01  3.262303e-05
 3.847411e-01  3.310809e-05
 3.857545e-01  3.343238e-05
 3.867679e-01  3.359520e-05
 3.877813e-01  3.359675e-05
 3.887947e-01  3.343810e-05
 3.898082e-01  3.312119e-05
 3.908216e-01  3.264889e-05
 3.918350e-01  3.202496e-05
 3.928484e-01  3.125411e-05
 3.938618e-01  3.034200e-05
 3.948752e-01  2.929519e-05
 3.958887e-01  2.812099e-05
 3.969021e-01  2.682749e-05
 3.979155e-01  2.542351e-05
 3.989289e-01  2.391856e-05
 3.999423e-01  2.232277e-05
 4.009557e-01  2.064690e-05
 4.019692e-01  1.890213e-05
 4.029826e-01  1.710011e-05
 4.039960e-01  1.525273e-05
 4.050094e-01  1.337210e-05
 4.060228e-01  1.147043e-05
 4.070363e-01  9.559960e-06
 4.080497e-01  7.652839e-06
 4.090631e-01  5.761041e-06
 4.100765e-01  3.896245e-06
 4.110899e-01  2.069793e-06
 4.121033e-01  2.925934e-07
 4.131168e-01 -1.424876e-06
 4.141302e-01 -3.072577e-06
 4.151436e-01 -4.640942e-06
 4.161570e-01 -6.120924e-06
 4.171704e-01 -7.504057e-06
 4.181838e-01 -8.782528e-06
 4.191973e-01 -9.949242e-06
 4.202107e-01 -1.099787e-05
 4.212241e-01 -1.192286e-05
 4.222375e-01 -1.271948e-05
 4.232509e-01 -1.338382e-05
 4.242644e-01 -1.391279e-05
 4.252778e-01 -1.430422e-05
 4.262912e-01 -1.455686e-05
 4.273046e-01 -1.467039e-05
 4.283180e-01 -1.464547e-05
 4.293314e-01 -1.448369e-05
 4.303449e-01 -1.418752e-05
 4.313583e-01 -1.376034e-05
 4.323717e-01 -1.320632e-05
 4.333851e-01 -1.253042e-05
 4.343985e-01 -1.173834e-05
 4.354119e-01 -1.083645e-05
 4.364254e-01 -9.831726e-06
 4.374388e-01 -8.731709e-06
 4.384522e-01 -7.544425e-06
 4.394656e-01 -6.278363e-06
 4.404790e-01 -4.942417e-06
 4.414925e-01 -3.545862e-06
 4.425059e-01 -2.098294e-06
 4.435193e-01 -6.095665e-07
 4.445327e-01  9.102767e-07
 4.455461e-01  2.451068e-06
 4.465595e-01  4.002582e-06
 4.475730e-01  5.554590e-06
 4.485864e-01  7.096919e-06
 4.495998e-01  8.619494e-06
 4.506132e-01  1.011242e-05
 4.516266e-01  1.156602e-05
 4.526401e-01  1.297098e-05
 4.536535e-01  1.431838e-05
 4.546669e-01  1.559976e-05
 4.556803e-01  1.680719e-05
 4.566937e-01  1.793333e-05
 4.577071e-01  1.897144e-05
 4.587206e-01  1.991541e-05
 4.597340e-01  2.075982e-05
 4.607474e-01  2.149991e-05
 4.617608e-01  2.213167e-05
 4.627742e-01  2.265179e-05
 4.637876e-01  2.305770e-05
 4.648011e-01  2.334756e-05
 4.658145e-01  2.352027e-05
 4.668279e-01  2.357548e-05
 4.678413e-01  2.351355e-05
 4.688547e-01  2.333562e-05
 4.698682e-01  2.304352e-05
 4.708816e-01  2.263979e-05
 4.718950e-01  2.212769e-05
 4.729084e-01  2.151111e-05
 4.739218e-01  2.079460e-05
 4.749352e-01  1.998333e-05
 4.759487e-01  1.908308e-05
 4.769621e-01  1.810015e-05
 4.779755e-01  1.704137e-05
 4.789889e-01  1.591402e-05
 4.800023e-01  1.472576e-05
 4.810157e-01  1.348457e-05
 4.820292e-01  1.219870e-05
 4.830426e-01  1.087660e-05
 4.840560e-01  9.526873e-06
 4.850694e-01  8.158224e-06
 4.860828e-01  6.779392e-06
 4.870963e-01  5.399103e-06
 4.881097e-01  4.026006e-06
 4.891231e-01  2.668624e-06
 4.901365e-01  1.335306e-06
 4.911499e-01  3.417555e-08
 4.921633e-01 -1.226907e-06
 4.931768e-01 -2.440394e-06
 4.941902e-01 -3.599090e-06
 4.952036e-01 -4.696193e-06
 4.962170e-01 -5.725337e-06
 4.972304e-01 -6.680632e-06
 4.982438e-01 -7.556695e-06
 4.992573e-01 -8.348683e-06
 5.002707e-01 -9.052325e-06
 5.012841e-01 -9.663957e-06
 5.022975e-01 -1.018054e-05
 5.033109e-01 -1.059968e-05
 5.043244e-01 -1.091965e-05
 5.053378e-01 -1.113939e-05
 5.063512e-01 -1.125848e-05
 5.073646e-01 -1.127717e-05
 5.083780e-01 -1.119635e-05
 5.093914e-01 -1.101754e-05
 5.104049e-01 -1.074286e-05
 5.114183e-01 -1.037504e-05
 5.124317e-01 -9.917373e-06
 5.134451e-01 -9.373699e-06
 5.144585e-01 -8.748362e-06
 5.154720e-01 -8.046183e-06
 5.164854e-01 -7.272423e-06
 5.174988e-01 -6.432748e-06
 5.185122e-01 -5.533198e-06
 5.195256e-01 -4.580144e-06
 5.205390e-01 -3.580249e-06
 5.215525e-01 -2.540430e-06
 5.225659e-01 -1.467809e-06
 5.235793e-01 -3.696691e-07
 5.245927e-01  7.465925e-07
 5.256061e-01  1.873517e-06
 5.266195e-01  3.003630e-06
 5.276330e-01  4.129494e-06
 5.286464e-01  5.243762e-06
 5.296598e-01  6.339221e-06
 5.306732e-01  7.408846e-06
 5.316866e-01  8.445842e-06
 5.327001e-01  9.443687e-06
 5.337135e-01  1.039617e-05
 5.347269e-01  1.129742e-05
 5.357403e-01  1.214196e-05
 5.367537e-01  1.292472e-05
 5.377671e-01  1.364107e-05
 5.387806e-01  1.428686e-05
 5.397940e-01  1.485839e-05
 5.408074e-01  1.535251e-05
 5.418208e-01  1.576656e-05
 5.428342e-01  1.609841e-05
 5.438476e-01  1.634647e-05
 5.448611e-01  1.650970e-05
 5.458745e-01  1.658758e-05
 5.468879e-01  1.658018e-05
 5.479013e-01  1.648809e-05
 5.489147e-01  1.631245e-05
 5.499282e-01  1.605492e-05
 5.509416e-01  1.571770e-05
 5.519550e-01  1.530347e-05
 5.529684e-01  1.481538e-05
 5.539818e-01  1.425705e-05
 5.549952e-01  1.363253e-05
 5.560087e-01  1.294624e-05
 5.570221e-01  1.220298e-05
 5.580355e-01  1.140788e-05
 5.590489e-01  1.056634e-05
 5.600623e-01  9.684037e-06
 5.610757e-01  8.766840e-06
 5.620892e-01  7.820799e-06
 5.631026e-01  6.852093e-06
 5.641160e-01  5.866993e-06
 5.651294e-01  4.871819e-06
 5.661428e-01  3.872904e-06
 5.671563e-01  2.876552e-06
 5.681697e-01  1.888999e-06
 5.691831e-01  9.163800e-07
 5.701965e-01 -3.531080e-08
 5.712099e-01 -9.602574e-07
 5.722233e-01 -1.852857e-06
 5.732368e-01 -2.707758e-06
 5.742502e-01 -3.519889e-06
 5.752636e-01 -4.284492e-06
 5.762770e-01 -4.997153e-06
 5.772904e-01 -5.653824e-06
 5.783039e-01 -6.250852e-06
 5.793173e-01 -6.784994e-06
 5.803307e-01 -7.253442e-06
 5.813441e-01 -7.653833e-06
 5.823575e-01 -7.984263e-06
 5.833709e-01 -8.243294e-06
 5.843844e-01 -8.429958e-06
 5.853978e-01 -8.543762e-06
 5.864112e-01 -8.584681e-06
 5.874246e-01 -8.553158e-06
 5.884380e-01 -8.450094e-06
 5.894514e-01 -8.276837e-06
 5.904649e-01 -8.035171e-06
 5.914783e-01 -7.727301e-06
 5.924917e-01 -7.355832e-06
 5.935051e-01 -6.923753e-06
 5.945185e-01 -6.434418e-06
 5.955320e-01 -5.891515e-06
 5.965454e-01 -5.299051e-06
 5.975588e-01 -4.661315e-06
 5.985722e-01 -3.982853e-06
 5.995856e-01 -3.268439e-06
 6.005990e-01 -2.523036e-06
 6.016125e-01 -1.751770e-06
 6.026259e-01 -9.598917e-07
 6.036393e-01 -1.527405e-07
 6.046527e-01  6.642879e-07
 6.056661e-01  1.485779e-06
 6.066795e-01  2.306335e-06
 6.076930e-01  3.120610e-06
 6.087064e-01  3.923343e-06
 6.097198e-01  4.709396e-06
 6.107332e-01  5.473780e-06
 6.117466e-01  6.211689e-06
 6.127601e-01  6.918527e-06
 6.137735e-01  7.589938e-06
 6.147869e-01  8.221828e-06
 6.158003e-01  8.810389e-06
 6.168137e-01  9.352123e-06
 6.178271e-01  9.843859e-06
 6.188406e-01  1.028277e-05
 6.198540e-01  1.066639e-05
 6.208674e-01  1.099263e-05
 6.218808e-01  1.125977e-05
 6.228942e-01  1.146651e-05
 6.239076e-01  1.161192e-05
 6.249211e-01  1.169548e-05
 6.259345e-01  1.171708e-05
 6.269479e-01  1.167701e-05
 6.279613e-01  1.157593e-05
 6.289747e-01  1.141492e-05
 6.299882e-01  1.119542e-05
 6.310016e-01  1.091923e-05
 6.320150e-01  1.058852e-05
 6.330284e-01  1.020577e-05
 6.340418e-01  9.773798e-06
 6.350552e-01  9.295690e-06
 6.360687e-01  8.774817e-06
 6.370821e-01  8.214793e-06
 6.380955e-01  7.619452e-06
 6.391089e-01  6.992822e-06
 6.401223e-01  6.339099e-06
 6.411358e-01  5.662615e-06
 6.421492e-01  4.967815e-06
 6.431626e-01  4.259224e-06
 6.441760e-01  3.541421e-06
 6.451894e-01  2.819004e-06
 6.462028e-01  2.096568e-06
 6.472163e-01  1.378671e-06
 6.482297e-01  6.698029e-07
 6.492431e-01 -2.563440e-08
 6.502565e-01 -7.033622e-07
 6.512699e-01 -1.359249e-06
 6.522833e-01 -1.989336e-06
 6.532968e-01 -2.589860e-06
 6.543102e-01 -3.157281e-06
 6.553236e-01 -3.688297e-06
 6.563370e-01 -4.179868e-06
 6.573504e-01 -4.629232e-06
 6.583639e-01 -5.033920e-06
 6.593773e-01 -5.391772e-06
 6.603907e-01 -5.700945e-06
 6.614041e-01 -5.959922e-06
 6.624175e-01 -6.167521e-06
 6.634309e-01 -6.322898e-06
 6.644444e-01 -6.425551e-06
 6.654578e-01 -6.475316e-06
 6.664712e-01 -6.472372e-06
 6.674846e-01 -6.417229e-06
 6.684980e-01 -6.310730e-06
 6.695114e-01 -6.154037e-06
 6.705249e-01 -5.948624e-06
 6.715383e-01 -5.696264e-06
 6.725517e-01 -5.399018e-06
 6.735651e-01 -5.059214e-06
 6.745785e-01 -4.679438e-06
 6.755920e-01 -4.262509e-06
 6.766054e-01 -3.811460e-06
 6.776188e-01 -3.329522e-06
 6.786322e-01 -2.820095e-06
 6.796456e-01 -2.286729e-06
 6.806590e-01 -1.733098e-06
 6.816725e-01 -1.162976e-06
 6.826859e-01 -5.802101e-07
 6.836993e-01  1.130135e-08
 6.847127e-01  6.076384e-07
 6.857261e-01  1.204882e-06
 6.867395e-01  1.799141e-06
 6.877530e-01  2.386576e-06
 6.887664e-01  2.963422e-06
 6.897798e-01  3.526016e-06
 6.907932e-01  4.070814e-06
 6.918066e-01  4.594416e-06
 6.928201e-01  5.093587e-06
 6.938335e-01  5.565272e-06
 6.948469e-01  6.006622e-06
 6.958603e-01  6.415000e-06
 6.968737e-01  6.788005e-06
 6.978871e-01  7.123480e-06
 6.989006e-01  7.419529e-06
 6.999140e-01  7.674521e-06
 7.009274e-01  7.887103e-06
 7.019408e-01  8.056206e-06
 7.029542e-01  8.181048e-06
 7.039677e-01  8.261138e-06
 7.049811e-01  8.296276e-06
 7.059945e-01  8.286553e-06
 7.070079e-01  8.232347e-06
 7.080213e-01  8.134320e-06
 7.090347e-01  7.993409e-06
 7.100482e-01  7.810817e-06
 7.110616e-01  7.588008e-06
 7.120750e-01  7.326688e-06
 7.130884e-01  7.028800e-06
 7.141018e-01  6.696502e-06
 7.151152e-01  6.332156e-06
 7.161287e-01  5.938311e-06
 7.171421e-01  5.517684e-06
 7.181555e-01  5.073140e-06
 7.191689e-01  4.607675e-06
 7.201823e-01  4.124396e-06
 7.211958e-01  3.626497e-06
 7.222092e-01  3.117242e-06
 7.232226e-01  2.599939e-06
 7.242360e-01  2.077926e-06
 7.252494e-01  1.554539e-06
 7.262628e-01  1.033100e-06
 7.272763e-01  5.168907e-07
 7.282897e-01  9.132793e-09
 7.293031e-01 -4.870320e-07
 7.303165e-01 -9.685616e-07
 7.313299e-01 -1.432533e-06
 7.323433e-01 -1.876158e-06
 7.333568e-01 -2.296803e-06
 7.343702e-01 -2.692003e-06
 7.353836e-01 -3.059475e-06
 7.363970e-01 -3.397134e-06
 7.374104e-01 -3.703103e-06
 7.384239e-01 -3.975720e-06
 7.394373e-01 -4.213554e-06
 7.404507e-01 -4.415406e-06
 7.414641e-01 -4.580318e-06
 7.424775e-01 -4.707575e-06
 7.434909e-01 -4.796712e-06
 7.445044e-01 -4.847506e-06
 7.455178e-01 -4.859987e-06
 7.465312e-01 -4.834425e-06
 7.475446e-01 -4.771334e-06
 7.485580e-01 -4.671463e-06
 7.495714e-01 -4.535792e-06
 7.505849e-01 -4.365520e-06
 7.515983e-01 -4.162059e-06
 7.526117e-01 -3.927022e-06
 7.536251e-01 -3.662213e-06
 7.546385e-01 -3.369608e-06
 7.556520e-01 -3.051349e-06
 7.566654e-01 -2.709722e-06
 7.576788e-01 -2.347146e-06
 7.586922e-01 -1.966153e-06
 7.597056e-01 -1.569372e-06
 7.607190e-01 -1.159512e-06
 7.617325e-01 -7.393443e-07
 7.627459e-01 -3.116812e-07
 7.637593e-01  1.206388e-07
 7.647727e-01  5.547716e-07
 7.657861e-01  9.878846e-07
 7.667995e-01  1.417175e-06
 7.678130e-01  1.839889e-06
 7.688264e-01  2.253335e-06
 7.698398e-01  2.654906e-06
 7.708532e-01  3.042088e-06
 7.718666e-01  3.412486e-06
 7.728801e-01  3.763826e-06
 7.738935e-01  4.093979e-06
 7.749069e-01  4.400967e-06
 7.759203e-01  4.682977e-06
 7.769337e-01  4.938373e-06
 7.779471e-01  5.165700e-06
 7.789606e-01  5.363697e-06
 7.799740e-01  5.531301e-06
 7.809874e-01  5.667653e-06
 7.820008e-01  5.772102e-06
 7.830142e-01  5.844205e-06
 7.840277e-01  5.883734e-06
 7.850411e-01  5.890667e-06
 7.860545e-01  5.865196e-06
 7.870679e-01  5.807716e-06
 7.880813e-01  5.718825e-06
 7.890947e-01  5.599319e-06
 7.901082e-01  5.450182e-06
 7.911216e-01  5.272580e-06
 7.921350e-01  5.067854e-06
 7.931484e-01  4.837506e-06
 7.941618e-01  4.583190e-06
 7.951752e-01  4.306701e-06
 7.961887e-01  4.009961e-06
 7.972021e-01  3.695008e-06
 7.982155e-01  3.363978e-06
 7.992289e-01  3.019095e-06
 8.002423e-01  2.662651e-06
 8.012558e-01  2.296997e-06
 8.022692e-01  1.924522e-06
 8.032826e-01  1.547641e-06
 8.042960e-01  1.168774e-06
 8.053094e-01  7.903403e-07
 8.063228e-01  4.147317e-07
 8.073363e-01  4.430467e-08
 8.083497e-01 -3.186369e-07
 8.093631e-01 -6.718559e-07
 8.103765e-01 -1.013195e-06
 8.113899e-01 -1.340592e-06
 8.124033e-01 -1.652090e-06
 8.134168e-01 -1.945849e-06
 8.144302e-01 -2.220158e-06
 8.154436e-01 -2.473446e-06
 8.164570e-01 -2.704287e-06
 8.174704e-01 -2.911412e-06
 8.184839e-01 -3.093713e-06
 8.194973e-01 -3.250252e-06
 8.205107e-01 -3.380260e-06
 8.215241e-01 -3.483148e-06
 8.225375e-01 -3.558502e-06
 8.235509e-01 -3.606090e-06
 8.245644e-01 -3.625858e-06
 8.255778e-01 -3.617932e-06
 8.265912e-01 -3.582613e-06
 8.276046e-01 -3.520377e-06
 8.286180e-01 -3.431866e-06
 8.296314e-01 -3.317887e-06
 8.306449e-01 -3.179403e-06
 8.316583e-01 -3.017525e-06
 8.326717e-01 -2.833506e-06
 8.336851e-01 -2.628730e-06
 8.346985e-01 -2.404704e-06
 8.357120e-01 -2.163044e-06
 8.367254e-01 -1.905465e-06
 8.377388e-01 -1.633774e-06
 8.387522e-01 -1.349849e-06
 8.397656e-01 -1.055633e-06
 8.407790e-01 -7.531183e-07
 8.417925e-01 -4.443350e-07
 8.428059e-01 -1.313355e-07
 8.438193e-01  1.838171e-07
 8.448327e-01  4.990632e-07
 8.458461e-01  8.123593e-07
 8.468596e-01  1.121691e-06
 8.478730e-01  1.425086e-06
 8.488864e-01  1.720627e-06
 8.498998e-01  2.006460e-06
 8.509132e-01  2.280813e-06
 8.519266e-01  2.541998e-06
 8.529401e-01  2.788428e-06
 8.539535e-01  3.018621e-06
 8.549669e-01  3.231213e-06
 8.559803e-01  3.424965e-06
 8.569937e-01  3.598767e-06
 8.580071e-01  3.751647e-06
 8.590206e-01  3.882774e-06
 8.600340e-01  3.991467e-06
 8.610474e-01  4.077189e-06
 8.620608e-01  4.139559e-06
 8.630742e-01  4.178347e-06
 8.640877e-01  4.193478e-06
 8.651011e-01  4.185026e-06
 8.661145e-01  4.153218e-06
 8.671279e-01  4.098430e-06
 8.681413e-01  4.021178e-06
 8.691547e-01  3.922123e-06
 8.701682e-01  3.802058e-06
 8.711816e-01  3.661903e-06
 8.721950e-01  3.502701e-06
 8.732084e-01  3.325608e-06
 8.742218e-01  3.131887e-06
 8.752352e-01  2.922895e-06
 8.762487e-01  2.700077e-06
 8.772621e-01  2.464956e-06
 8.782755e-01  2.219119e-06
 8.792889e-01  1.964212e-06
 8.803023e-01  1.701922e-06
 8.813158e-01  1.433974e-06
 8.823292e-01  1.162112e-06
 8.833426e-01  8.880931e-07
 8.843560e-01  6.136721e-07
 8.853694e-01  3.405934e-07
 8.863828e-01  7.057831e-08
 8.873963e-01 -1.946854e-07
 8.884097e-01 -4.535541e-07
 8.894231e-01 -7.044384e-07
 8.904365e-01 -9.458131e-07
 8.914499e-01 -1.176226e-06
 8.924633e-01 -1.394308e-06
 8.934768e-01 -1.598778e-06
 8.944902e-01 -1.788455e-06
 8.955036e-01 -1.962259e-06
 8.965170e-01 -2.119225e-06
 8.975304e-01 -2.258499e-06
 8.985439e-01 -2.379350e-06
 8.995573e-01 -2.481170e-06
 9.005707e-01 -2.563478e-06
 9.015841e-01 -2.625923e-06
 9.025975e-01 -2.668282e-06
 9.036109e-01 -2.690464e-06
 9.046244e-01 -2.692506e-06
 9.056378e-01 -2.674577e-06
 9.066512e-01 -2.636969e-06
 9.076646e-01 -2.580101e-06
 9.086780e-01 -2.504508e-06
 9.096915e-01 -2.410845e-06
 9.107049e-01 -2.299874e-06
 9.117183e-01 -2.172462e-06
 9.127317e-01 -2.029577e-06
 9.137451e-01 -1.872274e-06
 9.147585e-01 -1.701695e-06
 9.157720e-01 -1.519057e-06
 9.167854e-01 -1.325642e-06
 9.177988e-01 -1.122794e-06
 9.188122e-01 -9.119038e-07
 9.198256e-01 -6.944031e-07
 9.208390e-01 -4.717544e-07
 9.218525e-01 -2.454410e-07
 9.228659e-01 -1.695751e-08
 9.238793e-01  2.121998e-07
 9.248927e-01  4.405424e-07
 9.259061e-01  6.665997e-07
 9.269196e-01  8.889274e-07
 9.279330e-01  1.106117e-06
 9.289464e-01  1.316805e-06
 9.299598e-01  1.519680e-06
 9.309732e-01  1.713491e-06
 9.319866e-01  1.897058e-06
 9.330001e-01  2.069273e-06
 9.340135e-01  2.229112e-06
 9.350269e-01  2.375638e-06
 9.360403e-01  2.508008e-06
 9.370537e-01  2.625475e-06
 9.380671e-01  2.727394e-06
 9.390806e-01  2.813227e-06
 9.400940e-01  2.882542e-06
 9.411074e-01  2.935015e-06
 9.421208e-01  2.970436e-06
 9.431342e-01  2.988703e-06
 9.441477e-01  2.989827e-06
 9.451611e-01  2.973928e-06
 9.461745e-01  2.941233e-06
 9.471879e-01  2.892077e-06
 9.482013e-01  2.826897e-06
 9.492147e-01  2.746229e-06
 9.502282e-01  2.650703e-06
 9.512416e-01  2.541041e-06
 9.522550e-01  2.418049e-06
 9.532684e-01  2.282611e-06
 9.542818e-01  2.135685e-06
 9.552952e-01  1.978295e-06
 9.563087e-01  1.811522e-06
 9.573221e-01  1.636501e-06
 9.583355e-01  1.454407e-06
 9.593489e-01  1.266456e-06
 9.603623e-01  1.073886e-06
 9.613758e-01  8.779584e-07
 9.623892e-01  6.799449e-07
 9.634026e-01  4.811199e-07
 9.644160e-01  2.827530e-07
 9.654294e-01  8.610036e-08
 9.664428e-01 -1.076028e-07
 9.674563e-01 -2.971503e-07
 9.684697e-01 -4.813725e-07
 9.694831e-01 -6.591431e-07
 9.704965e-01 -8.293866e-07
 9.715099e-01 -9.910840e-07
 9.725234e-01 -1.143280e-06
 9.735368e-01 -1.285086e-06
 9.745502e-01 -1.415691e-06
 9.755636e-01 -1.534358e-06
 9.765770e-01 -1.640435e-06
 9.775904e-01 -1.733356e-06
 9.786039e-01 -1.812642e-06
 9.796173e-01 -1.877907e-06
 9.806307e-01 -1.928858e-06
 9.816441e-01 -1.965295e-06
 9.826575e-01 -1.987113e-06
 9.836709e-01 -1.994301e-06
 9.846844e-01 -1.986944e-06
 9.856978e-01 -1.965216e-06
 9.867112e-01 -1.929384e-06
 9.877246e-01 -1.879803e-06
 9.887380e-01 -1.816912e-06
 9.897515e-01 -1.741233e-06
 9.907649e-01 -1.653365e-06
 9.917783e-01 -1.553980e-06
 9.927917e-01 -1.443818e-06
 9.938051e-01 -1.323684e-06
 9.948185e-01 -1.194437e-06
 9.958320e-01 -1.056990e-06
 9.968454e-01 -9.122992e-07
 9.978588e-01 -7.613613e-07
 9.988722e-01 -6.052033e-07
 9.998856e-01 -4.448779e-07
 1.000899e+00 -2.814556e-07
 1.001912e+00 -1.160182e-07
 1.002926e+00  5.034866e-08
 1.003939e+00  2.165621e-07
 1.004953e+00  3.815493e-07
 1.005966e+00  5.442541e-07
 1.006980e+00  7.036435e-07
 1.007993e+00  8.587140e-07
 1.009006e+00  1.008499e-06
 1.010020e+00  1.152072e-06
 1.011033e+00  1.288555e-06
 1.012047e+00  1.417124e-06
 1.013060e+00  1.537009e-06
 1.014073e+00  1.647506e-06
 1.015087e+00  1.747974e-06
 1.016100e+00  1.837842e-06
 1.017114e+00  1.916613e-06
 1.018127e+00  1.983865e-06
 1.019141e+00  2.039251e-06
 1.020154e+00  2.082507e-06
 1.021167e+00  2.113444e-06
 1.022181e+00  2.131958e-06
 1.023194e+00  2.138022e-06
 1.024208e+00  2.131693e-06
 1.025221e+00  2.113102e-06
 1.026234e+00  2.082463e-06
 1.027248e+00  2.040060e-06
 1.028261e+00  1.986255e-06
 1.029275e+00  1.921477e-06
 1.030288e+00  1.846223e-06
 1.031302e+00  1.761053e-06
 1.032315e+00  1.666587e-06
 1.033328e+00  1.563497e-06
 1.034342e+00  1.452508e-06
 1.035355e+00  1.334387e-06
 1.036369e+00  1.209943e-06
 1.037382e+00  1.080017e-06
 1.038396e+00  9.454787e-07
 1.039409e+00  8.072209e-07
 1.040422e+00  6.661528e-07
 1.041436e+00  5.231940e-07
 1.042449e+00  3.792689e-07
 1.043463e+00  2.353007e-07
 1.044476e+00  9.220517e-08
 1.045489e+00 -4.911480e-08
 1.046503e+00 -1.877751e-07
 1.047516e+00 -3.229157e-07
 1.048530e+00 -4.537064e-07
 1.049543e+00 -5.793511e-07
 1.050557e+00 -6.990936e-07
 1.051570e+00 -8.122214e-07
 1.052583e+00 -9.180703e-07
 1.053597e+00 -1.016028e-06
 1.054610e+00 -1.105538e-06
 1.055624e+00 -1.186102e-06
 1.056637e+00 -1.257283e-06
 1.057650e+00 -1.318709e-06
 1.058664e+00 -1.370071e-06
 1.059677e+00 -1.411130e-06
 1.060691e+00 -1.441712e-06
 1.061704e+00 -1.461714e-06
 1.062718e+00 -1.471099e-06
 1.063731e+00 -1.469902e-06
 1.064744e+00 -1.458222e-06
 1.065758e+00 -1.436225e-06
 1.066771e+00 -1.404143e-06
 1.067785e+00 -1.362271e-06
 1.068798e+00 -1.310963e-06
 1.069811e+00 -1.250629e-06
 1.070825e+00 -1.181738e-06
 1.071838e+00 -1.104806e-06
 1.072852e+00 -1.020398e-06
 1.073865e+00 -9.291219e-07
 1.074879e+00 -8.316245e-07
 1.075892e+00 -7.285873e-07
 1.076905e+00 -6.207217e-07
 1.077919e+00 -5.087643e-07
 1.078932e+00 -3.934718e-07
 1.079946e+00 -2.756161e-07
 1.080959e+00 -1.559791e-07
 1.081972e+00 -3.534770e-08
 1.082986e+00  8.549111e-08
 1.083999e+00  2.057556e-07
 1.085013e+00  3.246741e-07
 1.086026e+00  4.414899e-07
 1.087040e+00  5.554659e-07
 1.088053e+00  6.658893e-07
 1.089066e+00  7.720760e-07
 1.090080e+00  8.733746e-07
 1.091093e+00  9.691703e-07
 1.092107e+00  1.058889e-06
 1.093120e+00  1.141999e-06
 1.094133e+00  1.218017e-06
 1.095147e+00  1.286508e-06
 1.096160e+00  1.347090e-06
 1.097174e+00  1.399433e-06
 1.098187e+00  1.443264e-06
 1.099201e+00  1.478367e-06
 1.100214e+00  1.504581e-06
 1.101227e+00  1.521808e-06
 1.102241e+00  1.530004e-06
 1.103254e+00  1.529186e-06
 1.104268e+00  1.519427e-06
 1.105281e+00  1.500859e-06
 1.106294e+00  1.473665e-06
 1.107308e+00  1.438088e-06
 1.108321e+00  1.394417e-06
 1.109335e+00  1.342994e-06
 1.110348e+00  1.284207e-06
 1.111362e+00  1.218488e-06
 1.112375e+00  1.146310e-06
 1.113388e+00  1.068182e-06
 1.114402e+00  9.846508e-07
 1.115415e+00  8.962897e-07
 1.116429e+00  8.036999e-07
 1.117442e+00  7.075048e-07
 1.118456e+00  6.083454e-07
 1.119469e+00  5.068769e-07
 1.120482e+00  4.037639e-07
 1.121496e+00  2.996759e-07
 1.122509e+00  1.952836e-07
 1.123523e+00  9.125383e-08
 1.124536e+00 -1.175410e-08
 1.125549e+00 -1.130928e-07
 1.126563e+00 -2.121310e-07
 1.127576e+00 -3.082569e-07
 1.128590e+00 -4.008827e-07
 1.129603e+00 -4.894478e-07
 1.130617e+00 -5.734219e-07
 1.131630e+00 -6.523086e-07
 1.132643e+00 -7.256482e-07
 1.133657e+00 -7.930200e-07
 1.134670e+00 -8.540453e-07
 1.135684e+00 -9.083889e-07
 1.136697e+00 -9.557612e-07
 1.137710e+00 -9.959196e-07
 1.138724e+00 -1.028670e-06
 1.139737e+00 -1.053866e-06
 1.140751e+00 -1.071413e-06
 1.141764e+00 -1.081265e-06
 1.142778e+00 -1.083424e-06
 1.143791e+00 -1.077945e-06
 1.144804e+00 -1.064928e-06
 1.145818e+00 -1.044523e-06
 1.146831e+00 -1.016924e-06
 1.147845e+00 -9.823704e-07
 1.148858e+00 -9.411448e-07
 1.149871e+00 -8.935695e-07
 1.150885e+00 -8.400050e-07
 1.151898e+00 -7.808472e-07
 1.152912e+00 -7.165247e-07
 1.153925e+00 -6.474955e-07
 1.154939e+00 -5.742443e-07
 1.155952e+00 -4.972785e-07
 1.156965e+00 -4.171256e-07
 1.157979e+00 -3.343287e-07
 1.158992e+00 -2.494439e-07
 1.160006e+00 -1.630356e-07
 1.161019e+00 -7.567372e-08
 1.162032e+00  1.207047e-08
 1.163046e+00  9.962793e-08
 1.164059e+00  1.864355e-07
 1.165073e+00  2.719396e-07
 1.166086e+00  3.555992e-07
 1.167100e+00  4.368898e-07
 1.168113e+00  5.153062e-07
 1.169126e+00  5.903660e-07
 1.170140e+00  6.616119e-07
 1.171153e+00  7.286152e-07
 1.172167e+00  7.909777e-07
 1.173180e+00  8.483341e-07
 1.174193e+00  9.003544e-07
 1.175207e+00  9.467454e-07
 1.176220e+00  9.872523e-07
 1.177234e+00  1.021660e-06
 1.178247e+00  1.049795e-06
 1.179261e+00  1.071525e-06
 1.180274e+00  1.086759e-06
 1.181287e+00  1.095450e-06
 1.182301e+00  1.097591e-06
 1.183314e+00  1.093221e-06
 1.184328e+00  1.082415e-06
 1.185341e+00  1.065294e-06
 1.186354e+00  1.042015e-06
 1.187368e+00  1.012774e-06
 1.188381e+00  9.778052e-07
 1.189395e+00  9.373753e-07
 1.190408e+00  8.917851e-07
 1.191422e+00  8.413660e-07
 1.192435e+00  7.864773e-07
 1.193448e+00  7.275045e-07
 1.194462e+00  6.648556e-07
 1.195475e+00  5.989592e-07
 1.196489e+00  5.302612e-07
 1.197502e+00  4.592217e-07
 1.198516e+00  3.863122e-07
 1.199529e+00  3.120123e-07
 1.200542e+00  2.368067e-07
 1.201556e+00  1.611818e-07
 1.202569e+00  8.562291e-08
 1.203583e+00  1.061080e-08
 1.204596e+00 -6.338100e-08
 1.205609e+00 -1.358894e-07
 1.206623e+00 -2.064647e-07
 1.207636e+00 -2.746730e-07
 1.208650e+00 -3.400994e-07
 1.209663e+00 -4.023499e-07
 1.210677e+00 -4.610541e-07
 1.211690e+00 -5.158676e-07
 1.212703e+00 -5.664733e-07
 1.213717e+00 -6.125841e-07
 1.214730e+00 -6.539437e-07
 1.215744e+00 -6.903285e-07
 1.216757e+00 -7.215484e-07
 1.217770e+00 -7.474480e-07
 1.218784e+00 -7.679075e-07
 1.219797e+00 -7.828427e-07
 1.220811e+00 -7.922054e-07
 1.221824e+00 -7.959836e-07
 1.222838e+00 -7.942012e-07
 1.223851e+00 -7.869174e-07
 1.224864e+00 -7.742264e-07
 1.225878e+00 -7.562561e-07
 1.226891e+00 -7.331671e-07
 1.227905e+00 -7.051516e-07
 1.228918e+00 -6.724318e-07
 1.229931e+00 -6.352582e-07
 1.230945e+00 -5.939077e-07
 1.231958e+00 -5.486818e-07
 1.232972e+00 -4.999043e-07
 1.233985e+00 -4.479192e-07
 1.234999e+00 -3.930882e-07
 1.236012e+00 -3.357882e-07
 1.237025e+00 -2.764088e-07
 1.238039e+00 -2.153499e-07
 1.239052e+00 -1.530188e-07
 1.240066e+00 -8.982766e-08
 1.241079e+00 -2.619069e-08
 1.242092e+00  3.747839e-08
 1.243106e+00  1.007690e-07
 1.244119e+00  1.632765e-07
 1.245133e+00  2.246043e-07
 1.246146e+00  2.843669e-07
 1.247160e+00  3.421918e-07
 1.248173e+00  3.977221e-07
 1.249186e+00  4.506185e-07
 1.250200e+00  5.005612e-07
 1.251213e+00  5.472523e-07
 1.252227e+00  5.904167e-07
 1.253240e+00  6.298046e-07
 1.254253e+00  6.651923e-07
 1.255267e+00  6.963834e-07
 1.256280e+00  7.232102e-07
 1.257294e+00  7.455344e-07
 1.258307e+00  7.632474e-07
 1.259321e+00  7.762715e-07
 1.260334e+00  7.845593e-07
 1.261347e+00  7.880943e-07
 1.262361e+00  7.868906e-07
 1.263374e+00  7.809926e-07
 1.264388e+00  7.704744e-07
 1.265401e+00  7.554391e-07
 1.266414e+00  7.360180e-07
 1.267428e+00  7.123693e-07
 1.268441e+00  6.846771e-07
 1.269455e+00  6.531499e-07
 1.270468e+00  6.180192e-07
 1.271482e+00  5.795376e-07
 1.272495e+00  5.379771e-07
 1.273508e+00  4.936274e-07
 1.274522e+00  4.467934e-07
 1.275535e+00  3.977938e-07
 1.276549e+00  3.469584e-07
 1.277562e+00  2.946261e-07
 1.278576e+00  2.411427e-07
 1.279589e+00  1.868585e-07
 1.280602e+00  1.321260e-07
 1.281616e+00  7.729802e-08
 1.282629e+00  2.272483e-08
 1.283643e+00 -3.124768e-08
 1.284656e+00 -8.428029e-08
 1.285669e+00 -1.360425e-07
 1.286683e+00 -1.862148e-07
 1.287696e+00 -2.344903e-07
 1.288710e+00 -2.805768e-07
 1.289723e+00 -3.241985e-07
 1.290737e+00 -3.650977e-07
 1.291750e+00 -4.030361e-07
 1.292763e+00 -4.377966e-07
 1.293777e+00 -4.691838e-07
 1.294790e+00 -4.970258e-07
 1.295804e+00 -5.211748e-07
 1.296817e+00 -5.415078e-07
 1.297830e+00 -5.579272e-07
 1.298844e+00 -5.703614e-07
 1.299857e+00 -5.787647e-07
 1.300871e+00 -5.831178e-07
 1.301884e+00 -5.834275e-07
 1.302898e+00 -5.797263e-07
 1.303911e+00 -5.720723e-07
 1.304924e+00 -5.605483e-07
 1.305938e+00 -5.452612e-07
 1.306951e+00 -5.263414e-07
 1.307965e+00 -5.039412e-07
 1.308978e+00 -4.782340e-07
 1.309991e+00 -4.494133e-07
 1.311005e+00 -4.176905e-07
 1.312018e+00 -3.832941e-07
 1.313032e+00 -3.464679e-07
 1.314045e+00 -3.074692e-07
 1.315059e+00 -2.665671e-07
 1.316072e+00 -2.240407e-07
 1.317085e+00 -1.801774e-07
 1.318099e+00 -1.352705e-07
 1.319112e+00 -8.961779e-08
 1.320126e+00 -4.351940e-08
 1.321139e+00  2.724207e-09
 1.322152e+00  4.881407e-08
 1.323166e+00  9.445463e-08
 1.324179e+00  1.393557e-07
 1.325193e+00  1.832341e-07
 1.326206e+00  2.258156e-07
 1.327220e+00  2.668365e-07
 1.328233e+00  3.060453e-07
 1.329246e+00  3.432042e-07
 1.330260e+00  3.780903e-07
 1.331273e+00  4.104972e-07
 1.332287e+00  4.402363e-07
 1.333300e+00  4.671372e-07
 1.334313e+00  4.910495e-07
 1.335327e+00  5.118430e-07
 1.336340e+00  5.294085e-07
 1.337354e+00  5.436584e-07
 1.338367e+00  5.545273e-07
 1.339381e+00  5.619717e-07
 1.340394e+00  5.659706e-07
 1.341407e+00  5.665252e-07
 1.342421e+00  5.636588e-07
 1.343434e+00  5.574164e-07
 1.344448e+00  5.478642e-07
 1.345461e+00  5.350893e-07
 1.346474e+00  5.191986e-07
 1.347488e+00  5.003181e-07
 1.348501e+00  4.785919e-07
 1.349515e+00  4.541814e-07
 1.350528e+00  4.272636e-07
 1.351542e+00  3.980303e-07
 1.352555e+00  3.666865e-07
 1.353568e+00  3.334491e-07
 1.354582e+00  2.985455e-07
 1.355595e+00  2.622117e-07
 1.356609e+00  2.246910e-07
 1.357622e+00  1.862325e-07
 1.358636e+00  1.470891e-07
 1.359649e+00  1.075161e-07
 1.360662e+00  6.776957e-08
 1.361676e+00  2.810440e-08
 1.362689e+00 -1.122696e-08
 1.363703e+00 -4.997629e-08
 1.364716e+00 -8.790111e-08
 1.365729e+00 -1.247662e-07
 1.366743e+00 -1.603450e-07
 1.367756e+00 -1.944211e-07
 1.368770e+00 -2.267896e-07
 1.369783e+00 -2.572579e-07
 1.370797e+00 -2.856473e-07
 1.371810e+00 -3.117940e-07
 1.372823e+00 -3.355497e-07
 1.373837e+00 -3.567828e-07
 1.374850e+00 -3.753787e-07
 1.375864e+00 -3.912409e-07
 1.376877e+00 -4.042910e-07
 1.377890e+00 -4.144694e-07
 1.378904e+00 -4.217353e-07
 1.379917e+00 -4.260669e-07
 1.380931e+00 -4.274613e-07
 1.381944e+00 -4.259347e-07
 1.382958e+00 -4.215215e-07
 1.383971e+00 -4.142747e-07
 1.384984e+00 -4.042648e-07
 1.385998e+00 -3.915794e-07
 1.387011e+00 -3.763226e-07
 1.388025e+00 -3.586141e-07
 1.389038e+00 -3.385885e-07
 1.390051e+00 -3.163938e-07
 1.391065e+00 -2.921910e-07
 1.392078e+00 -2.661526e-07
 1.393092e+00 -2.384612e-07
 1.394105e+00 -2.093087e-07
 1.395119e+00 -1.788950e-07
 1.396132e+00 -1.474260e-07
 1.397145e+00 -1.151130e-07
 1.398159e+00 -8.217079e-08
 1.399172e+00 -4.881663e-08
 1.400186e+00 -1.526848e-08
 1.401199e+00  1.825615e-08
 1.402212e+00  5.154172e-08
 1.403226e+00  8.437598e-08
 1.404239e+00  1.165513e-07
 1.405253e+00  1.478660e-07
 1.406266e+00  1.781255e-07
 1.407280e+00  2.071437e-07
 1.408293e+00  2.347438e-07
 1.409306e+00  2.607597e-07
 1.410320e+00  2.850367e-07
 1.411333e+00  3.074325e-07
 1.412347e+00  3.278182e-07
 1.413360e+00  3.460787e-07
 1.414373e+00  3.621134e-07
 1.415387e+00  3.758368e-07
 1.416400e+00  3.871792e-07
 1.417414e+00  3.960863e-07
 1.418427e+00  4.025203e-07
 1.419441e+00  4.064591e-07
 1.420454e+00  4.078971e-07
 1.421467e+00  4.068446e-07
 1.422481e+00  4.033281e-07
 1.423494e+00  3.973892e-07
 1.424508e+00  3.890850e-07
 1.425521e+00  3.784873e-07
 1.426534e+00  3.656820e-07
 1.427548e+00  3.507682e-07
 1.428561e+00  3.338580e-07
 1.429575e+00  3.150753e-07
 1.430588e+00  2.945551e-07
 1.431602e+00  2.724421e-07
 1.432615e+00  2.488905e-07
 1.433628e+00  2.240620e-07
 1.434642e+00  1.981255e-07
 1.435655e+00  1.712556e-07
 1.436669e+00  1.436312e-07
 1.437682e+00  1.154349e-07
 1.438696e+00  8.685137e-08
 1.439709e+00  5.806611e-08
 1.440722e+00  2.926458e-08
 1.441736e+00  6.307798e-10
 1.442749e+00 -2.765385e-08
 1.443763e+00 -5.541160e-08
 1.444776e+00 -8.246956e-08
 1.445789e+00 -1.086608e-07
 1.446803e+00 -1.338251e-07
 1.447816e+00 -1.578103e-07
 1.448830e+00 -1.804731e-07
 1.449843e+00 -2.016795e-07
 1.450857e+00 -2.213064e-07
 1.451870e+00 -2.392414e-07
 1.452883e+00 -2.553841e-07
 1.453897e+00 -2.696462e-07
 1.454910e+00 -2.819525e-07
 1.455924e+00 -2.922406e-07
 1.456937e+00 -3.004617e-07
 1.457950e+00 -3.065807e-07
 1.458964e+00 -3.105761e-07
 1.459977e+00 -3.124402e-07
 1.460991e+00 -3.121792e-07
 1.462004e+00 -3.098126e-07
 1.463018e+00 -3.053735e-07
 1.464031e+00 -2.989078e-07
 1.465044e+00 -2.904741e-07
 1.466058e+00 -2.801431e-07
 1.467071e+00 -2.679971e-07
 1.468085e+00 -2.541294e-07
 1.469098e+00 -2.386435e-07
 1.470111e+00 -2.216524e-07
 1.471125e+00 -2.032779e-07
 1.472138e+00 -1.836497e-07
 1.473152e+00 -1.629042e-07
 1.474165e+00 -1.411843e-07
 1.475179e+00 -1.186376e-07
 1.476192e+00 -9.541599e-08
 1.477205e+00 -7.167428e-08
 1.478219e+00 -4.756948e-08
 1.479232e+00 -2.325961e-08
 1.480246e+00  1.097310e-09
 1.481259e+00  2.534423e-08
 1.482272e+00  4.932609e-08
 1.483286e+00  7.289082e-08
 1.484299e+00  9.589023e-08
 1.485313e+00  1.181810e-07
 1.486326e+00  1.396255e-07
 1.487340e+00  1.600926e-07
 1.488353e+00  1.794587e-07
 1.489366e+00  1.976080e-07
 1.490380e+00  2.144337e-07
 1.491393e+00  2.298381e-07
 1.492407e+00  2.437337e-07
 1.493420e+00  2.560430e-07
 1.494433e+00  2.666997e-07
 1.495447e+00  2.756485e-07
 1.496460e+00  2.828454e-07
 1.497474e+00  2.882579e-07
 1.498487e+00  2.918656e-07
 1.499501e+00  2.936595e-07
 1.500514e+00  2.936424e-07
 1.501527e+00  2.918287e-07
 1.502541e+00  2.882441e-07
 1.503554e+00  2.829255e-07
 1.504568e+00  2.759208e-07
 1.505581e+00  2.672880e-07
 1.506594e+00  2.570953e-07
 1.507608e+00  2.454202e-07
 1.508621e+00  2.323492e-07
 1.509635e+00  2.179769e-07
 1.510648e+00  2.024056e-07
 1.511662e+00  1.857444e-07
 1.512675e+00  1.681085e-07
 1.513688e+00  1.496183e-07
 1.514702e+00  1.303990e-07
 1.515715e+00  1.105790e-07
 1.516729e+00  9.029001e-08
 1.517742e+00  6.966526e-08
 1.518756e+00  4.883926e-08
 1.519769e+00  2.794667e-08
 1.520782e+00  7.121485e-09
 1.521796e+00 -1.350384e-08
 1.522809e+00 -3.379920e-08
 1.523823e+00 -5.363766e-08
 1.524836e+00 -7.289624e-08
 1.525849e+00 -9.145670e-08
 1.526863e+00 -1.092062e-07
 1.527876e+00 -1.260380e-07
 1.528890e+00 -1.418523e-07
 1.529903e+00 -1.565562e-07
 1.530917e+00 -1.700653e-07
 1.531930e+00 -1.823029e-07
 1.532943e+00 -1.932014e-07
 1.533957e+00 -2.027025e-07
 1.534970e+00 -2.107569e-07
 1.535984e+00 -2.173252e-07
 1.536997e+00 -2.223780e-07
 1.538010e+00 -2.258956e-07
 1.539024e+00 -2.278684e-07
 1.540037e+00 -2.282966e-07
 1.541051e+00 -2.271907e-07
 1.542064e+00 -2.245706e-07
 1.543078e+00 -2.204658e-07
 1.544091e+00 -2.149151e-07
 1.545104e+00 -2.079663e-07
 1.546118e+00 -1.996757e-07
 1.547131e+00 -1.901077e-07
 1.548145e+00 -1.793346e-07
 1.549158e+00 -1.674355e-07
 1.550171e+00 -1.544962e-07
 1.551185e+00 -1.406086e-07
 1.552198e+00 -1.258698e-07
 1.553212e+00 -1.103814e-07
 1.554225e+00 -9.424938e-08
 1.555239e+00 -7.758257e-08
 1.556252e+00 -6.049258e-08
 1.557265e+00 -4.309274e-08
 1.558279e+00 -2.549744e-08
 1.559292e+00 -7.821395e-09
 1.560306e+00  9.821101e-09
 1.561319e+00  2.731690e-08
 1.562332e+00  4.455471e-08
 1.563346e+00  6.142582e-08
 1.564359e+00  7.782476e-08
 1.565373e+00  9.364994e-08
 1.566386e+00  1.088043e-07
 1.567400e+00  1.231958e-07
 1.568413e+00  1.367381e-07
 1.569426e+00  1.493510e-07
 1.570440e+00  1.609609e-07
 1.571453e+00  1.715013e-07
 1.572467e+00  1.809130e-07
 1.573480e+00  1.891446e-07
 1.574493e+00  1.961526e-07
 1.575507e+00  2.019018e-07
 1.576520e+00  2.063652e-07
 1.577534e+00  2.095244e-07
 1.578547e+00  2.113695e-07
 1.579561e+00  2.118991e-07
 1.580574e+00  2.111201e-07
 1.581587e+00  2.090480e-07
 1.582601e+00  2.057062e-07
 1.583614e+00  2.011262e-07
 1.584628e+00  1.953471e-07
 1.585641e+00  1.884155e-07
 1.586654e+00  1.803849e-07
 1.587668e+00  1.713153e-07
 1.588681e+00  1.612732e-07
 1.589695e+00  1.503304e-07
 1.590708e+00  1.385642e-07
 1.591722e+00  1.260563e-07
 1.592735e+00  1.128927e-07
 1.593748e+00  9.916289e-08
 1.594762e+00  8.495905e-08
 1.595775e+00  7.037583e-08
 1.596789e+00  5.550949e-08
 1.597802e+00  4.045734e-08
 1.598816e+00  2.531708e-08
 1.599829e+00  1.018615e-08
 1.600842e+00 -4.838825e-09
 1.601856e+00 -1.966271e-08
 1.602869e+00 -3.419241e-08
 1.603883e+00 -4.833749e-08
 1.604896e+00 -6.201071e-08
 1.605909e+00 -7.512857e-08
 1.606923e+00 -8.761180e-08
 1.607936e+00 -9.938586e-08
 1.608950e+00 -1.103813e-07
 1.609963e+00 -1.205344e-07
 1.610977e+00 -1.297870e-07
 1.611990e+00 -1.380877e-07
 1.613003e+00 -1.453911e-07
 1.614017e+00 -1.516588e-07
 1.615030e+00 -1.568595e-07
 1.616044e+00 -1.609687e-07
 1.617057e+00 -1.639693e-07
 1.618070e+00 -1.658514e-07
 1.619084e+00 -1.666121e-07
 1.620097e+00 -1.662562e-07
 1.621111e+00 -1.647952e-07
 1.622124e+00 -1.622477e-07
 1.623138e+00 -1.586391e-07
 1.624151e+00 -1.540016e-07
 1.625164e+00 -1.483734e-07
 1.626178e+00 -1.417990e-07
 1.627191e+00 -1.343285e-07
 1.628205e+00 -1.260172e-07
 1.629218e+00 -1.169255e-07
 1.630231e+00 -1.071183e-07
 1.631245e+00 -9.666457e-08
 1.632258e+00 -8.563675e-08
 1.633272e+00 -7.411045e-08
 1.634285e+00 -6.216383e-08
 1.635299e+00 -4.987711e-08
 1.636312e+00 -3.733204e-08
 1.637325e+00 -2.461135e-08
 1.638339e+00 -1.179822e-08
 1.639352e+00  1.024257e-09
 1.640366e+00  1.377360e-08
 1.641379e+00  2.636847e-08
 1.642392e+00  3.872921e-08
 1.643406e+00  5.077828e-08
 1.644419e+00  6.244078e-08
 1.645433e+00  7.364492e-08
 1.646446e+00  8.432240e-08
 1.647460e+00  9.440889e-08
 1.648473e+00  1.038443e-07
 1.649486e+00  1.125734e-07
 1.650500e+00  1.205457e-07
 1.651513e+00  1.277160e-07
 1.652527e+00  1.340448e-07
 1.653540e+00  1.394981e-07
 1.654553e+00  1.440480e-07
 1.655567e+00  1.476724e-07
 1.656580e+00  1.503555e-07
 1.657594e+00  1.520875e-07
 1.658607e+00  1.528650e-07
 1.659621e+00  1.526904e-07
 1.660634e+00  1.515725e-07
 1.661647e+00  1.495260e-07
 1.662661e+00  1.465712e-07
 1.663674e+00  1.427345e-07
 1.664688e+00  1.380474e-07
 1.665701e+00  1.325466e-07
 1.666715e+00  1.262738e-07
 1.667728e+00  1.192754e-07
 1.668741e+00  1.116020e-07
 1.669755e+00  1.033079e-07
 1.670768e+00  9.445137e-08
 1.671782e+00  8.509341e-08
 1.672795e+00  7.529794e-08
 1.673808e+00  6.513113e-08
 1.674822e+00  5.466096e-08
 1.675835e+00  4.395684e-08
 1.676849e+00  3.308909e-08
 1.677862e+00  2.212850e-08
 1.678876e+00  1.114591e-08
 1.679889e+00  2.116959e-10
 1.680902e+00 -1.060464e-08
 1.681916e+00 -2.123492e-08
 1.682929e+00 -3.161270e-08
 1.683943e+00 -4.167372e-08
 1.684956e+00 -5.135626e-08
 1.685969e+00 -6.060151e-08
 1.686983e+00 -6.935398e-08
 1.687996e+00 -7.756175e-08
 1.689010e+00 -8.517683e-08
 1.690023e+00 -9.215544e-08
 1.691037e+00 -9.845819e-08
 1.692050e+00 -1.040504e-07
 1.693063e+00 -1.089022e-07
 1.694077e+00 -1.129886e-07
 1.695090e+00 -1.162899e-07
 1.696104e+00 -1.187915e-07
 1.697117e+00 -1.204841e-07
 1.698130e+00 -1.213635e-07
 1.699144e+00 -1.214309e-07
 1.700157e+00 -1.206928e-07
 1.701171e+00 -1.191604e-07
 1.702184e+00 -1.168503e-07
 1.703198e+00 -1.137838e-07
 1.704211e+00 -1.099869e-07
 1.705224e+00 -1.054899e-07
 1.706238e+00 -1.003277e-07
 1.707251e+00 -9.453881e-08
 1.708265e+00 -8.816563e-08
 1.709278e+00 -8.125392e-08
 1.710291e+00 -7.385251e-08
 1.711305e+00 -6.601299e-08
 1.712318e+00 -5.778931e-08
 1.713332e+00 -4.923747e-08
 1.714345e+00 -4.041507e-08
 1.715359e+00 -3.138103e-08
 1.716372e+00 -2.219509e-08
 1.717385e+00 -1.291753e-08
 1.718399e+00 -3.608680e-09
 1.719412e+00  5.671403e-09
 1.720426e+00  1.486334e-08
 1.721439e+00  2.390881e-08
 1.722452e+00  3.275089e-08
 1.723466e+00  4.133443e-08
 1.724479e+00  4.960639e-08
 1.725493e+00  5.751618e-08
 1.726506e+00  6.501592e-08
 1.727520e+00  7.206075e-08
 1.728533e+00  7.860910e-08
 1.729546e+00  8.462292e-08
 1.730560e+00  9.006790e-08
 1.731573e+00  9.491365e-08
 1.732587e+00  9.913388e-08
 1.733600e+00  1.027065e-07
 1.734613e+00  1.056138e-07
 1.735627e+00  1.078424e-07
 1.736640e+00  1.093834e-07
 1.737654e+00  1.102325e-07
 1.738667e+00  1.103897e-07
 1.739681e+00  1.098596e-07
 1.740694e+00  1.086509e-07
 1.741707e+00  1.067770e-07
 1.742721e+00  1.042550e-07
 1.743734e+00  1.011063e-07
 1.744748e+00  9.735610e-08
 1.745761e+00  9.303318e-08
 1.746775e+00  8.816982e-08
 1.747788e+00  8.280146e-08
 1.748801e+00  7.696651e-08
 1.749815e+00  7.070604e-08
 1.750828e+00  6.406354e-08
 1.751842e+00  5.708456e-08
 1.752855e+00  4.981647e-08
 1.753868e+00  4.230809e-08
 1.754882e+00  3.460937e-08
 1.755895e+00  2.677109e-08
 1.756909e+00  1.884451e-08
 1.757922e+00  1.088104e-08
 1.758936e+00  2.931896e-09
 1.759949e+00 -4.952201e-09
 1.760962e+00 -1.272137e-08
 1.761976e+00 -2.032687e-08
 1.762989e+00 -2.772140e-08
 1.764003e+00 -3.485941e-08
 1.765016e+00 -4.169735e-08
 1.766029e+00 -4.819396e-08
 1.767043e+00 -5.431048e-08
 1.768056e+00 -6.001094e-08
 1.769070e+00 -6.526230e-08
 1.770083e+00 -7.003466e-08
 1.771097e+00 -7.430147e-08
 1.772110e+00 -7.803960e-08
 1.773123e+00 -8.122951e-08
 1.774137e+00 -8.385534e-08
 1.775150e+00 -8.590495e-08
 1.776164e+00 -8.737003e-08
 1.777177e+00 -8.824604e-08
 1.778190e+00 -8.853227e-08
 1.779204e+00 -8.823181e-08
 1.780217e+00 -8.735147e-08
 1.781231e+00 -8.590171e-08
 1.782244e+00 -8.389657e-08
 1.783258e+00 -8.135353e-08
 1.784271e+00 -7.829336e-08
 1.785284e+00 -7.474000e-08
 1.786298e+00 -7.072034e-08
 1.787311e+00 -6.626403e-08
 1.788325e+00 -6.140330e-08
 1.789338e+00 -5.617268e-08
 1.790351e+00 -5.060881e-08
 1.791365e+00 -4.475015e-08
 1.792378e+00 -3.863675e-08
 1.793392e+00 -3.230996e-08
 1.794405e+00 -2.581216e-08
 1.795419e+00 -1.918647e-08
 1.796432e+00 -1.247649e-08
 1.797445e+00 -5.726005e-09
 1.798459e+00  1.021313e-09
 1.799472e+00  7.722158e-09
 1.800486e+00  1.433387e-08
 1.801499e+00  2.081472e-08
 1.802512e+00  2.712416e-08
 1.803526e+00  3.322306e-08
 1.804539e+00  3.907396e-08
 1.805553e+00  4.464131e-08
 1.806566e+00  4.989165e-08
 1.807580e+00  5.479384e-08
 1.808593e+00  5.931922e-08
 1.809606e+00  6.344177e-08
 1.810620e+00  6.713828e-08
 1.811633e+00  7.038844e-08
 1.812647e+00  7.317500e-08
 1.813660e+00  7.548378e-08
 1.814673e+00  7.730381e-08
 1.815687e+00  7.862732e-08
 1.816700e+00  7.944982e-08
 1.817714e+00  7.977002e-08
 1.818727e+00  7.958991e-08
 1.819741e+00  7.891462e-08
 1.820754e+00  7.775246e-08
 1.821767e+00  7.611476e-08
 1.822781e+00  7.401582e-08
 1.823794e+00  7.147277e-08
 1.824808e+00  6.850545e-08
 1.825821e+00  6.513628e-08
 1.826835e+00  6.139003e-08
 1.827848e+00  5.729373e-08
 1.828861e+00  5.287640e-08
 1.829875e+00  4.816889e-08
 1.830888e+00  4.320367e-08
 1.831902e+00  3.801458e-08
 1.832915e+00  3.263663e-08
 1.833928e+00  2.710576e-08
 1.834942e+00  2.145858e-08
 1.835955e+00  1.573217e-08
 1.836969e+00  9.963793e-09
 1.837982e+00  4.190691e-09
 1.838996e+00 -1.550172e-09
 1.840009e+00 -7.222337e-09
 1.841022e+00 -1.279009e-08
 1.842036e+00 -1.821865e-08
 1.843049e+00 -2.347446e-08
 1.844063e+00 -2.852529e-08
 1.845076e+00 -3.334052e-08
 1.846089e+00 -3.789129e-08
 1.847103e+00 -4.215066e-08
 1.848116e+00 -4.609376e-08
 1.849130e+00 -4.969798e-08
 1.850143e+00 -5.294304e-08
 1.851157e+00 -5.581115e-08
 1.852170e+00 -5.828708e-08
 1.853183e+00 -6.035820e-08
 1.854197e+00 -6.201462e-08
 1.855210e+00 -6.324917e-08
 1.856224e+00 -6.405745e-08
 1.857237e+00 -6.443780e-08
 1.858250e+00 -6.439135e-08
 1.859264e+00 -6.392195e-08
 1.860277e+00 -6.303610e-08
 1.861291e+00 -6.174296e-08
 1.862304e+00 -6.005418e-08
 1.863318e+00 -5.798388e-08
 1.864331e+00 -5.554850e-08
 1.865344e+00 -5.276669e-08
 1.866358e+00 -4.965915e-08
 1.867371e+00 -4.624854e-08
 1.868385e+00 -4.255922e-08
 1.869398e+00 -3.861718e-08
 1.870411e+00 -3.444980e-08
 1.871425e+00 -3.008568e-08
 1.872438e+00 -2.555446e-08
 1.873452e+00 -2.088660e-08
 1.874465e+00 -1.611318e-08
 1.875479e+00 -1.126572e-08
 1.876492e+00 -6.375929e-09
 1.877505e+00 -1.475559e-09
 1.878519e+00  3.403844e-09
 1.879532e+00  8.231127e-09
 1.880546e+00  1.297572e-08
 1.881559e+00  1.760784e-08
 1.882572e+00  2.209867e-08
 1.883586e+00  2.642051e-08
 1.884599e+00  3.054700e-08
 1.885613e+00  3.445322e-08
 1.886626e+00  3.811590e-08
 1.887640e+00  4.151349e-08
 1.888653e+00  4.462632e-08
 1.889666e+00  4.743672e-08
 1.890680e+00  4.992909e-08
 1.891693e+00  5.208999e-08
 1.892707e+00  5.390824e-08
 1.893720e+00  5.537492e-08
 1.894733e+00  5.648344e-08
 1.895747e+00  5.722959e-08
 1.896760e+00  5.761147e-08
 1.897774e+00  5.762956e-08
 1.898787e+00  5.728666e-08
 1.899801e+00  5.658788e-08
 1.900814e+00  5.554052e-08
 1.901827e+00  5.415411e-08
 1.902841e+00  5.244025e-08
 1.903854e+00  5.041253e-08
 1.904868e+00  4.808648e-08
 1.905881e+00  4.547937e-08
 1.906895e+00  4.261016e-08
 1.907908e+00  3.949933e-08
 1.908921e+00  3.616875e-08
 1.909935e+00  3.264149e-08
 1.910948e+00  2.894172e-08
 1.911962e+00  2.509452e-08
 1.912975e+00  2.112569e-08
 1.913988e+00  1.706162e-08
 1.915002e+00  1.292908e-08
 1.916015e+00  8.755074e-09
 1.917029e+00  4.566639e-09
 1.918042e+00  3.906901e-10
 1.919056e+00 -3.746155e-09
 1.920069e+00 -7.817745e-09
 1.921082e+00 -1.179857e-08
 1.922096e+00 -1.566389e-08
 1.923109e+00 -1.938993e-08
 1.924123e+00 -2.295399e-08
 1.925136e+00 -2.633459e-08
 1.926149e+00 -2.951160e-08
 1.927163e+00 -3.246637e-08
 1.928176e+00 -3.518182e-08
 1.929190e+00 -3.764254e-08
 1.930203e+00 -3.983487e-08
 1.931217e+00 -4.174700e-08
 1.932230e+00 -4.336900e-08
 1.933243e+00 -4.469288e-08
 1.934257e+00 -4.571263e-08
 1.935270e+00 -4.642424e-08
 1.936284e+00 -4.682570e-08
 1.937297e+00 -4.691701e-08
 1.938310e+00 -4.670015e-08
 1.939324e+00 -4.617906e-08
 1.940337e+00 -4.535960e-08
 1.941351e+00 -4.424951e-08
 1.942364e+00 -4.285830e-08
 1.943378e+00 -4.119721e-08
 1.944391e+00 -3.927915e-08
 1.945404e+00 -3.711852e-08
 1.946418e+00 -3.473120e-08
 1.947431e+00 -3.213436e-08
 1.948445e+00 -2.934641e-08
 1.949458e+00 -2.638680e-08
 1.950471e+00 -2.327594e-08
 1.951485e+00 -2.003503e-08
 1.952498e+00 -1.668594e-08
 1.953512e+00 -1.325105e-08
 1.954525e+00 -9.753115e-09
 1.955539e+00 -6.215099e-09
 1.956552e+00 -2.660040e-09
 1.957565e+00  8.891050e-10
 1.958579e+00  4.409604e-09
 1.959592e+00  7.879095e-09
 1.960606e+00  1.127572e-08
 1.961619e+00  1.457828e-08
 1.962632e+00  1.776633e-08
 1.963646e+00  2.082035e-08
 1.964659e+00  2.372182e-08
 1.965673e+00  2.645336e-08
 1.966686e+00  2.899881e-08
 1.967700e+00  3.134335e-08
 1.968713e+00  3.347355e-08
 1.969726e+00  3.537749e-08
 1.970740e+00  3.704476e-08
 1.971753e+00  3.846659e-08
 1.972767e+00  3.963582e-08
 1.973780e+00  4.054700e-08
 1.974793e+00  4.119636e-08
 1.975807e+00  4.158184e-08
 1.976820e+00  4.170309e-08
 1.977834e+00  4.156145e-08
 1.978847e+00  4.115996e-08
 1.979861e+00  4.050326e-08
 1.980874e+00  3.959761e-08
 1.981887e+00  3.845083e-08
 1.982901e+00  3.707219e-08
 1.983914e+00  3.547240e-08
 1.984928e+00  3.366347e-08
 1.985941e+00  3.165868e-08
 1.986955e+00  2.947245e-08
 1.987968e+00  2.712022e-08
 1.988981e+00  2.461841e-08
 1.989995e+00  2.198423e-08
 1.991008e+00  1.923562e-08
 1.992022e+00  1.639110e-08
 1.993035e+00  1.346964e-08
 1.994048e+00  1.049058e-08
 1.995062e+00  7.473439e-09
 1.996075e+00  4.437839e-09
 1.997089e+00  1.403359e-09
 1.998102e+00 -1.610594e-09
 1.999116e+00 -4.584899e-09
