acn103-pp15-s5-h7 acn103-pp15-s5-h7
2002 0.0
 3.138998e-05  7.292981e-08
 1.030638e-03  7.625208e-08
 2.029885e-03  9.889526e-08
 3.029133e-03  1.592109e-07
 4.028381e-03  2.744755e-07
 5.027628e-03  4.605934e-07
 6.026876e-03  7.321872e-07
 7.026124e-03  1.102842e-06
 8.025371e-03  1.585390e-06
 9.024619e-03  2.192212e-06
 1.002387e-02  2.935518e-06
 1.102311e-02  3.827588e-06
 1.202236e-02  4.880958e-06
 1.302161e-02  6.108535e-06
 1.402086e-02  7.523645e-06
 1.502010e-02  9.140022e-06
 1.601935e-02  1.097173e-05
 1.701860e-02  1.303307e-05
 1.801785e-02  1.533849e-05
 1.901710e-02  1.790250e-05
 2.001634e-02  2.073961e-05
 2.101559e-02  2.386423e-05
 2.201484e-02  2.729068e-05
 2.301409e-02  3.103313e-05
 2.401333e-02  3.510560e-05
 2.501258e-02  3.952191e-05
 2.601183e-02  4.429572e-05
 2.701108e-02  4.944048e-05
 2.801032e-02  5.496942e-05
 2.900957e-02  6.089552e-05
 3.000882e-02  6.723154e-05
 3.100807e-02  7.398996e-05
 3.200731e-02  8.118294e-05
 3.300656e-02  8.881802e-05
 3.400581e-02  9.690513e-05
 3.500506e-02  1.054557e-04
 3.600431e-02  1.144801e-04
 3.700355e-02  1.239337e-04
 3.800280e-02  1.331195e-04
 3.900205e-02  1.426565e-04
 4.000130e-02  1.525198e-04
 4.100054e-02  1.626422e-04
 4.199979e-02  1.729948e-04
 4.299904e-02  1.836346e-04
 4.399829e-02  1.945583e-04
 4.499753e-02  2.057689e-04
 4.599678e-02  2.172761e-04
 4.699603e-02  2.291051e-04
 4.799528e-02  2.412799e-04
 4.899453e-02  2.537947e-04
 4.999377e-02  2.666218e-04
 5.099302e-02  2.797239e-04
 5.199227e-02  2.930623e-04
 5.299152e-02  3.065731e-04
 5.399076e-02  3.201680e-04
 5.499001e-02  3.337891e-04
 5.598926e-02  3.474136e-04
 5.698851e-02  3.610424e-04
 5.798775e-02  3.747039e-04
 5.898700e-02  3.883948e-04
 5.998625e-02  4.020327e-04
 6.098550e-02  4.156255e-04
 6.198474e-02  4.291764e-04
 6.298399e-02  4.426725e-04
 6.398324e-02  4.561070e-04
 6.498249e-02  4.694734e-04
 6.598174e-02  4.827741e-04
 6.698098e-02  4.960193e-04
 6.798023e-02  5.092274e-04
 6.897948e-02  5.224238e-04
 6.997873e-02  5.356397e-04
 7.097797e-02  5.489096e-04
 7.197722e-02  5.622689e-04
 7.297647e-02  5.757512e-04
 7.397572e-02  5.893879e-04
 7.497496e-02  6.032057e-04
 7.597421e-02  6.172269e-04
 7.697346e-02  6.314686e-04
 7.797271e-02  6.459442e-04
 7.897195e-02  6.606638e-04
 7.997120e-02  6.756364e-04
 8.097045e-02  6.909163e-04
 8.196970e-02  7.065182e-04
 8.296895e-02  7.224217e-04
 8.396819e-02  7.386272e-04
 8.496744e-02  7.551432e-04
 8.596669e-02  7.719817e-04
 8.696594e-02  7.891562e-04
 8.796518e-02  8.066812e-04
 8.896443e-02  8.245729e-04
 8.996368e-02  8.428488e-04
 9.096293e-02  8.615276e-04
 9.196217e-02  8.806288e-04
 9.296142e-02  9.001717e-04
 9.396067e-02  9.201745e-04
 9.495992e-02  9.406535e-04
 9.595916e-02  9.616231e-04
 9.695841e-02  9.830947e-04
 9.795766e-02  1.005078e-03
 9.895691e-02  1.027580e-03
 9.995616e-02  1.050606e-03
 1.009554e-01  1.074160e-03
 1.019547e-01  1.098244e-03
 1.029539e-01  1.122862e-03
 1.039531e-01  1.148015e-03
 1.049524e-01  1.173709e-03
 1.059516e-01  1.199947e-03
 1.069509e-01  1.226747e-03
 1.079501e-01  1.254151e-03
 1.089494e-01  1.282181e-03
 1.099486e-01  1.310850e-03
 1.109479e-01  1.340162e-03
 1.119471e-01  1.370115e-03
 1.129464e-01  1.400699e-03
 1.139456e-01  1.431901e-03
 1.149449e-01  1.463701e-03
 1.159441e-01  1.496080e-03
 1.169434e-01  1.529013e-03
 1.179426e-01  1.562475e-03
 1.189419e-01  1.596441e-03
 1.199411e-01  1.630884e-03
 1.209404e-01  1.665779e-03
 1.219396e-01  1.701104e-03
 1.229389e-01  1.736835e-03
 1.239381e-01  1.772954e-03
 1.249373e-01  1.809442e-03
 1.259366e-01  1.846286e-03
 1.269358e-01  1.883476e-03
 1.279351e-01  1.921010e-03
 1.289343e-01  1.958888e-03
 1.299336e-01  1.997106e-03
 1.309328e-01  2.035665e-03
 1.319321e-01  2.074563e-03
 1.329313e-01  2.113803e-03
 1.339306e-01  2.153386e-03
 1.349298e-01  2.193318e-03
 1.359291e-01  2.233606e-03
 1.369283e-01  2.274259e-03
 1.379276e-01  2.315287e-03
 1.389268e-01  2.356703e-03
 1.399261e-01  2.398519e-03
 1.409253e-01  2.440750e-03
 1.419246e-01  2.483409e-03
 1.429238e-01  2.526509e-03
 1.439231e-01  2.570080e-03
 1.449223e-01  2.614220e-03
 1.459215e-01  2.658881e-03
 1.469208e-01  2.703997e-03
 1.479200e-01  2.749537e-03
 1.489193e-01  2.795490e-03
 1.499185e-01  2.841853e-03
 1.509178e-01  2.888632e-03
 1.519170e-01  2.935826e-03
 1.529163e-01  2.983426e-03
 1.539155e-01  3.031417e-03
 1.549148e-01  3.079786e-03
 1.559140e-01  3.128519e-03
 1.569133e-01  3.177605e-03
 1.579125e-01  3.227033e-03
 1.589118e-01  3.276795e-03
 1.599110e-01  3.326884e-03
 1.609103e-01  3.377295e-03
 1.619095e-01  3.428023e-03
 1.629088e-01  3.479064e-03
 1.639080e-01  3.530416e-03
 1.649073e-01  3.582076e-03
 1.659065e-01  3.634043e-03
 1.669057e-01  3.686313e-03
 1.679050e-01  3.738885e-03
 1.689042e-01  3.791756e-03
 1.699035e-01  3.844922e-03
 1.709027e-01  3.898381e-03
 1.719020e-01  3.952126e-03
 1.729012e-01  4.006153e-03
 1.739005e-01  4.060455e-03
 1.748997e-01  4.115025e-03
 1.758990e-01  4.169858e-03
 1.768982e-01  4.224944e-03
 1.778975e-01  4.280277e-03
 1.788967e-01  4.335849e-03
 1.798960e-01  4.391653e-03
 1.808952e-01  4.447681e-03
 1.818945e-01  4.503926e-03
 1.828937e-01  4.560381e-03
 1.838930e-01  4.617039e-03
 1.848922e-01  4.673892e-03
 1.858915e-01  4.730932e-03
 1.868907e-01  4.788153e-03
 1.878899e-01  4.845546e-03
 1.888892e-01  4.903101e-03
 1.898884e-01  4.960811e-03
 1.908877e-01  5.018664e-03
 1.918869e-01  5.076652e-03
 1.928862e-01  5.134763e-03
 1.938854e-01  5.192985e-03
 1.948847e-01  5.251308e-03
 1.958839e-01  5.309721e-03
 1.968832e-01  5.368210e-03
 1.978824e-01  5.426765e-03
 1.988817e-01  5.485374e-03
 1.998809e-01  5.544026e-03
 2.008802e-01  5.602709e-03
 2.018794e-01  5.661413e-03
 2.028787e-01  5.720128e-03
 2.038779e-01  5.778844e-03
 2.048772e-01  5.837550e-03
 2.058764e-01  5.896238e-03
 2.068757e-01  5.954897e-03
 2.078749e-01  6.013520e-03
 2.088742e-01  6.072095e-03
 2.098734e-01  6.130615e-03
 2.108726e-01  6.189069e-03
 2.118719e-01  6.247447e-03
 2.128711e-01  6.305741e-03
 2.138704e-01  6.363940e-03
 2.148696e-01  6.422036e-03
 2.158689e-01  6.480016e-03
 2.168681e-01  6.537867e-03
 2.178674e-01  6.595577e-03
 2.188666e-01  6.653134e-03
 2.198659e-01  6.710525e-03
 2.208651e-01  6.767739e-03
 2.218644e-01  6.824762e-03
 2.228636e-01  6.881582e-03
 2.238629e-01  6.938186e-03
 2.248621e-01  6.994562e-03
 2.258614e-01  7.050697e-03
 2.268606e-01  7.106578e-03
 2.278599e-01  7.162200e-03
 2.288591e-01  7.217544e-03
 2.298584e-01  7.272594e-03
 2.308576e-01  7.327369e-03
 2.318568e-01  7.382027e-03
 2.328561e-01  7.436571e-03
 2.338553e-01  7.490920e-03
 2.348546e-01  7.544980e-03
 2.358538e-01  7.598685e-03
 2.368531e-01  7.652027e-03
 2.378523e-01  7.705035e-03
 2.388516e-01  7.757746e-03
 2.398508e-01  7.810215e-03
 2.408501e-01  7.862529e-03
 2.418493e-01  7.914758e-03
 2.428486e-01  7.966964e-03
 2.438478e-01  8.019201e-03
 2.448471e-01  8.071498e-03
 2.458463e-01  8.123863e-03
 2.468456e-01  8.176298e-03
 2.478448e-01  8.228799e-03
 2.488441e-01  8.281365e-03
 2.498433e-01  8.333952e-03
 2.508426e-01  8.386565e-03
 2.518418e-01  8.439217e-03
 2.528410e-01  8.491904e-03
 2.538403e-01  8.544575e-03
 2.548395e-01  8.597261e-03
 2.558388e-01  8.649981e-03
 2.568380e-01  8.702748e-03
 2.578373e-01  8.755566e-03
 2.588365e-01  8.808436e-03
 2.598358e-01  8.861361e-03
 2.608350e-01  8.914345e-03
 2.618343e-01  8.967392e-03
 2.628335e-01  9.020507e-03
 2.638328e-01  9.073697e-03
 2.648320e-01  9.126971e-03
 2.658313e-01  9.180290e-03
 2.668305e-01  9.233479e-03
 2.678298e-01  9.286723e-03
 2.688290e-01  9.339986e-03
 2.698283e-01  9.393252e-03
 2.708275e-01  9.446529e-03
 2.718268e-01  9.499786e-03
 2.728260e-01  9.552994e-03
 2.738252e-01  9.606129e-03
 2.748245e-01  9.659169e-03
 2.758237e-01  9.712100e-03
 2.768230e-01  9.764910e-03
 2.778222e-01  9.817590e-03
 2.788215e-01  9.870139e-03
 2.798207e-01  9.922558e-03
 2.808200e-01  9.974851e-03
 2.818192e-01  1.002703e-02
 2.828185e-01  1.007912e-02
 2.838177e-01  1.013116e-02
 2.848170e-01  1.018318e-02
 2.858162e-01  1.023519e-02
 2.868155e-01  1.028720e-02
 2.878147e-01  1.033922e-02
 2.888140e-01  1.039125e-02
 2.898132e-01  1.044328e-02
 2.908125e-01  1.049533e-02
 2.918117e-01  1.054737e-02
 2.928110e-01  1.059939e-02
 2.938102e-01  1.065140e-02
 2.948094e-01  1.070336e-02
 2.958087e-01  1.075528e-02
 2.968079e-01  1.080711e-02
 2.978072e-01  1.085885e-02
 2.988064e-01  1.091048e-02
 2.998057e-01  1.096198e-02
 3.008049e-01  1.101333e-02
 3.018042e-01  1.106450e-02
 3.028034e-01  1.111549e-02
 3.038027e-01  1.116630e-02
 3.048019e-01  1.121692e-02
 3.058012e-01  1.126728e-02
 3.068004e-01  1.131735e-02
 3.077997e-01  1.136707e-02
 3.087989e-01  1.141646e-02
 3.097982e-01  1.146548e-02
 3.107974e-01  1.151409e-02
 3.117967e-01  1.156228e-02
 3.127959e-01  1.161003e-02
 3.137952e-01  1.165729e-02
 3.147944e-01  1.170405e-02
 3.157936e-01  1.175028e-02
 3.167929e-01  1.179596e-02
 3.177921e-01  1.184105e-02
 3.187914e-01  1.188552e-02
 3.197906e-01  1.192935e-02
 3.207899e-01  1.197253e-02
 3.217891e-01  1.201501e-02
 3.227884e-01  1.205681e-02
 3.237876e-01  1.209791e-02
 3.247869e-01  1.213832e-02
 3.257861e-01  1.217804e-02
 3.267854e-01  1.221710e-02
 3.277846e-01  1.225551e-02
 3.287839e-01  1.229331e-02
 3.297831e-01  1.233051e-02
 3.307824e-01  1.236715e-02
 3.317816e-01  1.240327e-02
 3.327809e-01  1.243889e-02
 3.337801e-01  1.247405e-02
 3.347794e-01  1.250876e-02
 3.357786e-01  1.254305e-02
 3.367779e-01  1.257694e-02
 3.377771e-01  1.261045e-02
 3.387763e-01  1.264359e-02
 3.397756e-01  1.267638e-02
 3.407748e-01  1.270883e-02
 3.417741e-01  1.274094e-02
 3.427733e-01  1.277273e-02
 3.437726e-01  1.280423e-02
 3.447718e-01  1.283545e-02
 3.457711e-01  1.286638e-02
 3.467703e-01  1.289703e-02
 3.477696e-01  1.292744e-02
 3.487688e-01  1.295761e-02
 3.497681e-01  1.298758e-02
 3.507673e-01  1.301734e-02
 3.517666e-01  1.304693e-02
 3.527658e-01  1.307638e-02
 3.537651e-01  1.310573e-02
 3.547643e-01  1.313500e-02
 3.557636e-01  1.316418e-02
 3.567628e-01  1.319332e-02
 3.577621e-01  1.322241e-02
 3.587613e-01  1.325149e-02
 3.597605e-01  1.328058e-02
 3.607598e-01  1.330968e-02
 3.617590e-01  1.333879e-02
 3.627583e-01  1.336794e-02
 3.637575e-01  1.339712e-02
 3.647568e-01  1.342635e-02
 3.657560e-01  1.345560e-02
 3.667553e-01  1.348488e-02
 3.677545e-01  1.351416e-02
 3.687538e-01  1.354345e-02
 3.697530e-01  1.357271e-02
 3.707523e-01  1.360194e-02
 3.717515e-01  1.363113e-02
 3.727508e-01  1.366028e-02
 3.737500e-01  1.368938e-02
 3.747493e-01  1.371843e-02
 3.757485e-01  1.374743e-02
 3.767478e-01  1.377638e-02
 3.777470e-01  1.380529e-02
 3.787463e-01  1.383416e-02
 3.797455e-01  1.386300e-02
 3.807447e-01  1.389180e-02
 3.817440e-01  1.392057e-02
 3.827432e-01  1.394932e-02
 3.837425e-01  1.397803e-02
 3.847417e-01  1.400671e-02
 3.857410e-01  1.403536e-02
 3.867402e-01  1.406397e-02
 3.877395e-01  1.409255e-02
 3.887387e-01  1.412109e-02
 3.897380e-01  1.414960e-02
 3.907372e-01  1.417806e-02
 3.917365e-01  1.420648e-02
 3.927357e-01  1.423486e-02
 3.937350e-01  1.426321e-02
 3.947342e-01  1.429150e-02
 3.957335e-01  1.431976e-02
 3.967327e-01  1.434797e-02
 3.977320e-01  1.437613e-02
 3.987312e-01  1.440424e-02
 3.997305e-01  1.443230e-02
 4.007297e-01  1.446028e-02
 4.017289e-01  1.448820e-02
 4.027282e-01  1.451605e-02
 4.037274e-01  1.454380e-02
 4.047267e-01  1.457146e-02
 4.057259e-01  1.459901e-02
 4.067252e-01  1.462644e-02
 4.077244e-01  1.465375e-02
 4.087237e-01  1.468091e-02
 4.097229e-01  1.470792e-02
 4.107222e-01  1.473477e-02
 4.117214e-01  1.476147e-02
 4.127207e-01  1.478798e-02
 4.137199e-01  1.481428e-02
 4.147192e-01  1.484033e-02
 4.157184e-01  1.486609e-02
 4.167177e-01  1.489156e-02
 4.177169e-01  1.491674e-02
 4.187162e-01  1.494160e-02
 4.197154e-01  1.496611e-02
 4.207147e-01  1.499026e-02
 4.217139e-01  1.501402e-02
 4.227131e-01  1.503739e-02
 4.237124e-01  1.506033e-02
 4.247116e-01  1.508282e-02
 4.257109e-01  1.510483e-02
 4.267101e-01  1.512633e-02
 4.277094e-01  1.514731e-02
 4.287086e-01  1.516776e-02
 4.297079e-01  1.518766e-02
 4.307071e-01  1.520700e-02
 4.317064e-01  1.522579e-02
 4.327056e-01  1.524403e-02
 4.337049e-01  1.526173e-02
 4.347041e-01  1.527890e-02
 4.357034e-01  1.529555e-02
 4.367026e-01  1.531172e-02
 4.377019e-01  1.532741e-02
 4.387011e-01  1.534265e-02
 4.397004e-01  1.535748e-02
 4.406996e-01  1.537190e-02
 4.416989e-01  1.538594e-02
 4.426981e-01  1.539962e-02
 4.436973e-01  1.541296e-02
 4.446966e-01  1.542598e-02
 4.456958e-01  1.543870e-02
 4.466951e-01  1.545113e-02
 4.476943e-01  1.546330e-02
 4.486936e-01  1.547520e-02
 4.496928e-01  1.548684e-02
 4.506921e-01  1.549824e-02
 4.516913e-01  1.550941e-02
 4.526906e-01  1.552035e-02
 4.536898e-01  1.553110e-02
 4.546891e-01  1.554167e-02
 4.556883e-01  1.555207e-02
 4.566876e-01  1.556231e-02
 4.576868e-01  1.557241e-02
 4.586861e-01  1.558238e-02
 4.596853e-01  1.559226e-02
 4.606846e-01  1.560204e-02
 4.616838e-01  1.561174e-02
 4.626831e-01  1.562137e-02
 4.636823e-01  1.563094e-02
 4.646815e-01  1.564046e-02
 4.656808e-01  1.564994e-02
 4.666800e-01  1.565940e-02
 4.676793e-01  1.566885e-02
 4.686785e-01  1.567829e-02
 4.696778e-01  1.568774e-02
 4.706770e-01  1.569719e-02
 4.716763e-01  1.570664e-02
 4.726755e-01  1.571610e-02
 4.736748e-01  1.572554e-02
 4.746740e-01  1.573497e-02
 4.756733e-01  1.574438e-02
 4.766725e-01  1.575375e-02
 4.776718e-01  1.576307e-02
 4.786710e-01  1.577233e-02
 4.796703e-01  1.578152e-02
 4.806695e-01  1.579064e-02
 4.816688e-01  1.579968e-02
 4.826680e-01  1.580864e-02
 4.836673e-01  1.581751e-02
 4.846665e-01  1.582629e-02
 4.856658e-01  1.583498e-02
 4.866650e-01  1.584358e-02
 4.876642e-01  1.585209e-02
 4.886635e-01  1.586053e-02
 4.896627e-01  1.586888e-02
 4.906620e-01  1.587716e-02
 4.916612e-01  1.588537e-02
 4.926605e-01  1.589352e-02
 4.936597e-01  1.590161e-02
 4.946590e-01  1.590965e-02
 4.956582e-01  1.591764e-02
 4.966575e-01  1.592559e-02
 4.976567e-01  1.593349e-02
 4.986560e-01  1.594134e-02
 4.996552e-01  1.594916e-02
 5.006545e-01  1.595693e-02
 5.016537e-01  1.596465e-02
 5.026530e-01  1.597231e-02
 5.036522e-01  1.597993e-02
 5.046515e-01  1.598747e-02
 5.056507e-01  1.599495e-02
 5.066500e-01  1.600235e-02
 5.076492e-01  1.600967e-02
 5.086484e-01  1.601689e-02
 5.096477e-01  1.602400e-02
 5.106469e-01  1.603101e-02
 5.116462e-01  1.603789e-02
 5.126454e-01  1.604464e-02
 5.136447e-01  1.605125e-02
 5.146439e-01  1.605771e-02
 5.156432e-01  1.606402e-02
 5.166424e-01  1.607018e-02
 5.176417e-01  1.607616e-02
 5.186409e-01  1.608195e-02
 5.196402e-01  1.608751e-02
 5.206394e-01  1.609282e-02
 5.216387e-01  1.609787e-02
 5.226379e-01  1.610266e-02
 5.236372e-01  1.610719e-02
 5.246364e-01  1.611144e-02
 5.256357e-01  1.611537e-02
 5.266349e-01  1.611898e-02
 5.276342e-01  1.612226e-02
 5.286334e-01  1.612518e-02
 5.296326e-01  1.612773e-02
 5.306319e-01  1.612989e-02
 5.316311e-01  1.613163e-02
 5.326304e-01  1.613294e-02
 5.336296e-01  1.613381e-02
 5.346289e-01  1.613421e-02
 5.356281e-01  1.613414e-02
 5.366274e-01  1.613360e-02
 5.376266e-01  1.613258e-02
 5.386259e-01  1.613110e-02
 5.396251e-01  1.612915e-02
 5.406244e-01  1.612675e-02
 5.416236e-01  1.612393e-02
 5.426229e-01  1.612069e-02
 5.436221e-01  1.611706e-02
 5.446214e-01  1.611306e-02
 5.456206e-01  1.610872e-02
 5.466199e-01  1.610406e-02
 5.476191e-01  1.609909e-02
 5.486184e-01  1.609383e-02
 5.496176e-01  1.608829e-02
 5.506168e-01  1.608250e-02
 5.516161e-01  1.607647e-02
 5.526153e-01  1.607021e-02
 5.536146e-01  1.606374e-02
 5.546138e-01  1.605705e-02
 5.556131e-01  1.605018e-02
 5.566123e-01  1.604313e-02
 5.576116e-01  1.603591e-02
 5.586108e-01  1.602853e-02
 5.596101e-01  1.602100e-02
 5.606093e-01  1.601333e-02
 5.616086e-01  1.600552e-02
 5.626078e-01  1.599759e-02
 5.636071e-01  1.598956e-02
 5.646063e-01  1.598142e-02
 5.656056e-01  1.597320e-02
 5.666048e-01  1.596487e-02
 5.676041e-01  1.595646e-02
 5.686033e-01  1.594795e-02
 5.696026e-01  1.593937e-02
 5.706018e-01  1.593072e-02
 5.716010e-01  1.592201e-02
 5.726003e-01  1.591324e-02
 5.735995e-01  1.590443e-02
 5.745988e-01  1.589558e-02
 5.755980e-01  1.588669e-02
 5.765973e-01  1.587776e-02
 5.775965e-01  1.586879e-02
 5.785958e-01  1.585977e-02
 5.795950e-01  1.585070e-02
 5.805943e-01  1.584156e-02
 5.815935e-01  1.583235e-02
 5.825928e-01  1.582306e-02
 5.835920e-01  1.581368e-02
 5.845913e-01  1.580420e-02
 5.855905e-01  1.579461e-02
 5.865898e-01  1.578492e-02
 5.875890e-01  1.577511e-02
 5.885883e-01  1.576517e-02
 5.895875e-01  1.575512e-02
 5.905868e-01  1.574495e-02
 5.915860e-01  1.573466e-02
 5.925852e-01  1.572425e-02
 5.935845e-01  1.571372e-02
 5.945837e-01  1.570309e-02
 5.955830e-01  1.569235e-02
 5.965822e-01  1.568151e-02
 5.975815e-01  1.567058e-02
 5.985807e-01  1.565955e-02
 5.995800e-01  1.564844e-02
 6.005792e-01  1.563725e-02
 6.015785e-01  1.562597e-02
 6.025777e-01  1.561461e-02
 6.035770e-01  1.560317e-02
 6.045762e-01  1.559165e-02
 6.055755e-01  1.558005e-02
 6.065747e-01  1.556836e-02
 6.075740e-01  1.555658e-02
 6.085732e-01  1.554471e-02
 6.095725e-01  1.553273e-02
 6.105717e-01  1.552064e-02
 6.115710e-01  1.550844e-02
 6.125702e-01  1.549611e-02
 6.135695e-01  1.548366e-02
 6.145687e-01  1.547106e-02
 6.155679e-01  1.545833e-02
 6.165672e-01  1.544544e-02
 6.175664e-01  1.543240e-02
 6.185657e-01  1.541919e-02
 6.195649e-01  1.540577e-02
 6.205642e-01  1.539213e-02
 6.215634e-01  1.537827e-02
 6.225627e-01  1.536416e-02
 6.235619e-01  1.534981e-02
 6.245612e-01  1.533521e-02
 6.255604e-01  1.532036e-02
 6.265597e-01  1.530523e-02
 6.275589e-01  1.528981e-02
 6.285582e-01  1.527408e-02
 6.295574e-01  1.525804e-02
 6.305567e-01  1.524166e-02
 6.315559e-01  1.522493e-02
 6.325552e-01  1.520782e-02
 6.335544e-01  1.519034e-02
 6.345537e-01  1.517246e-02
 6.355529e-01  1.515418e-02
 6.365521e-01  1.513548e-02
 6.375514e-01  1.511636e-02
 6.385506e-01  1.509683e-02
 6.395499e-01  1.507688e-02
 6.405491e-01  1.505653e-02
 6.415484e-01  1.503579e-02
 6.425476e-01  1.501466e-02
 6.435469e-01  1.499317e-02
 6.445461e-01  1.497133e-02
 6.455454e-01  1.494916e-02
 6.465446e-01  1.492667e-02
 6.475439e-01  1.490388e-02
 6.485431e-01  1.488081e-02
 6.495424e-01  1.485747e-02
 6.505416e-01  1.483388e-02
 6.515409e-01  1.481004e-02
 6.525401e-01  1.478597e-02
 6.535394e-01  1.476168e-02
 6.545386e-01  1.473717e-02
 6.555379e-01  1.471245e-02
 6.565371e-01  1.468753e-02
 6.575363e-01  1.466243e-02
 6.585356e-01  1.463714e-02
 6.595348e-01  1.461167e-02
 6.605341e-01  1.458601e-02
 6.615333e-01  1.456019e-02
 6.625326e-01  1.453420e-02
 6.635318e-01  1.450805e-02
 6.645311e-01  1.448176e-02
 6.655303e-01  1.445532e-02
 6.665296e-01  1.442875e-02
 6.675288e-01  1.440206e-02
 6.685281e-01  1.437524e-02
 6.695273e-01  1.434830e-02
 6.705266e-01  1.432124e-02
 6.715258e-01  1.429407e-02
 6.725251e-01  1.426679e-02
 6.735243e-01  1.423941e-02
 6.745236e-01  1.421194e-02
 6.755228e-01  1.418438e-02
 6.765221e-01  1.415675e-02
 6.775213e-01  1.412903e-02
 6.785205e-01  1.410123e-02
 6.795198e-01  1.407335e-02
 6.805190e-01  1.404538e-02
 6.815183e-01  1.401731e-02
 6.825175e-01  1.398915e-02
 6.835168e-01  1.396088e-02
 6.845160e-01  1.393249e-02
 6.855153e-01  1.390398e-02
 6.865145e-01  1.387534e-02
 6.875138e-01  1.384656e-02
 6.885130e-01  1.381764e-02
 6.895123e-01  1.378856e-02
 6.905115e-01  1.375933e-02
 6.915108e-01  1.372995e-02
 6.925100e-01  1.370041e-02
 6.935093e-01  1.367072e-02
 6.945085e-01  1.364086e-02
 6.955078e-01  1.361086e-02
 6.965070e-01  1.358069e-02
 6.975063e-01  1.355038e-02
 6.985055e-01  1.351993e-02
 6.995047e-01  1.348932e-02
 7.005040e-01  1.345858e-02
 7.015032e-01  1.342770e-02
 7.025025e-01  1.339668e-02
 7.035017e-01  1.336552e-02
 7.045010e-01  1.333423e-02
 7.055002e-01  1.330280e-02
 7.064995e-01  1.327124e-02
 7.074987e-01  1.323954e-02
 7.084980e-01  1.320769e-02
 7.094972e-01  1.317571e-02
 7.104965e-01  1.314358e-02
 7.114957e-01  1.311130e-02
 7.124950e-01  1.307886e-02
 7.134942e-01  1.304624e-02
 7.144935e-01  1.301342e-02
 7.154927e-01  1.298040e-02
 7.164920e-01  1.294716e-02
 7.174912e-01  1.291370e-02
 7.184905e-01  1.288001e-02
 7.194897e-01  1.284607e-02
 7.204889e-01  1.281189e-02
 7.214882e-01  1.277746e-02
 7.224874e-01  1.274277e-02
 7.234867e-01  1.270779e-02
 7.244859e-01  1.267251e-02
 7.254852e-01  1.263692e-02
 7.264844e-01  1.260100e-02
 7.274837e-01  1.256473e-02
 7.284829e-01  1.252810e-02
 7.294822e-01  1.249111e-02
 7.304814e-01  1.245373e-02
 7.314807e-01  1.241597e-02
 7.324799e-01  1.237781e-02
 7.334792e-01  1.233925e-02
 7.344784e-01  1.230030e-02
 7.354777e-01  1.226096e-02
 7.364769e-01  1.222123e-02
 7.374762e-01  1.218112e-02
 7.384754e-01  1.214066e-02
 7.394747e-01  1.209984e-02
 7.404739e-01  1.205869e-02
 7.414732e-01  1.201722e-02
 7.424724e-01  1.197544e-02
 7.434716e-01  1.193337e-02
 7.444709e-01  1.189102e-02
 7.454701e-01  1.184840e-02
 7.464694e-01  1.180552e-02
 7.474686e-01  1.176238e-02
 7.484679e-01  1.171901e-02
 7.494671e-01  1.167539e-02
 7.504664e-01  1.163154e-02
 7.514656e-01  1.158746e-02
 7.524649e-01  1.154316e-02
 7.534641e-01  1.149864e-02
 7.544634e-01  1.145389e-02
 7.554626e-01  1.140893e-02
 7.564619e-01  1.136375e-02
 7.574611e-01  1.131835e-02
 7.584604e-01  1.127275e-02
 7.594596e-01  1.122694e-02
 7.604589e-01  1.118092e-02
 7.614581e-01  1.113471e-02
 7.624574e-01  1.108831e-02
 7.634566e-01  1.104172e-02
 7.644558e-01  1.099495e-02
 7.654551e-01  1.094802e-02
 7.664543e-01  1.090092e-02
 7.674536e-01  1.085366e-02
 7.684528e-01  1.080624e-02
 7.694521e-01  1.075867e-02
 7.704513e-01  1.071096e-02
 7.714506e-01  1.066310e-02
 7.724498e-01  1.061511e-02
 7.734491e-01  1.056697e-02
 7.744483e-01  1.051870e-02
 7.754476e-01  1.047030e-02
 7.764468e-01  1.042177e-02
 7.774461e-01  1.037310e-02
 7.784453e-01  1.032429e-02
 7.794446e-01  1.027534e-02
 7.804438e-01  1.022624e-02
 7.814431e-01  1.017699e-02
 7.824423e-01  1.012758e-02
 7.834416e-01  1.007800e-02
 7.844408e-01  1.002825e-02
 7.854400e-01  9.978323e-03
 7.864393e-01  9.928206e-03
 7.874385e-01  9.877898e-03
 7.884378e-01  9.827394e-03
 7.894370e-01  9.776689e-03
 7.904363e-01  9.725782e-03
 7.914355e-01  9.674669e-03
 7.924348e-01  9.623349e-03
 7.934340e-01  9.571822e-03
 7.944333e-01  9.520087e-03
 7.954325e-01  9.468147e-03
 7.964318e-01  9.416003e-03
 7.974310e-01  9.363652e-03
 7.984303e-01  9.311089e-03
 7.994295e-01  9.258307e-03
 8.004288e-01  9.205302e-03
 8.014280e-01  9.152068e-03
 8.024273e-01  9.098605e-03
 8.034265e-01  9.044907e-03
 8.044258e-01  8.990973e-03
 8.054250e-01  8.936797e-03
 8.064242e-01  8.882373e-03
 8.074235e-01  8.827696e-03
 8.084227e-01  8.772757e-03
 8.094220e-01  8.717559e-03
 8.104212e-01  8.662084e-03
 8.114205e-01  8.606316e-03
 8.124197e-01  8.550242e-03
 8.134190e-01  8.493850e-03
 8.144182e-01  8.437127e-03
 8.154175e-01  8.380062e-03
 8.164167e-01  8.322644e-03
 8.174160e-01  8.264863e-03
 8.184152e-01  8.206710e-03
 8.194145e-01  8.148178e-03
 8.204137e-01  8.089263e-03
 8.214130e-01  8.029963e-03
 8.224122e-01  7.970276e-03
 8.234115e-01  7.910204e-03
 8.244107e-01  7.849753e-03
 8.254100e-01  7.788926e-03
 8.264092e-01  7.727732e-03
 8.274084e-01  7.666179e-03
 8.284077e-01  7.604274e-03
 8.294069e-01  7.542027e-03
 8.304062e-01  7.479447e-03
 8.314054e-01  7.416543e-03
 8.324047e-01  7.353322e-03
 8.334039e-01  7.289792e-03
 8.344032e-01  7.225959e-03
 8.354024e-01  7.161831e-03
 8.364017e-01  7.097410e-03
 8.374009e-01  7.032703e-03
 8.384002e-01  6.967712e-03
 8.393994e-01  6.902440e-03
 8.403987e-01  6.836887e-03
 8.413979e-01  6.771061e-03
 8.423972e-01  6.704971e-03
 8.433964e-01  6.638618e-03
 8.443957e-01  6.572003e-03
 8.453949e-01  6.505127e-03
 8.463942e-01  6.437991e-03
 8.473934e-01  6.370601e-03
 8.483926e-01  6.302958e-03
 8.493919e-01  6.235066e-03
 8.503911e-01  6.166929e-03
 8.513904e-01  6.098550e-03
 8.523896e-01  6.029933e-03
 8.533889e-01  5.961080e-03
 8.543881e-01  5.891996e-03
 8.553874e-01  5.822682e-03
 8.563866e-01  5.753142e-03
 8.573859e-01  5.683381e-03
 8.583851e-01  5.613402e-03
 8.593844e-01  5.543209e-03
 8.603836e-01  5.472806e-03
 8.613829e-01  5.402195e-03
 8.623821e-01  5.331378e-03
 8.633814e-01  5.260358e-03
 8.643806e-01  5.189135e-03
 8.653799e-01  5.117709e-03
 8.663791e-01  5.046081e-03
 8.673784e-01  4.974249e-03
 8.683776e-01  4.902211e-03
 8.693769e-01  4.829965e-03
 8.703761e-01  4.757507e-03
 8.713753e-01  4.684835e-03
 8.723746e-01  4.611942e-03
 8.733738e-01  4.538825e-03
 8.743731e-01  4.465479e-03
 8.753723e-01  4.391897e-03
 8.763716e-01  4.318073e-03
 8.773708e-01  4.244002e-03
 8.783701e-01  4.169676e-03
 8.793693e-01  4.095090e-03
 8.803686e-01  4.020236e-03
 8.813678e-01  3.945109e-03
 8.823671e-01  3.869700e-03
 8.833663e-01  3.794005e-03
 8.843656e-01  3.718017e-03
 8.853648e-01  3.641728e-03
 8.863641e-01  3.565134e-03
 8.873633e-01  3.488228e-03
 8.883626e-01  3.411010e-03
 8.893618e-01  3.333474e-03
 8.903611e-01  3.255610e-03
 8.913603e-01  3.177411e-03
 8.923595e-01  3.098872e-03
 8.933588e-01  3.019987e-03
 8.943580e-01  2.940751e-03
 8.953573e-01  2.861160e-03
 8.963565e-01  2.781208e-03
 8.973558e-01  2.700891e-03
 8.983550e-01  2.620206e-03
 8.993543e-01  2.539148e-03
 9.003535e-01  2.457715e-03
 9.013528e-01  2.375905e-03
 9.023520e-01  2.293717e-03
 9.033513e-01  2.211150e-03
 9.043505e-01  2.128205e-03
 9.053498e-01  2.044881e-03
 9.063490e-01  1.961179e-03
 9.073483e-01  1.877101e-03
 9.083475e-01  1.792649e-03
 9.093468e-01  1.707822e-03
 9.103460e-01  1.622623e-03
 9.113453e-01  1.537053e-03
 9.123445e-01  1.451114e-03
 9.133437e-01  1.364806e-03
 9.143430e-01  1.278130e-03
 9.153422e-01  1.191089e-03
 9.163415e-01  1.103683e-03
 9.173407e-01  1.015914e-03
 9.183400e-01  9.277836e-04
 9.193392e-01  8.393639e-04
 9.203385e-01  7.511692e-04
 9.213377e-01  6.633268e-04
 9.223370e-01  5.757181e-04
 9.233362e-01  4.881780e-04
 9.243355e-01  4.005172e-04
 9.253347e-01  3.125557e-04
 9.263340e-01  2.239308e-04
 9.273332e-01  1.305696e-04
 9.283325e-01  3.397344e-05
 9.293317e-01 -6.472506e-05
 9.303310e-01 -1.671186e-04
 9.313302e-01 -2.729558e-04
 9.323295e-01 -3.799324e-04
 9.333287e-01 -4.827375e-04
 9.343279e-01 -5.815146e-04
 9.353272e-01 -6.784551e-04
 9.363264e-01 -7.741947e-04
 9.373257e-01 -8.676932e-04
 9.383249e-01 -9.576610e-04
 9.393242e-01 -1.043643e-03
 9.403234e-01 -1.125935e-03
 9.413227e-01 -1.205549e-03
 9.423219e-01 -1.282658e-03
 9.433212e-01 -1.357559e-03
 9.443204e-01 -1.430733e-03
 9.453197e-01 -1.502916e-03
 9.463189e-01 -1.574833e-03
 9.473182e-01 -1.646552e-03
 9.483174e-01 -1.718066e-03
 9.493167e-01 -1.789408e-03
 9.503159e-01 -1.860814e-03
 9.513152e-01 -1.932160e-03
 9.523144e-01 -2.003529e-03
 9.533137e-01 -2.072623e-03
 9.543129e-01 -2.136715e-03
 9.553121e-01 -2.198603e-03
 9.563114e-01 -2.258511e-03
 9.573106e-01 -2.316459e-03
 9.583099e-01 -2.372355e-03
 9.593091e-01 -2.426285e-03
 9.603084e-01 -2.478251e-03
 9.613076e-01 -2.528229e-03
 9.623069e-01 -2.576229e-03
 9.633061e-01 -2.619697e-03
 9.643054e-01 -2.658218e-03
 9.653046e-01 -2.695355e-03
 9.663039e-01 -2.730923e-03
 9.673031e-01 -2.766179e-03
 9.683024e-01 -2.801274e-03
 9.693016e-01 -2.836510e-03
 9.703009e-01 -2.871425e-03
 9.713001e-01 -2.906127e-03
 9.722994e-01 -2.940775e-03
 9.732986e-01 -2.975772e-03
 9.742979e-01 -3.011381e-03
 9.752971e-01 -3.047491e-03
 9.762963e-01 -3.083743e-03
 9.772956e-01 -3.119662e-03
 9.782948e-01 -3.154769e-03
 9.792941e-01 -3.189800e-03
 9.802933e-01 -3.222499e-03
 9.812926e-01 -3.249848e-03
 9.822918e-01 -3.275316e-03
 9.832911e-01 -3.301189e-03
 9.842903e-01 -3.326818e-03
 9.852896e-01 -3.351520e-03
 9.862888e-01 -3.374823e-03
 9.872881e-01 -3.397166e-03
 9.882873e-01 -3.419062e-03
 9.892866e-01 -3.440759e-03
 9.902858e-01 -3.462335e-03
 9.912851e-01 -3.483978e-03
 9.922843e-01 -3.506178e-03
 9.932836e-01 -3.528458e-03
 9.942828e-01 -3.550311e-03
 9.952821e-01 -3.570917e-03
 9.962813e-01 -3.589698e-03
 9.972806e-01 -3.606756e-03
 9.982798e-01 -3.622158e-03
 9.992790e-01 -3.636096e-03
 1.000278e+00 -3.648570e-03
 1.001278e+00 -3.659692e-03
 1.002277e+00 -3.669595e-03
 1.003276e+00 -3.678372e-03
 1.004275e+00 -3.686101e-03
 1.005275e+00 -3.692852e-03
 1.006274e+00 -3.698630e-03
 1.007273e+00 -3.703475e-03
 1.008272e+00 -3.714027e-03
 1.009272e+00 -3.727926e-03
 1.010271e+00 -3.738552e-03
 1.011270e+00 -3.747538e-03
 1.012269e+00 -3.756696e-03
 1.013269e+00 -3.766755e-03
 1.014268e+00 -3.777508e-03
 1.015267e+00 -3.788755e-03
 1.016266e+00 -3.800292e-03
 1.017266e+00 -3.811975e-03
 1.018265e+00 -3.825063e-03
 1.019264e+00 -3.839229e-03
 1.020263e+00 -3.854011e-03
 1.021262e+00 -3.868977e-03
 1.022262e+00 -3.883974e-03
 1.023261e+00 -3.898856e-03
 1.024260e+00 -3.913441e-03
 1.025259e+00 -3.927535e-03
 1.026259e+00 -3.940952e-03
 1.027258e+00 -3.953552e-03
 1.028257e+00 -3.965278e-03
 1.029256e+00 -3.976165e-03
 1.030256e+00 -3.986328e-03
 1.031255e+00 -3.995795e-03
 1.032254e+00 -4.004874e-03
 1.033253e+00 -4.013873e-03
 1.034253e+00 -4.023399e-03
 1.035252e+00 -4.033608e-03
 1.036251e+00 -4.044340e-03
 1.037250e+00 -4.055524e-03
 1.038250e+00 -4.066982e-03
 1.039249e+00 -4.078303e-03
 1.040248e+00 -4.089243e-03
 1.041247e+00 -4.099873e-03
 1.042247e+00 -4.110211e-03
 1.043246e+00 -4.120289e-03
 1.044245e+00 -4.130263e-03
 1.045244e+00 -4.140213e-03
 1.046244e+00 -4.150182e-03
 1.047243e+00 -4.160274e-03
 1.048242e+00 -4.170607e-03
 1.049241e+00 -4.181253e-03
 1.050241e+00 -4.192227e-03
 1.051240e+00 -4.203510e-03
 1.052239e+00 -4.215060e-03
 1.053238e+00 -4.226874e-03
 1.054238e+00 -4.238885e-03
 1.055237e+00 -4.250988e-03
 1.056236e+00 -4.263095e-03
 1.057235e+00 -4.275111e-03
 1.058235e+00 -4.287003e-03
 1.059234e+00 -4.298767e-03
 1.060233e+00 -4.310394e-03
 1.061232e+00 -4.321893e-03
 1.062232e+00 -4.333263e-03
 1.063231e+00 -4.344517e-03
 1.064230e+00 -4.355680e-03
 1.065229e+00 -4.366777e-03
 1.066229e+00 -4.377833e-03
 1.067228e+00 -4.388888e-03
 1.068227e+00 -4.399957e-03
 1.069226e+00 -4.411045e-03
 1.070226e+00 -4.422142e-03
 1.071225e+00 -4.433239e-03
 1.072224e+00 -4.444325e-03
 1.073223e+00 -4.455395e-03
 1.074223e+00 -4.466444e-03
 1.075222e+00 -4.477474e-03
 1.076221e+00 -4.488483e-03
 1.077220e+00 -4.499470e-03
 1.078220e+00 -4.510431e-03
 1.079219e+00 -4.521359e-03
 1.080218e+00 -4.532244e-03
 1.081217e+00 -4.543070e-03
 1.082217e+00 -4.553822e-03
 1.083216e+00 -4.564480e-03
 1.084215e+00 -4.575007e-03
 1.085214e+00 -4.585277e-03
 1.086214e+00 -4.595325e-03
 1.087213e+00 -4.605197e-03
 1.088212e+00 -4.614897e-03
 1.089211e+00 -4.624471e-03
 1.090211e+00 -4.633946e-03
 1.091210e+00 -4.643312e-03
 1.092209e+00 -4.652545e-03
 1.093208e+00 -4.661627e-03
 1.094208e+00 -4.670549e-03
 1.095207e+00 -4.679307e-03
 1.096206e+00 -4.687897e-03
 1.097205e+00 -4.696308e-03
 1.098205e+00 -4.704539e-03
 1.099204e+00 -4.712579e-03
 1.100203e+00 -4.720402e-03
 1.101202e+00 -4.727987e-03
 1.102202e+00 -4.735316e-03
 1.103201e+00 -4.742375e-03
 1.104200e+00 -4.749941e-03
 1.105199e+00 -4.759492e-03
 1.106199e+00 -4.769397e-03
 1.107198e+00 -4.779104e-03
 1.108197e+00 -4.789160e-03
 1.109196e+00 -4.799752e-03
 1.110196e+00 -4.811187e-03
 1.111195e+00 -4.823121e-03
 1.112194e+00 -4.835232e-03
 1.113193e+00 -4.847253e-03
 1.114193e+00 -4.858913e-03
 1.115192e+00 -4.869980e-03
 1.116191e+00 -4.880321e-03
 1.117190e+00 -4.889753e-03
 1.118190e+00 -4.898343e-03
 1.119189e+00 -4.908279e-03
 1.120188e+00 -4.918052e-03
 1.121187e+00 -4.926945e-03
 1.122187e+00 -4.934774e-03
 1.123186e+00 -4.941924e-03
 1.124185e+00 -4.948723e-03
 1.125184e+00 -4.955410e-03
 1.126183e+00 -4.962068e-03
 1.127183e+00 -4.968753e-03
 1.128182e+00 -4.975508e-03
 1.129181e+00 -4.982352e-03
 1.130180e+00 -4.989332e-03
 1.131180e+00 -4.996490e-03
 1.132179e+00 -5.003798e-03
 1.133178e+00 -5.011250e-03
 1.134177e+00 -5.018871e-03
 1.135177e+00 -5.026708e-03
 1.136176e+00 -5.034707e-03
 1.137175e+00 -5.042779e-03
 1.138174e+00 -5.050812e-03
 1.139174e+00 -5.058705e-03
 1.140173e+00 -5.066393e-03
 1.141172e+00 -5.073827e-03
 1.142171e+00 -5.080966e-03
 1.143171e+00 -5.087794e-03
 1.144170e+00 -5.094329e-03
 1.145169e+00 -5.100629e-03
 1.146168e+00 -5.106708e-03
 1.147168e+00 -5.112600e-03
 1.148167e+00 -5.118359e-03
 1.149166e+00 -5.124050e-03
 1.150165e+00 -5.129724e-03
 1.151165e+00 -5.135413e-03
 1.152164e+00 -5.141146e-03
 1.153163e+00 -5.146904e-03
 1.154162e+00 -5.152693e-03
 1.155162e+00 -5.158548e-03
 1.156161e+00 -5.164492e-03
 1.157160e+00 -5.170540e-03
 1.158159e+00 -5.176696e-03
 1.159159e+00 -5.182956e-03
 1.160158e+00 -5.189289e-03
 1.161157e+00 -5.195669e-03
 1.162156e+00 -5.202076e-03
 1.163156e+00 -5.208493e-03
 1.164155e+00 -5.214908e-03
 1.165154e+00 -5.221318e-03
 1.166153e+00 -5.227720e-03
 1.167153e+00 -5.234118e-03
 1.168152e+00 -5.240517e-03
 1.169151e+00 -5.246926e-03
 1.170150e+00 -5.253356e-03
 1.171150e+00 -5.259816e-03
 1.172149e+00 -5.266318e-03
 1.173148e+00 -5.272870e-03
 1.174147e+00 -5.279480e-03
 1.175147e+00 -5.286154e-03
 1.176146e+00 -5.292894e-03
 1.177145e+00 -5.299701e-03
 1.178144e+00 -5.306568e-03
 1.179144e+00 -5.313491e-03
 1.180143e+00 -5.320460e-03
 1.181142e+00 -5.327466e-03
 1.182141e+00 -5.334502e-03
 1.183141e+00 -5.341557e-03
 1.184140e+00 -5.348624e-03
 1.185139e+00 -5.355698e-03
 1.186138e+00 -5.362772e-03
 1.187138e+00 -5.369845e-03
 1.188137e+00 -5.376916e-03
 1.189136e+00 -5.383984e-03
 1.190135e+00 -5.391052e-03
 1.191135e+00 -5.398123e-03
 1.192134e+00 -5.405200e-03
 1.193133e+00 -5.412288e-03
 1.194132e+00 -5.419392e-03
 1.195132e+00 -5.426515e-03
 1.196131e+00 -5.433663e-03
 1.197130e+00 -5.440838e-03
 1.198129e+00 -5.448043e-03
 1.199129e+00 -5.455279e-03
 1.200128e+00 -5.462546e-03
 1.201127e+00 -5.469845e-03
 1.202126e+00 -5.477174e-03
 1.203126e+00 -5.484529e-03
 1.204125e+00 -5.491907e-03
 1.205124e+00 -5.499304e-03
 1.206123e+00 -5.506717e-03
 1.207123e+00 -5.514159e-03
 1.208122e+00 -5.521630e-03
 1.209121e+00 -5.529093e-03
 1.210120e+00 -5.536501e-03
 1.211120e+00 -5.543822e-03
 1.212119e+00 -5.551033e-03
 1.213118e+00 -5.558129e-03
 1.214117e+00 -5.565111e-03
 1.215117e+00 -5.572030e-03
 1.216116e+00 -5.578907e-03
 1.217115e+00 -5.585732e-03
 1.218114e+00 -5.587225e-03
 1.219114e+00 -5.581815e-03
 1.220113e+00 -5.575691e-03
 1.221112e+00 -5.569360e-03
 1.222111e+00 -5.562410e-03
 1.223111e+00 -5.554342e-03
 1.224110e+00 -5.543966e-03
 1.225109e+00 -5.531367e-03
 1.226108e+00 -5.516898e-03
 1.227108e+00 -5.500810e-03
 1.228107e+00 -5.483298e-03
 1.229106e+00 -5.464486e-03
 1.230105e+00 -5.444552e-03
 1.231105e+00 -5.423642e-03
 1.232104e+00 -5.401887e-03
 1.233103e+00 -5.379419e-03
 1.234102e+00 -5.356369e-03
 1.235101e+00 -5.332839e-03
 1.236101e+00 -5.308885e-03
 1.237100e+00 -5.283081e-03
 1.238099e+00 -5.255891e-03
 1.239098e+00 -5.228217e-03
 1.240098e+00 -5.200387e-03
 1.241097e+00 -5.172342e-03
 1.242096e+00 -5.143960e-03
 1.243095e+00 -5.114997e-03
 1.244095e+00 -5.085511e-03
 1.245094e+00 -5.055476e-03
 1.246093e+00 -5.024816e-03
 1.247092e+00 -4.993443e-03
 1.248092e+00 -4.961172e-03
 1.249091e+00 -4.927851e-03
 1.250090e+00 -4.893551e-03
 1.251089e+00 -4.858210e-03
 1.252089e+00 -4.821761e-03
 1.253088e+00 -4.784149e-03
 1.254087e+00 -4.745343e-03
 1.255086e+00 -4.705330e-03
 1.256086e+00 -4.664104e-03
 1.257085e+00 -4.621677e-03
 1.258084e+00 -4.578080e-03
 1.259083e+00 -4.533348e-03
 1.260083e+00 -4.487468e-03
 1.261082e+00 -4.440357e-03
 1.262081e+00 -4.392176e-03
 1.263080e+00 -4.343419e-03
 1.264080e+00 -4.297337e-03
 1.265079e+00 -4.251565e-03
 1.266078e+00 -4.204732e-03
 1.267077e+00 -4.156166e-03
 1.268077e+00 -4.106914e-03
 1.269076e+00 -4.057610e-03
 1.270075e+00 -4.008653e-03
 1.271074e+00 -3.960298e-03
 1.272074e+00 -3.912478e-03
 1.273073e+00 -3.865086e-03
 1.274072e+00 -3.818050e-03
 1.275071e+00 -3.771319e-03
 1.276071e+00 -3.724844e-03
 1.277070e+00 -3.678554e-03
 1.278069e+00 -3.632342e-03
 1.279068e+00 -3.586117e-03
 1.280068e+00 -3.539778e-03
 1.281067e+00 -3.493219e-03
 1.282066e+00 -3.446357e-03
 1.283065e+00 -3.399137e-03
 1.284065e+00 -3.351536e-03
 1.285064e+00 -3.303561e-03
 1.286063e+00 -3.255241e-03
 1.287062e+00 -3.206635e-03
 1.288062e+00 -3.158069e-03
 1.289061e+00 -3.109537e-03
 1.290060e+00 -3.060863e-03
 1.291059e+00 -3.012115e-03
 1.292059e+00 -2.963425e-03
 1.293058e+00 -2.914911e-03
 1.294057e+00 -2.866654e-03
 1.295056e+00 -2.818676e-03
 1.296056e+00 -2.770983e-03
 1.297055e+00 -2.723582e-03
 1.298054e+00 -2.676448e-03
 1.299053e+00 -2.629541e-03
 1.300053e+00 -2.582822e-03
 1.301052e+00 -2.536252e-03
 1.302051e+00 -2.489794e-03
 1.303050e+00 -2.443416e-03
 1.304050e+00 -2.397087e-03
 1.305049e+00 -2.350805e-03
 1.306048e+00 -2.304548e-03
 1.307047e+00 -2.258306e-03
 1.308047e+00 -2.212072e-03
 1.309046e+00 -2.165842e-03
 1.310045e+00 -2.119616e-03
 1.311044e+00 -2.073407e-03
 1.312044e+00 -2.027213e-03
 1.313043e+00 -1.981017e-03
 1.314042e+00 -1.934821e-03
 1.315041e+00 -1.888624e-03
 1.316041e+00 -1.842424e-03
 1.317040e+00 -1.796211e-03
 1.318039e+00 -1.749978e-03
 1.319038e+00 -1.703709e-03
 1.320038e+00 -1.657394e-03
 1.321037e+00 -1.611020e-03
 1.322036e+00 -1.564576e-03
 1.323035e+00 -1.518086e-03
 1.324035e+00 -1.471776e-03
 1.325034e+00 -1.425494e-03
 1.326033e+00 -1.379146e-03
 1.327032e+00 -1.332761e-03
 1.328032e+00 -1.286391e-03
 1.329031e+00 -1.240075e-03
 1.330030e+00 -1.193836e-03
 1.331029e+00 -1.147680e-03
 1.332029e+00 -1.101599e-03
 1.333028e+00 -1.055580e-03
 1.334027e+00 -1.009622e-03
 1.335026e+00 -9.636923e-04
 1.336026e+00 -9.177339e-04
 1.337025e+00 -8.719507e-04
 1.338024e+00 -8.268949e-04
 1.339023e+00 -7.823824e-04
 1.340022e+00 -7.381652e-04
 1.341022e+00 -6.914903e-04
 1.342021e+00 -6.433623e-04
 1.343020e+00 -5.945730e-04
 1.344019e+00 -5.448584e-04
 1.345019e+00 -4.942720e-04
 1.346018e+00 -4.428141e-04
 1.347017e+00 -3.898492e-04
 1.348016e+00 -3.324337e-04
 1.349016e+00 -2.723082e-04
 1.350015e+00 -2.105281e-04
 1.351014e+00 -1.411066e-04
 1.352013e+00 -7.065676e-05
 1.353013e+00  9.491344e-07
 1.354012e+00  7.318575e-05
 1.355011e+00  1.436032e-04
 1.356010e+00  2.115446e-04
 1.357010e+00  2.761294e-04
 1.358009e+00  3.379997e-04
 1.359008e+00  3.986328e-04
 1.360007e+00  4.585556e-04
 1.361007e+00  5.177269e-04
 1.362006e+00  5.755693e-04
 1.363005e+00  6.318651e-04
 1.364004e+00  6.866072e-04
 1.365004e+00  7.400302e-04
 1.366003e+00  7.922889e-04
 1.367002e+00  8.431547e-04
 1.368001e+00  8.925308e-04
 1.369001e+00  9.404138e-04
 1.370000e+00  9.868936e-04
 1.370999e+00  1.032083e-03
 1.371998e+00  1.075372e-03
 1.372998e+00  1.115916e-03
 1.373997e+00  1.154030e-03
 1.374996e+00  1.189484e-03
 1.375995e+00  1.223439e-03
 1.376995e+00  1.255166e-03
 1.377994e+00  1.285285e-03
 1.378993e+00  1.313183e-03
 1.379992e+00  1.338236e-03
 1.380992e+00  1.361373e-03
 1.381991e+00  1.382884e-03
 1.382990e+00  1.402720e-03
 1.383989e+00  1.421255e-03
 1.384989e+00  1.438803e-03
 1.385988e+00  1.455585e-03
 1.386987e+00  1.471940e-03
 1.387986e+00  1.490904e-03
 1.388986e+00  1.511128e-03
 1.389985e+00  1.530372e-03
 1.390984e+00  1.548371e-03
 1.391983e+00  1.565500e-03
 1.392983e+00  1.582103e-03
 1.393982e+00  1.598235e-03
 1.394981e+00  1.614412e-03
 1.395980e+00  1.630762e-03
 1.396980e+00  1.647052e-03
 1.397979e+00  1.662908e-03
 1.398978e+00  1.678040e-03
 1.399977e+00  1.692135e-03
 1.400977e+00  1.704881e-03
 1.401976e+00  1.716269e-03
 1.402975e+00  1.727583e-03
 1.403974e+00  1.743023e-03
 1.404974e+00  1.757323e-03
 1.405973e+00  1.768975e-03
 1.406972e+00  1.778305e-03
 1.407971e+00  1.786896e-03
 1.408971e+00  1.795916e-03
 1.409970e+00  1.805682e-03
 1.410969e+00  1.816238e-03
 1.411968e+00  1.827671e-03
 1.412968e+00  1.839981e-03
 1.413967e+00  1.853118e-03
 1.414966e+00  1.866934e-03
 1.415965e+00  1.881230e-03
 1.416965e+00  1.895891e-03
 1.417964e+00  1.910794e-03
 1.418963e+00  1.925799e-03
 1.419962e+00  1.940758e-03
 1.420962e+00  1.955531e-03
 1.421961e+00  1.969999e-03
 1.422960e+00  1.984063e-03
 1.423959e+00  1.997703e-03
 1.424959e+00  2.010911e-03
 1.425958e+00  2.023674e-03
 1.426957e+00  2.036015e-03
 1.427956e+00  2.047990e-03
 1.428956e+00  2.059708e-03
 1.429955e+00  2.071282e-03
 1.430954e+00  2.082820e-03
 1.431953e+00  2.094432e-03
 1.432953e+00  2.106207e-03
 1.433952e+00  2.118263e-03
 1.434951e+00  2.130797e-03
 1.435950e+00  2.143720e-03
 1.436950e+00  2.156949e-03
 1.437949e+00  2.170381e-03
 1.438948e+00  2.183856e-03
 1.439947e+00  2.197279e-03
 1.440947e+00  2.210568e-03
 1.441946e+00  2.223662e-03
 1.442945e+00  2.236529e-03
 1.443944e+00  2.249163e-03
 1.444944e+00  2.261583e-03
 1.445943e+00  2.273804e-03
 1.446942e+00  2.285839e-03
 1.447941e+00  2.297734e-03
 1.448940e+00  2.309546e-03
 1.449940e+00  2.321329e-03
 1.450939e+00  2.333121e-03
 1.451938e+00  2.344952e-03
 1.452937e+00  2.356839e-03
 1.453937e+00  2.368795e-03
 1.454936e+00  2.380820e-03
 1.455935e+00  2.392911e-03
 1.456934e+00  2.405062e-03
 1.457934e+00  2.417250e-03
 1.458933e+00  2.429358e-03
 1.459932e+00  2.441427e-03
 1.460931e+00  2.453509e-03
 1.461931e+00  2.465618e-03
 1.462930e+00  2.477750e-03
 1.463929e+00  2.489960e-03
 1.464928e+00  2.502238e-03
 1.465928e+00  2.514577e-03
 1.466927e+00  2.526969e-03
 1.467926e+00  2.539402e-03
 1.468925e+00  2.551858e-03
 1.469925e+00  2.564311e-03
 1.470924e+00  2.576732e-03
 1.471923e+00  2.589093e-03
 1.472922e+00  2.601383e-03
 1.473922e+00  2.613574e-03
 1.474921e+00  2.625636e-03
 1.475920e+00  2.637543e-03
 1.476919e+00  2.649277e-03
 1.477919e+00  2.660825e-03
 1.478918e+00  2.672179e-03
 1.479917e+00  2.683346e-03
 1.480916e+00  2.694326e-03
 1.481916e+00  2.705107e-03
 1.482915e+00  2.715667e-03
 1.483914e+00  2.726083e-03
 1.484913e+00  2.737598e-03
 1.485913e+00  2.749649e-03
 1.486912e+00  2.761730e-03
 1.487911e+00  2.773789e-03
 1.488910e+00  2.786076e-03
 1.489910e+00  2.798816e-03
 1.490909e+00  2.812126e-03
 1.491908e+00  2.825781e-03
 1.492907e+00  2.839598e-03
 1.493907e+00  2.853419e-03
 1.494906e+00  2.867155e-03
 1.495905e+00  2.880770e-03
 1.496904e+00  2.893992e-03
 1.497904e+00  2.906695e-03
 1.498903e+00  2.918847e-03
 1.499902e+00  2.930468e-03
 1.500901e+00  2.941619e-03
 1.501901e+00  2.952383e-03
 1.502900e+00  2.962867e-03
 1.503899e+00  2.973149e-03
 1.504898e+00  2.983306e-03
 1.505898e+00  2.993413e-03
 1.506897e+00  3.003563e-03
 1.507896e+00  3.013799e-03
 1.508895e+00  3.024150e-03
 1.509895e+00  3.034642e-03
 1.510894e+00  3.045023e-03
 1.511893e+00  3.048362e-03
 1.512892e+00  3.050321e-03
 1.513892e+00  3.051831e-03
 1.514891e+00  3.052980e-03
 1.515890e+00  3.053250e-03
 1.516889e+00  3.052261e-03
 1.517889e+00  3.049692e-03
 1.518888e+00  3.045273e-03
 1.519887e+00  3.039154e-03
 1.520886e+00  3.031483e-03
 1.521886e+00  3.022374e-03
 1.522885e+00  3.011913e-03
 1.523884e+00  3.000173e-03
 1.524883e+00  2.986757e-03
 1.525883e+00  2.971803e-03
 1.526882e+00  2.955760e-03
 1.527881e+00  2.938683e-03
 1.528880e+00  2.920755e-03
 1.529880e+00  2.902264e-03
 1.530879e+00  2.883367e-03
 1.531878e+00  2.864160e-03
 1.532877e+00  2.844697e-03
 1.533877e+00  2.824990e-03
 1.534876e+00  2.804999e-03
 1.535875e+00  2.784659e-03
 1.536874e+00  2.763895e-03
 1.537874e+00  2.743905e-03
 1.538873e+00  2.726303e-03
 1.539872e+00  2.708691e-03
 1.540871e+00  2.689376e-03
 1.541871e+00  2.668879e-03
 1.542870e+00  2.647753e-03
 1.543869e+00  2.626306e-03
 1.544868e+00  2.604772e-03
 1.545868e+00  2.583225e-03
 1.546867e+00  2.561574e-03
 1.547866e+00  2.539779e-03
 1.548865e+00  2.517809e-03
 1.549865e+00  2.495720e-03
 1.550864e+00  2.473545e-03
 1.551863e+00  2.451290e-03
 1.552862e+00  2.428995e-03
 1.553861e+00  2.406688e-03
 1.554861e+00  2.384426e-03
 1.555860e+00  2.362584e-03
 1.556859e+00  2.340941e-03
 1.557858e+00  2.319290e-03
 1.558858e+00  2.297621e-03
 1.559857e+00  2.275975e-03
 1.560856e+00  2.254395e-03
 1.561855e+00  2.232913e-03
 1.562855e+00  2.211552e-03
 1.563854e+00  2.190296e-03
 1.564853e+00  2.169125e-03
 1.565852e+00  2.148030e-03
 1.566852e+00  2.126990e-03
 1.567851e+00  2.105985e-03
 1.568850e+00  2.084994e-03
 1.569849e+00  2.064006e-03
 1.570849e+00  2.043014e-03
 1.571848e+00  2.022012e-03
 1.572847e+00  2.001003e-03
 1.573846e+00  1.979864e-03
 1.574846e+00  1.956723e-03
 1.575845e+00  1.933253e-03
 1.576844e+00  1.909605e-03
 1.577843e+00  1.885711e-03
 1.578843e+00  1.861504e-03
 1.579842e+00  1.836930e-03
 1.580841e+00  1.811946e-03
 1.581840e+00  1.786520e-03
 1.582840e+00  1.760626e-03
 1.583839e+00  1.734254e-03
 1.584838e+00  1.707408e-03
 1.585837e+00  1.680106e-03
 1.586837e+00  1.652380e-03
 1.587836e+00  1.624275e-03
 1.588835e+00  1.595850e-03
 1.589834e+00  1.567128e-03
 1.590834e+00  1.538136e-03
 1.591833e+00  1.508901e-03
 1.592832e+00  1.479446e-03
 1.593831e+00  1.449787e-03
 1.594831e+00  1.419939e-03
 1.595830e+00  1.389912e-03
 1.596829e+00  1.359697e-03
 1.597828e+00  1.329253e-03
 1.598828e+00  1.298534e-03
 1.599827e+00  1.267506e-03
 1.600826e+00  1.236142e-03
 1.601825e+00  1.204423e-03
 1.602825e+00  1.172334e-03
 1.603824e+00  1.139863e-03
 1.604823e+00  1.107014e-03
 1.605822e+00  1.073793e-03
 1.606822e+00  1.040367e-03
 1.607821e+00  1.006879e-03
 1.608820e+00  9.732380e-04
 1.609819e+00  9.393256e-04
 1.610819e+00  9.050148e-04
 1.611818e+00  8.701846e-04
 1.612817e+00  8.347325e-04
 1.613816e+00  7.985834e-04
 1.614816e+00  7.616937e-04
 1.615815e+00  7.240419e-04
 1.616814e+00  6.856228e-04
 1.617813e+00  6.464436e-04
 1.618813e+00  6.065181e-04
 1.619812e+00  5.658635e-04
 1.620811e+00  5.244977e-04
 1.621810e+00  4.824385e-04
 1.622810e+00  4.397038e-04
 1.623809e+00  3.963127e-04
 1.624808e+00  3.522867e-04
 1.625807e+00  3.075784e-04
 1.626807e+00  2.606545e-04
 1.627806e+00  2.113366e-04
 1.628805e+00  1.600053e-04
 1.629804e+00  1.067301e-04
 1.630804e+00  5.339204e-05
 1.631803e+00  8.742833e-07
 1.632802e+00 -5.267637e-05
 1.633801e+00 -1.058920e-04
 1.634801e+00 -1.581578e-04
 1.635800e+00 -2.095351e-04
 1.636799e+00 -2.593333e-04
 1.637798e+00 -3.071553e-04
 1.638798e+00 -3.528978e-04
 1.639797e+00 -3.973277e-04
 1.640796e+00 -4.405887e-04
 1.641795e+00 -4.828029e-04
 1.642795e+00 -5.239946e-04
 1.643794e+00 -5.641841e-04
 1.644793e+00 -6.033766e-04
 1.645792e+00 -6.414635e-04
 1.646792e+00 -6.781100e-04
 1.647791e+00 -7.130096e-04
 1.648790e+00 -7.461085e-04
 1.649789e+00 -7.773468e-04
 1.650789e+00 -8.066295e-04
 1.651788e+00 -8.342500e-04
 1.652787e+00 -8.602448e-04
 1.653786e+00 -8.846097e-04
 1.654786e+00 -9.072454e-04
 1.655785e+00 -9.278930e-04
 1.656784e+00 -9.467858e-04
 1.657783e+00 -9.639864e-04
 1.658782e+00 -9.795394e-04
 1.659782e+00 -9.935186e-04
 1.660781e+00 -1.005974e-03
 1.661780e+00 -1.016905e-03
 1.662779e+00 -1.026514e-03
 1.663779e+00 -1.036516e-03
 1.664778e+00 -1.047241e-03
 1.665777e+00 -1.057506e-03
 1.666776e+00 -1.066697e-03
 1.667776e+00 -1.074969e-03
 1.668775e+00 -1.082321e-03
 1.669774e+00 -1.088759e-03
 1.670773e+00 -1.094427e-03
 1.671773e+00 -1.099421e-03
 1.672772e+00 -1.103904e-03
 1.673771e+00 -1.107961e-03
 1.674770e+00 -1.111561e-03
 1.675770e+00 -1.114677e-03
 1.676769e+00 -1.117489e-03
 1.677768e+00 -1.124447e-03
 1.678767e+00 -1.132057e-03
 1.679767e+00 -1.138134e-03
 1.680766e+00 -1.142140e-03
 1.681765e+00 -1.145299e-03
 1.682764e+00 -1.148509e-03
 1.683764e+00 -1.152190e-03
 1.684763e+00 -1.156305e-03
 1.685762e+00 -1.160802e-03
 1.686761e+00 -1.165713e-03
 1.687761e+00 -1.171048e-03
 1.688760e+00 -1.176838e-03
 1.689759e+00 -1.183043e-03
 1.690758e+00 -1.189426e-03
 1.691758e+00 -1.195834e-03
 1.692757e+00 -1.202159e-03
 1.693756e+00 -1.208310e-03
 1.694755e+00 -1.214173e-03
 1.695755e+00 -1.219657e-03
 1.696754e+00 -1.224720e-03
 1.697753e+00 -1.229368e-03
 1.698752e+00 -1.233632e-03
 1.699752e+00 -1.237593e-03
 1.700751e+00 -1.241326e-03
 1.701750e+00 -1.244891e-03
 1.702749e+00 -1.248358e-03
 1.703749e+00 -1.251798e-03
 1.704748e+00 -1.255282e-03
 1.705747e+00 -1.258887e-03
 1.706746e+00 -1.262665e-03
 1.707746e+00 -1.266652e-03
 1.708745e+00 -1.270866e-03
 1.709744e+00 -1.275315e-03
 1.710743e+00 -1.279992e-03
 1.711743e+00 -1.284878e-03
 1.712742e+00 -1.289947e-03
 1.713741e+00 -1.295161e-03
 1.714740e+00 -1.300480e-03
 1.715740e+00 -1.305857e-03
 1.716739e+00 -1.311248e-03
 1.717738e+00 -1.316610e-03
 1.718737e+00 -1.321906e-03
 1.719737e+00 -1.327104e-03
 1.720736e+00 -1.332182e-03
 1.721735e+00 -1.337125e-03
 1.722734e+00 -1.341878e-03
 1.723734e+00 -1.346460e-03
 1.724733e+00 -1.350925e-03
 1.725732e+00 -1.355289e-03
 1.726731e+00 -1.359583e-03
 1.727731e+00 -1.363828e-03
 1.728730e+00 -1.368041e-03
 1.729729e+00 -1.372242e-03
 1.730728e+00 -1.376457e-03
 1.731728e+00 -1.380709e-03
 1.732727e+00 -1.385025e-03
 1.733726e+00 -1.389421e-03
 1.734725e+00 -1.393913e-03
 1.735725e+00 -1.398501e-03
 1.736724e+00 -1.403176e-03
 1.737723e+00 -1.407913e-03
 1.738722e+00 -1.412684e-03
 1.739722e+00 -1.417456e-03
 1.740721e+00 -1.422193e-03
 1.741720e+00 -1.426862e-03
 1.742719e+00 -1.431432e-03
 1.743719e+00 -1.435876e-03
 1.744718e+00 -1.440173e-03
 1.745717e+00 -1.444308e-03
 1.746716e+00 -1.448271e-03
 1.747716e+00 -1.452056e-03
 1.748715e+00 -1.455662e-03
 1.749714e+00 -1.459198e-03
 1.750713e+00 -1.463551e-03
 1.751713e+00 -1.468143e-03
 1.752712e+00 -1.472735e-03
 1.753711e+00 -1.477334e-03
 1.754710e+00 -1.482084e-03
 1.755710e+00 -1.487110e-03
 1.756709e+00 -1.492454e-03
 1.757708e+00 -1.498078e-03
 1.758707e+00 -1.503883e-03
 1.759707e+00 -1.509747e-03
 1.760706e+00 -1.515541e-03
 1.761705e+00 -1.521132e-03
 1.762704e+00 -1.525010e-03
 1.763704e+00 -1.524495e-03
 1.764703e+00 -1.522982e-03
 1.765702e+00 -1.520450e-03
 1.766701e+00 -1.516742e-03
 1.767700e+00 -1.511653e-03
 1.768700e+00 -1.505374e-03
 1.769699e+00 -1.497969e-03
 1.770698e+00 -1.489417e-03
 1.771697e+00 -1.479683e-03
 1.772697e+00 -1.468779e-03
 1.773696e+00 -1.456843e-03
 1.774695e+00 -1.443942e-03
 1.775694e+00 -1.430060e-03
 1.776694e+00 -1.415210e-03
 1.777693e+00 -1.399421e-03
 1.778692e+00 -1.382713e-03
 1.779691e+00 -1.365030e-03
 1.780691e+00 -1.346513e-03
 1.781690e+00 -1.327237e-03
 1.782689e+00 -1.307226e-03
 1.783688e+00 -1.286482e-03
 1.784688e+00 -1.265001e-03
 1.785687e+00 -1.242910e-03
 1.786686e+00 -1.220768e-03
 1.787685e+00 -1.198414e-03
 1.788685e+00 -1.175695e-03
 1.789684e+00 -1.152472e-03
 1.790683e+00 -1.128653e-03
 1.791682e+00 -1.104176e-03
 1.792682e+00 -1.079002e-03
 1.793681e+00 -1.053118e-03
 1.794680e+00 -1.026538e-03
 1.795679e+00 -9.992983e-04
 1.796679e+00 -9.714722e-04
 1.797678e+00 -9.432273e-04
 1.798677e+00 -9.147015e-04
 1.799676e+00 -8.859997e-04
 1.800676e+00 -8.571454e-04
 1.801675e+00 -8.281741e-04
 1.802674e+00 -7.991337e-04
 1.803673e+00 -7.700365e-04
 1.804673e+00 -7.408959e-04
 1.805672e+00 -7.117175e-04
 1.806671e+00 -6.824905e-04
 1.807670e+00 -6.531937e-04
 1.808670e+00 -6.238039e-04
 1.809669e+00 -5.943013e-04
 1.810668e+00 -5.646719e-04
 1.811667e+00 -5.349074e-04
 1.812667e+00 -5.050044e-04
 1.813666e+00 -4.749624e-04
 1.814665e+00 -4.447803e-04
 1.815664e+00 -4.144537e-04
 1.816664e+00 -3.839775e-04
 1.817663e+00 -3.533506e-04
 1.818662e+00 -3.225759e-04
 1.819661e+00 -2.916602e-04
 1.820661e+00 -2.606133e-04
 1.821660e+00 -2.294465e-04
 1.822659e+00 -1.981724e-04
 1.823658e+00 -1.668035e-04
 1.824658e+00 -1.353515e-04
 1.825657e+00 -1.038263e-04
 1.826656e+00 -7.223506e-05
 1.827655e+00 -4.040433e-05
 1.828655e+00 -6.602457e-06
 1.829654e+00  2.908758e-05
 1.830653e+00  6.614306e-05
 1.831652e+00  1.041778e-04
 1.832652e+00  1.428691e-04
 1.833651e+00  1.813862e-04
 1.834650e+00  2.195017e-04
 1.835649e+00  2.576775e-04
 1.836649e+00  2.943572e-04
 1.837648e+00  3.265511e-04
 1.838647e+00  3.569403e-04
 1.839646e+00  3.870608e-04
 1.840646e+00  4.171439e-04
 1.841645e+00  4.454777e-04
 1.842644e+00  4.722036e-04
 1.843643e+00  4.973072e-04
 1.844643e+00  5.206480e-04
 1.845642e+00  5.425581e-04
 1.846641e+00  5.631761e-04
 1.847640e+00  5.825556e-04
 1.848640e+00  6.009743e-04
 1.849639e+00  6.194492e-04
 1.850638e+00  6.364018e-04
 1.851637e+00  6.515567e-04
 1.852637e+00  6.650642e-04
 1.853636e+00  6.770991e-04
 1.854635e+00  6.877005e-04
 1.855634e+00  6.970229e-04
 1.856634e+00  7.051479e-04
 1.857633e+00  7.117280e-04
 1.858632e+00  7.166713e-04
 1.859631e+00  7.201019e-04
 1.860631e+00  7.220583e-04
 1.861630e+00  7.225582e-04
 1.862629e+00  7.216172e-04
 1.863628e+00  7.192505e-04
 1.864628e+00  7.153585e-04
 1.865627e+00  7.104502e-04
 1.866626e+00  7.059450e-04
 1.867625e+00  7.013442e-04
 1.868625e+00  6.958874e-04
 1.869624e+00  6.891777e-04
 1.870623e+00  6.812481e-04
 1.871622e+00  6.721337e-04
 1.872621e+00  6.618264e-04
 1.873621e+00  6.503295e-04
 1.874620e+00  6.377222e-04
 1.875619e+00  6.242037e-04
 1.876618e+00  6.121334e-04
 1.877618e+00  6.029456e-04
 1.878617e+00  5.937210e-04
 1.879616e+00  5.833301e-04
 1.880615e+00  5.727113e-04
 1.881615e+00  5.622743e-04
 1.882614e+00  5.522180e-04
 1.883613e+00  5.428299e-04
 1.884612e+00  5.340259e-04
 1.885612e+00  5.256015e-04
 1.886611e+00  5.173249e-04
 1.887610e+00  5.090162e-04
 1.888609e+00  5.006348e-04
 1.889609e+00  4.921147e-04
 1.890608e+00  4.833580e-04
 1.891607e+00  4.743894e-04
 1.892606e+00  4.652505e-04
 1.893606e+00  4.560440e-04
 1.894605e+00  4.467767e-04
 1.895604e+00  4.374529e-04
 1.896603e+00  4.280953e-04
 1.897603e+00  4.187381e-04
 1.898602e+00  4.094074e-04
 1.899601e+00  4.001174e-04
 1.900600e+00  3.908792e-04
 1.901600e+00  3.817045e-04
 1.902599e+00  3.725898e-04
 1.903598e+00  3.635675e-04
 1.904597e+00  3.546585e-04
 1.905597e+00  3.458746e-04
 1.906596e+00  3.372206e-04
 1.907595e+00  3.286932e-04
 1.908594e+00  3.202819e-04
 1.909594e+00  3.119888e-04
 1.910593e+00  3.037621e-04
 1.911592e+00  2.955619e-04
 1.912591e+00  2.873546e-04
 1.913591e+00  2.791043e-04
 1.914590e+00  2.707751e-04
 1.915589e+00  2.623361e-04
 1.916588e+00  2.537657e-04
 1.917588e+00  2.450532e-04
 1.918587e+00  2.361989e-04
 1.919586e+00  2.272157e-04
 1.920585e+00  2.181192e-04
 1.921585e+00  2.089310e-04
 1.922584e+00  1.996797e-04
 1.923583e+00  1.903934e-04
 1.924582e+00  1.810986e-04
 1.925582e+00  1.718189e-04
 1.926581e+00  1.625742e-04
 1.927580e+00  1.533800e-04
 1.928579e+00  1.442472e-04
 1.929579e+00  1.351823e-04
 1.930578e+00  1.261995e-04
 1.931577e+00  1.173376e-04
 1.932576e+00  1.086117e-04
 1.933576e+00  1.000022e-04
 1.934575e+00  9.212698e-05
 1.935574e+00  8.646439e-05
 1.936573e+00  8.120742e-05
 1.937573e+00  7.729199e-05
 1.938572e+00  7.447671e-05
 1.939571e+00  7.244503e-05
 1.940570e+00  7.106385e-05
 1.941570e+00  7.019017e-05
 1.942569e+00  6.962170e-05
 1.943568e+00  6.913896e-05
 1.944567e+00  6.859106e-05
 1.945567e+00  6.793969e-05
 1.946566e+00  6.638228e-05
 1.947565e+00  6.374487e-05
 1.948564e+00  5.990788e-05
 1.949564e+00  5.509781e-05
 1.950563e+00  4.882843e-05
 1.951562e+00  3.725285e-05
 1.952561e+00  2.495360e-05
 1.953561e+00  1.342148e-05
 1.954560e+00  1.901102e-06
 1.955559e+00 -9.393412e-06
 1.956558e+00 -2.039891e-05
 1.957558e+00 -3.087652e-05
 1.958557e+00 -4.055609e-05
 1.959556e+00 -4.927519e-05
 1.960555e+00 -5.697112e-05
 1.961555e+00 -6.367096e-05
 1.962554e+00 -6.977003e-05
 1.963553e+00 -7.526255e-05
 1.964552e+00 -8.035206e-05
 1.965552e+00 -8.526682e-05
 1.966551e+00 -9.008377e-05
 1.967550e+00 -9.481812e-05
 1.968549e+00 -9.942513e-05
 1.969549e+00 -1.039019e-04
 1.970548e+00 -1.082825e-04
 1.971547e+00 -1.124931e-04
 1.972546e+00 -1.163618e-04
 1.973546e+00 -1.197342e-04
 1.974545e+00 -1.225800e-04
 1.975544e+00 -1.250547e-04
 1.976543e+00 -1.269726e-04
 1.977543e+00 -1.283548e-04
 1.978542e+00 -1.298172e-04
 1.979541e+00 -1.316175e-04
 1.980540e+00 -1.335597e-04
 1.981539e+00 -1.355775e-04
 1.982539e+00 -1.374889e-04
 1.983538e+00 -1.390017e-04
 1.984537e+00 -1.401352e-04
 1.985536e+00 -1.408187e-04
 1.986536e+00 -1.409096e-04
 1.987535e+00 -1.403859e-04
 1.988534e+00 -1.392876e-04
 1.989533e+00 -1.376776e-04
 1.990533e+00 -1.356136e-04
 1.991532e+00 -1.332235e-04
 1.992531e+00 -1.306819e-04
 1.993530e+00 -1.281335e-04
 1.994530e+00 -1.256780e-04
 1.995529e+00 -1.234107e-04
 1.996528e+00 -1.214194e-04
 1.997527e+00 -1.197690e-04
 1.998527e+00 -1.184887e-04
 1.999526e+00 -1.176140e-04
